oID	descriptor	value	sigma
311	INTENSITY/STRENGTH	0.09106909856200218	0.5073569374425071
1060	INTENSITY/STRENGTH	0.28702689707279205	0.5570816653115409
4133	INTENSITY/STRENGTH	0.3718815701348441	0.6266809191022601
6184	INTENSITY/STRENGTH	0.540660730430058	0.6524785671915326
7127	INTENSITY/STRENGTH	0.3724851437977382	0.5764813763754708
7144	INTENSITY/STRENGTH	0.26976429564612253	0.5436221446309771
7593	INTENSITY/STRENGTH	0.33872585211481365	0.6312839303697858
7601	INTENSITY/STRENGTH	0.22898933717182704	0.640621542930603
7768	INTENSITY/STRENGTH	0.4762322349207742	0.592583315713065
7991	INTENSITY/STRENGTH	0.5761478543281555	0.6526635118893215
8007	INTENSITY/STRENGTH	0.14295851758548192	0.5364688294274467
8452	INTENSITY/STRENGTH	0.4391361432416098	0.5862598078591483
9261	INTENSITY/STRENGTH	0.16610751620360784	0.4885875880718231
10430	INTENSITY/STRENGTH	0.3485931583813259	0.5882654956408909
10722	INTENSITY/STRENGTH	0.5685128484453473	0.6399009908948626
10895	INTENSITY/STRENGTH	0.3411029747554234	0.635872483253479
12097	INTENSITY/STRENGTH	0.4656042754650116	0.5868715473583767
12178	INTENSITY/STRENGTH	0.5131145673138755	0.6770766292299543
12206	INTENSITY/STRENGTH	0.3986886612006596	0.63997163942882
12327	INTENSITY/STRENGTH	0.1279404695544924	0.5478495103972298
14228	INTENSITY/STRENGTH	0.17205268570355006	0.5771488121577671
24197	INTENSITY/STRENGTH	0.3131411692925862	0.6300501908574786
24473	INTENSITY/STRENGTH	0.42813355582101004	0.6575748409543719
31234	INTENSITY/STRENGTH	0.510012937443597	0.7496850916317531
61024	INTENSITY/STRENGTH	0.15655794207538878	0.5636159437043327
61204	INTENSITY/STRENGTH	0.4551667060170855	0.5540829641478402
61386	INTENSITY/STRENGTH	0.13433338488851274	0.5666430847985404
61641	INTENSITY/STRENGTH	0.39965970175606863	0.6608465484210423
61771	INTENSITY/STRENGTH	0.5130645036697388	0.7016273651804242
98330	INTENSITY/STRENGTH	0.4918377229145595	0.611950295312064
444539	INTENSITY/STRENGTH	0.3723502627440861	0.6860870974404472
637563	INTENSITY/STRENGTH	0.38309939418520245	0.6024288364819118
637776	INTENSITY/STRENGTH	0.3990241416863033	0.6154666372707912
638024	INTENSITY/STRENGTH	0.16821602093321936	0.516288161277771
641256	INTENSITY/STRENGTH	0.3383612505027226	0.6218104362487793
5367706	INTENSITY/STRENGTH	0.38585679871695383	0.7340119395937238
5950	INTENSITY/STRENGTH	0.12673209075416839	0.5061646061284202
7361	INTENSITY/STRENGTH	0.18966194348675863	0.5395291192190987
145742	INTENSITY/STRENGTH	0.34026941657066345	0.5604331919125148
165675	INTENSITY/STRENGTH	0.36465443883623394	0.6178029775619507
311	VALENCE/PLEASANTNESS	0.4249485305377415	0.5650950840541294
1060	VALENCE/PLEASANTNESS	0.43872612714767456	0.5646472913878304
4133	VALENCE/PLEASANTNESS	0.5291048756667546	0.6481678485870361
6184	VALENCE/PLEASANTNESS	0.38900151423045565	0.6076467548097882
7127	VALENCE/PLEASANTNESS	0.6155602591378349	0.6140866790499006
7144	VALENCE/PLEASANTNESS	0.5402186002050128	0.5997275454657418
7593	VALENCE/PLEASANTNESS	0.3677441690649305	0.6238283770424979
7601	VALENCE/PLEASANTNESS	0.5035536757537297	0.6260202186448234
7768	VALENCE/PLEASANTNESS	0.3830742197377341	0.6070732048579625
7991	VALENCE/PLEASANTNESS	0.14007514608757837	0.500699371099472
8007	VALENCE/PLEASANTNESS	0.39729363151959013	0.5281288964407784
8452	VALENCE/PLEASANTNESS	0.4182484745979309	0.6152044534683228
9261	VALENCE/PLEASANTNESS	0.48519828489848543	0.5632723569869995
10430	VALENCE/PLEASANTNESS	0.40324947237968445	0.567337623664311
10722	VALENCE/PLEASANTNESS	0.5645663653101239	0.6595806053706578
10895	VALENCE/PLEASANTNESS	0.5968388574463981	0.6443864447729928
12097	VALENCE/PLEASANTNESS	0.5101847563471112	0.6298612867082868
12178	VALENCE/PLEASANTNESS	0.38975014856883455	0.6768776944705418
12206	VALENCE/PLEASANTNESS	0.5884238396372113	0.6408064705984933
12327	VALENCE/PLEASANTNESS	0.5485842738832746	0.5821346299988883
14228	VALENCE/PLEASANTNESS	0.4972101151943207	0.5851171612739563
24197	VALENCE/PLEASANTNESS	0.5135478547641209	0.6265654138156346
24473	VALENCE/PLEASANTNESS	0.49123316577502657	0.6733462640217373
31234	VALENCE/PLEASANTNESS	0.48713663646153044	0.7144770196505955
61024	VALENCE/PLEASANTNESS	0.543841941016061	0.5910425952502659
61204	VALENCE/PLEASANTNESS	0.520170441695622	0.5741680605070931
61386	VALENCE/PLEASANTNESS	0.489374646118709	0.5585815395627703
61641	VALENCE/PLEASANTNESS	0.33296760065214975	0.6129482643944877
61771	VALENCE/PLEASANTNESS	0.4917272755077907	0.6792304515838623
98330	VALENCE/PLEASANTNESS	0.2894047881875719	0.6211606349263873
444539	VALENCE/PLEASANTNESS	0.4936696801866804	0.7171401807240078
637563	VALENCE/PLEASANTNESS	0.5821222577776227	0.6169806037630353
637776	VALENCE/PLEASANTNESS	0.6371705446924482	0.6298262476921082
638024	VALENCE/PLEASANTNESS	0.5861469422067914	0.5639262965747288
641256	VALENCE/PLEASANTNESS	0.4535165471690042	0.5996866055897304
5367706	VALENCE/PLEASANTNESS	0.46131021635872976	0.6941752518926348
5950	VALENCE/PLEASANTNESS	0.4679408073425293	0.5570041877882821
7361	VALENCE/PLEASANTNESS	0.54388541834695	0.5832127332687378
145742	VALENCE/PLEASANTNESS	0.45108263407434734	0.611229019505637
165675	VALENCE/PLEASANTNESS	0.5617401940482003	0.7102442298616681
311	BAKERY	0.0708836205303669	0.32396154744284494
1060	BAKERY	0.15075275834117616	0.4249723766531263
4133	BAKERY	0.05615720871303763	0.25969947448798586
6184	BAKERY	0.03389349499983447	0.18838341108390264
7127	BAKERY	0.1443153034363474	0.4600124572004591
7144	BAKERY	0.12147732611213412	0.39786607027053833
7593	BAKERY	0.033820848912000656	0.26392093513693127
7601	BAKERY	0.03949361055025032	0.22425288813454763
7768	BAKERY	0.061681062781385014	0.2868988939693996
7991	BAKERY	-0.011238683547292436	0.10588312574795314
8007	BAKERY	0.04576794882970197	0.2459837794303894
8452	BAKERY	0.038632511028221676	0.24161534224237716
9261	BAKERY	0.11187671337808881	0.37987217732838224
10430	BAKERY	0.055104179573910575	0.24901297901357924
10722	BAKERY	0.16184805014303752	0.40559364216668264
10895	BAKERY	0.05936627023454223	0.32326519063540865
12097	BAKERY	0.2407142562525613	0.5448200532368251
12178	BAKERY	0.01627119098390852	0.14965839577572687
12206	BAKERY	0.06567393296531268	0.3234893019710268
12327	BAKERY	0.03817199037543365	0.2522598249571664
14228	BAKERY	0.04210963752120733	0.2156325195516859
24197	BAKERY	0.10286668475185122	0.3844845082078661
24473	BAKERY	0.02038950739162309	0.21490189220224107
31234	BAKERY	0.07090592065027781	0.27034746749060495
61024	BAKERY	0.04104108017470155	0.25683226117065977
61204	BAKERY	0.08448199395622526	0.37198405606406076
61386	BAKERY	0.032688123040965626	0.20077141693660192
61641	BAKERY	0.02782937272318772	0.2806693890265056
61771	BAKERY	0.012582315664206232	0.20033134520053864
98330	BAKERY	0.10552165018660682	0.44519175376210895
444539	BAKERY	0.06864270621112414	0.29216731446129934
637563	BAKERY	0.1561254539660045	0.4468607263905661
637776	BAKERY	0.15721386458192552	0.49675241112709045
638024	BAKERY	0.10914130189589091	0.36583792737552095
641256	BAKERY	0.05029707761215312	0.2286413801567895
5367706	BAKERY	-0.002697777801326343	0.12383011728525162
5950	BAKERY	0.09003696697098869	0.34105144654001507
7361	BAKERY	0.1324049553700856	0.39406220402036396
145742	BAKERY	0.15807183725493296	0.4648579614503043
165675	BAKERY	-0.00810386533183711	0.21121084690093994
311	SWEET	0.08139289383377347	0.37386817591530935
1060	SWEET	0.14441140741109848	0.4561585656234196
4133	SWEET	0.23586995048182352	0.6313400779451642
6184	SWEET	0.137980440897601	0.44465652108192444
7127	SWEET	0.2657746225595474	0.5833860550607953
7144	SWEET	0.20776520456586564	0.5177249227251325
7593	SWEET	0.12055825229201998	0.46540419118744986
7601	SWEET	0.1976441549403327	0.5927105929170337
7768	SWEET	0.1068665970649038	0.4053767110620226
7991	SWEET	-0.0019390513854367392	0.24648725347859518
8007	SWEET	0.07595425471663475	0.34529127393450054
8452	SWEET	0.12076850980520248	0.42146189723696026
9261	SWEET	0.14606096595525742	0.4494546481541225
10430	SWEET	0.12677660903760365	0.4272076572690691
10722	SWEET	0.3512805828026363	0.6971372195652553
10895	SWEET	0.38958676372255596	0.76071811573846
12097	SWEET	0.24334818976266043	0.5855537397520882
12178	SWEET	0.11264472295131002	0.45534902811050415
12206	SWEET	0.40117462618010385	0.7540063517434257
12327	SWEET	0.20761681667396	0.5644923278263637
14228	SWEET	0.1635535763842719	0.4879548507077353
24197	SWEET	0.2487542586667197	0.6219572765486581
24473	SWEET	0.1267281664269311	0.4533891975879669
31234	SWEET	0.2284363274063383	0.6588249036243984
61024	SWEET	0.22047517129353114	0.5752842000552586
61204	SWEET	0.23803997252668654	0.5821396112442017
61386	SWEET	0.13965896836348943	0.43647702251161846
61641	SWEET	0.14427049458026886	0.4229528818811689
61771	SWEET	0.15456830390862056	0.4791128252233778
98330	SWEET	0.05777532500880105	0.25921657255717684
444539	SWEET	0.2337434036391122	0.6125632950237819
637563	SWEET	0.2971456987517221	0.6268036110060555
637776	SWEET	0.30993286413805826	0.6312685608863831
638024	SWEET	0.25809881729739054	0.5875496992043087
641256	SWEET	0.15303741608347213	0.45320802501269747
5367706	SWEET	0.14034434407949448	0.5020973256656102
5950	SWEET	0.1174277024609702	0.42008801443236216
7361	SWEET	0.20318273987088883	0.5573389955929348
145742	SWEET	0.13954720752579824	0.47824849826948984
165675	SWEET	0.13741503123726165	0.5416695645877293
311	FRUIT	0.05651719016688211	0.09709090100867408
1060	FRUIT	0.05749807985765593	0.14336427726915904
4133	FRUIT	0.1794485832963671	0.43898087314196993
6184	FRUIT	0.12531678485018866	0.34766838380268644
7127	FRUIT	0.10544565958636147	0.25476605125835966
7144	FRUIT	0.08347247753824506	0.20739497244358063
7593	FRUIT	0.06391223253948349	0.15815162232943944
7601	FRUIT	0.025276358239352703	0.19787515699863434
7768	FRUIT	0.059764930712325234	0.1830651249204363
7991	FRUIT	0.08327696831630808	0.14833062567881175
8007	FRUIT	0.046912613191774914	0.14237836109740393
8452	FRUIT	0.07579888829163142	0.22337387927940913
9261	FRUIT	0.06428478977509908	0.14585285101618087
10430	FRUIT	0.10757478113685336	0.27351386845111847
10722	FRUIT	0.218953509415899	0.46551514523369925
10895	FRUIT	0.34745400718280245	0.5907869637012482
12097	FRUIT	0.07790887887988772	0.20763848083359854
12178	FRUIT	0.08162244409322739	0.28649994305201937
12206	FRUIT	0.36716300674847197	0.610879293509892
12327	FRUIT	0.18127947832856858	0.3699949639184134
14228	FRUIT	0.1269974336028099	0.32267249694892336
24197	FRUIT	0.20088419956820353	0.4318456011159079
24473	FRUIT	0.13530287998063223	0.31950467824935913
31234	FRUIT	0.11631689965724945	0.32821708491870333
61024	FRUIT	0.18740256130695343	0.3891818608556475
61204	FRUIT	0.1801698591027941	0.3600345424243382
61386	FRUIT	0.09615228538002286	0.24565727157252176
61641	FRUIT	0.16080430256468908	0.33868776900427683
61771	FRUIT	0.1265128425189427	0.34314289689064026
98330	FRUIT	0.03614369008157935	0.07385444481457983
444539	FRUIT	0.09351594639675957	0.28358204662799835
637563	FRUIT	0.12021966704300471	0.29567353640283855
637776	FRUIT	0.1176799333521298	0.2762111361537661
638024	FRUIT	0.1092383691242763	0.24405733389513834
641256	FRUIT	0.11930261020149503	0.280907826764243
5367706	FRUIT	0.09793792452130999	0.32319189395223347
5950	FRUIT	0.056883299191083224	0.13089553905384882
7361	FRUIT	0.09173172286578588	0.23050114725317275
145742	FRUIT	0.05596439593604633	0.12283947957413537
165675	FRUIT	0.1375041071857725	0.3069258119378771
311	FISH	0.06689676110233579	0.1913451190505709
1060	FISH	0.1267178558877536	0.27943690972668783
4133	FISH	0.0683361967759473	0.16633054401193345
6184	FISH	0.10155884495803288	0.2496218660048076
7127	FISH	0.0647777161960091	0.15036565597568238
7144	FISH	0.05364547696496759	0.1393335291317531
7593	FISH	0.19778017912592208	0.38365618671689716
7601	FISH	0.09496390207537583	0.24640046060085297
7768	FISH	0.10377426126173564	0.2455074851002012
7991	FISH	0.2092060787337167	0.4463147819042206
8007	FISH	0.1575891673564911	0.34685517634664265
8452	FISH	0.10569464841059276	0.241362207702228
9261	FISH	0.12739225157669612	0.26490931851523264
10430	FISH	0.09634449758699962	0.25940484021391186
10722	FISH	0.049086565018764565	0.14187270402908325
10895	FISH	0.04818432804729257	0.11900502762624196
12097	FISH	0.08868167602590152	0.22143216218267167
12178	FISH	0.07688616854803902	0.18738419775451934
12206	FISH	0.05492999617542539	0.13929889776876994
12327	FISH	0.06462109354989869	0.14624692712511336
14228	FISH	0.0630414251770292	0.1580212265253067
24197	FISH	0.07069983971970421	0.18680986974920546
24473	FISH	0.10058836745364326	0.27019685932568144
31234	FISH	0.11118627552475248	0.25669953652790617
61024	FISH	0.0643451139330864	0.15633188613823482
61204	FISH	0.09673138282128743	0.2010120153427124
61386	FISH	0.05675970896014145	0.15193380734750203
61641	FISH	0.2443198880978993	0.4651454772268023
61771	FISH	0.11743201954024178	0.2538665809801647
98330	FISH	0.3855734552655901	0.6470950331006732
444539	FISH	0.06555333520684924	0.1918741762638092
637563	FISH	0.044456474616059234	0.1376157786164965
637776	FISH	0.04602039472333023	0.1286670437880925
638024	FISH	0.05307959206402302	0.13631305737154825
641256	FISH	0.12029719991343361	0.2859719523361751
5367706	FISH	0.09258063084312848	0.2390905703817095
5950	FISH	0.10020165145397186	0.24433034658432007
7361	FISH	0.06312938832810946	0.17183525221688406
145742	FISH	0.0801183528133801	0.20441159393106187
165675	FISH	0.06790933970894132	0.17279147250311716
311	GARLIC	0.0535268879362515	0.3133319318294525
1060	GARLIC	0.09952880122831889	0.36196895582335337
4133	GARLIC	0.04878775482731206	0.2166521783385958
6184	GARLIC	0.07405676080712251	0.3069431611469814
7127	GARLIC	0.04819572131548609	0.24788419050829752
7144	GARLIC	0.026157825653042113	0.23428172724587576
7593	GARLIC	0.1070109238581998	0.3638646900653839
7601	GARLIC	0.05209969809012754	0.2801337646586554
7768	GARLIC	0.058916943946055005	0.27357358804770876
7991	GARLIC	0.13625065769468034	0.4648376022066389
8007	GARLIC	0.1282699853181839	0.42270882640566143
8452	GARLIC	0.06608467336211886	0.2790100702217647
9261	GARLIC	0.11883967901979174	0.39630679147584097
10430	GARLIC	0.09165290743112564	0.3457352476460593
10722	GARLIC	0.023526763543486595	0.15570916129010065
10895	GARLIC	0.03531507136566298	0.18971243713583266
12097	GARLIC	0.07206520145492894	0.30523995416504995
12178	GARLIC	0.04513341321476868	0.2364986091852188
12206	GARLIC	0.04024799806731088	0.19678855580942972
12327	GARLIC	0.058177800582987924	0.2848377227783203
14228	GARLIC	0.07679407671093941	0.3179917761257717
24197	GARLIC	0.07223065623215266	0.29497852069990976
24473	GARLIC	0.11073791235685349	0.3197289492402758
31234	GARLIC	0.06579085386225156	0.24507768877914973
61024	GARLIC	0.06487676448055676	0.28339217816080364
61204	GARLIC	0.07952241599559784	0.2683666242020471
61386	GARLIC	0.06713473424315453	0.31889703444072176
61641	GARLIC	0.2469624685389655	0.5032980442047119
61771	GARLIC	0.09433186054229736	0.2722347400018147
98330	GARLIC	0.426292427948543	0.7050732970237732
444539	GARLIC	0.08215815254620143	0.2535812535456249
637563	GARLIC	0.03659952910883086	0.2239216140338353
637776	GARLIC	0.027628041138606414	0.21287219439234054
638024	GARLIC	0.04328179359436035	0.2521343784672873
641256	GARLIC	0.10585666660751615	0.3646361955574581
5367706	GARLIC	0.08017179636018616	0.27175081414835794
5950	GARLIC	0.08724629772560936	0.3536394366196224
7361	GARLIC	0.07856847878013339	0.31801930921418325
145742	GARLIC	0.06837559757488114	0.3164521413190024
165675	GARLIC	0.057214355894497464	0.2563997826405934
311	SPICES	0.18543099931308202	0.421613837991442
1060	SPICES	0.165036712374006	0.4071075916290283
4133	SPICES	0.1641722023487091	0.4044594168663025
6184	SPICES	0.13726259342261724	0.34171523792403086
7127	SPICES	0.34481838771275114	0.5803569683006832
7144	SPICES	0.2934861438614981	0.5207633248397282
7593	SPICES	0.1423504278063774	0.3734906486102513
7601	SPICES	0.1371432457651411	0.34941150886671885
7768	SPICES	0.1476374300462859	0.37146334988730295
7991	SPICES	0.025633789066757475	0.2704519544328962
8007	SPICES	0.1370080645595278	0.36748274309294565
8452	SPICES	0.16746691933700017	0.3939275188105447
9261	SPICES	0.20867515248911722	0.4439784458705357
10430	SPICES	0.16730724275112152	0.40010422468185425
10722	SPICES	0.18688417971134186	0.4310233082090105
10895	SPICES	0.07456182954566819	0.3144100947039468
12097	SPICES	0.2382449209690094	0.4798149849687304
12178	SPICES	0.1087788428579058	0.31166505813598633
12206	SPICES	0.09274214506149292	0.3237206595284598
12327	SPICES	0.09490832686424255	0.30948854769979206
14228	SPICES	0.10641289183071681	0.31611841917037964
24197	SPICES	0.1459715153489794	0.38505942055157255
24473	SPICES	0.27008827669279917	0.5201753165040698
31234	SPICES	0.19285511119025095	0.4144401890890939
61024	SPICES	0.10042689953531538	0.31231322033064707
61204	SPICES	0.14038022394691194	0.369566125529153
61386	SPICES	0.09708653922591891	0.30205591661589487
61641	SPICES	0.16390722564288548	0.41834890842437744
61771	SPICES	0.213596910238266	0.484170492206301
98330	SPICES	0.31270115290369305	0.5827105471066066
444539	SPICES	0.2484861740044185	0.4746549725532532
637563	SPICES	0.26607127700533184	0.5030172765254974
637776	SPICES	0.34957222427640644	0.5901147254875728
638024	SPICES	0.17723738721438817	0.4243146393980299
641256	SPICES	0.1787999506507601	0.4005641043186188
5367706	SPICES	0.21100555998938425	0.4323072263172695
5950	SPICES	0.16115014042173112	0.4037238359451294
7361	SPICES	0.1946608658347811	0.4351293018886021
145742	SPICES	0.20567017793655396	0.4529409834316799
165675	SPICES	0.27610007567065104	0.5450551893029895
311	COLD	0.2101364369903292	0.4133633077144623
1060	COLD	0.1734102155481066	0.3523738554545811
4133	COLD	0.3184902710574014	0.5473955529076713
6184	COLD	0.2620885329587119	0.4733441684927259
7127	COLD	0.23139424622058868	0.4198827104909079
7144	COLD	0.24493598086493357	0.45983074818338665
7593	COLD	0.16546862253120967	0.36219683289527893
7601	COLD	0.14110191805022104	0.3357140123844147
7768	COLD	0.2951322283063616	0.4906327170985086
7991	COLD	0.10061265847512654	0.24178203727517808
8007	COLD	0.19354309354509627	0.3690591539655413
8452	COLD	0.3439123673098428	0.5199264883995056
9261	COLD	0.2110651135444641	0.3893837332725525
10430	COLD	0.19614629021712712	0.3725718983582088
10722	COLD	0.2970317942755563	0.5305039286613464
10895	COLD	0.3166654663426535	0.5307753852435521
12097	COLD	0.19221058062144689	0.3943103977612087
12178	COLD	0.37421306541987825	0.5880901047161647
12206	COLD	0.2994633274418967	0.5058198656354632
12327	COLD	0.2295689731836319	0.4256137992654528
14228	COLD	0.25229117274284363	0.4466183270726885
24197	COLD	0.22465042344161443	0.41208623562540325
24473	COLD	0.39981055685452055	0.575853203024183
31234	COLD	0.18661580766950334	0.39014880997794016
61024	COLD	0.2341712032045637	0.42943254113197327
61204	COLD	0.2002005513225283	0.3896818288734981
61386	COLD	0.24422505285058702	0.42583886214665007
61641	COLD	0.18215548992156982	0.3620611642088209
61771	COLD	0.42753454191344126	0.5938860348292759
98330	COLD	0.13107006677559443	0.30267128348350525
444539	COLD	0.24630547847066606	0.4560437159878867
637563	COLD	0.22856391966342926	0.44007869703429087
637776	COLD	0.24320331002984727	0.4421662560531071
638024	COLD	0.26722578704357147	0.45596312625067575
641256	COLD	0.21646458549158915	0.4053902413163866
5367706	COLD	0.3415619986397879	0.5500927312033517
5950	COLD	0.20840389600821904	0.39009325419153484
7361	COLD	0.2528840558869498	0.4440027262483324
145742	COLD	0.20243596392018454	0.407752309526716
165675	COLD	0.5666149769510541	0.7970380783081055
311	SOUR	0.27748245213712963	0.5321798665182931
1060	SOUR	0.3495388456753322	0.6053446871893746
4133	SOUR	0.17700240867478506	0.41521006396838595
6184	SOUR	0.3030675968953541	0.570842274597713
7127	SOUR	0.12255843835217613	0.3271347071443285
7144	SOUR	0.15576629872832978	0.3760807386466435
7593	SOUR	0.33127947790282114	0.5918738671711513
7601	SOUR	0.22419970163277217	0.4922346557889666
7768	SOUR	0.23483878586973464	0.48788278869220186
7991	SOUR	0.8384434069905963	0.9788626432418823
8007	SOUR	0.40290242433547974	0.6444422347205025
8452	SOUR	0.21899038766111648	0.46536603569984436
9261	SOUR	0.2337417879274913	0.4827216735907963
10430	SOUR	0.3599529521805899	0.5872809716633388
10722	SOUR	0.13059277832508087	0.3570677127156939
10895	SOUR	0.17294429242610931	0.4352703477655138
12097	SOUR	0.18838276181902205	0.4247655655656542
12178	SOUR	0.24895945617130824	0.4835961971964155
12206	SOUR	0.2018624288695199	0.46976807713508606
12327	SOUR	0.16968442073890141	0.4291717878409794
14228	SOUR	0.20297659507819585	0.4653620294162205
24197	SOUR	0.28119865485600065	0.5142131277493068
24473	SOUR	0.2694819910185678	0.5144674735409873
31234	SOUR	0.26840185054710936	0.4955872467585972
61024	SOUR	0.1893149252448763	0.4480873686926706
61204	SOUR	0.2046883233955928	0.42643424442836214
61386	SOUR	0.19837854163987295	0.47071107796260286
61641	SOUR	0.4585925851549421	0.7258490749767849
61771	SOUR	0.19365437115941728	0.45086645228522165
98330	SOUR	0.3767622113227844	0.6788961887359619
444539	SOUR	0.2514689436980656	0.49724062425749643
637563	SOUR	0.14792425079005106	0.3473754950932094
637776	SOUR	0.11607971361705235	0.31093429241861614
638024	SOUR	0.1653361309851919	0.3830938126359667
641256	SOUR	0.3194120568888528	0.5605667999812535
5367706	SOUR	0.2413710504770279	0.5091196852070945
5950	SOUR	0.3532983830996922	0.6060064605304173
7361	SOUR	0.1780253563608442	0.41092664854867117
145742	SOUR	0.23223961889743805	0.5063844876629966
165675	SOUR	0.11165366587894303	0.3645560528550829
311	BURNT	0.18968255817890167	0.4493312282221658
1060	BURNT	0.20228295028209686	0.4399298003741673
4133	BURNT	0.0927063524723053	0.27094221327986034
6184	BURNT	0.14942218576158797	0.36518348114831106
7127	BURNT	0.13751023475612914	0.3753231295517513
7144	BURNT	0.17033129930496216	0.4167060894625528
7593	BURNT	0.1884507281439645	0.3897020178181784
7601	BURNT	0.13894433315311158	0.31728948439870563
7768	BURNT	0.20386474686009542	0.43815671120371136
7991	BURNT	0.1504096101437296	0.33016381519181387
8007	BURNT	0.1379883736371994	0.34169196656772066
8452	BURNT	0.15422506204673223	0.3725750744342804
9261	BURNT	0.15832628735474177	0.3752080500125885
10430	BURNT	0.12333994571651731	0.3266300175871168
10722	BURNT	0.13972425673689162	0.3196136397974832
10895	BURNT	0.08901104916419302	0.20423381669180735
12097	BURNT	0.24965793320110866	0.4995880722999573
12178	BURNT	0.12476443712200437	0.3397072085312435
12206	BURNT	0.09010755802903857	0.20526260776179178
12327	BURNT	0.12419823131390981	0.31671091488429476
14228	BURNT	0.13325908035039902	0.3520544469356537
24197	BURNT	0.120755421263831	0.3031792427812304
24473	BURNT	0.12838077225855418	0.35932321207863943
31234	BURNT	0.12157917767763138	0.29983798946653095
61024	BURNT	0.12053146639040538	0.31192340169634136
61204	BURNT	0.17251746675797872	0.3605537010090692
61386	BURNT	0.16268509307077952	0.40494838782719206
61641	BURNT	0.2024740959916796	0.42749009813581196
61771	BURNT	0.11248349398374557	0.3125042574746268
98330	BURNT	0.35253370233944487	0.6358910202980042
444539	BURNT	0.09427726375205177	0.3074526275907244
637563	BURNT	0.12955107114144734	0.34190692220415386
637776	BURNT	0.13481702442680085	0.3655701833111899
638024	BURNT	0.08642924789871488	0.2775722188608987
641256	BURNT	0.11440796511513847	0.3040455324309213
5367706	BURNT	0.10530715648617063	0.308457259620939
5950	BURNT	0.14313002782208578	0.3765989329133715
7361	BURNT	0.12292866834572383	0.33528628945350647
145742	BURNT	0.25422707412924084	0.5253292833055768
165675	BURNT	0.14517514194761003	0.3447474539279938
311	ACID	0.26517750109945026	0.4350114124161856
1060	ACID	0.22028134337493352	0.3870144954749516
4133	ACID	0.2625511203493391	0.4543538050992148
6184	ACID	0.35900385890688213	0.5402935232434954
7127	ACID	0.14558614258255279	0.347491592168808
7144	ACID	0.21679427368300302	0.42303178140095304
7593	ACID	0.1992569395474025	0.4359132136617388
7601	ACID	0.12567867764404841	0.34107737030301777
7768	ACID	0.3510699229581015	0.5309796844209943
7991	ACID	0.27935835293361116	0.45608424288885935
8007	ACID	0.2458371158157076	0.43113255500793457
8452	ACID	0.3588367061955588	0.5375373235770634
9261	ACID	0.1558558408703123	0.3384904818875449
10430	ACID	0.21702340245246887	0.36785381180899485
10722	ACID	0.25252947211265564	0.43524434311049326
10895	ACID	0.28085971730096	0.4664570263453892
12097	ACID	0.16767493316105433	0.35538558874811443
12178	ACID	0.5141413594995227	0.7368187989507403
12206	ACID	0.2598189924444471	0.43784133877073017
12327	ACID	0.14676987486226217	0.3413812220096588
14228	ACID	0.20225581101008824	0.40394249132701326
24197	ACID	0.18061470985412598	0.34194524799074444
24473	ACID	0.3236215284892491	0.5079066455364227
31234	ACID	0.15015033526079996	0.3716821457658495
61024	ACID	0.16565682419708797	0.349853583744594
61204	ACID	0.163046056670802	0.3416762224265507
61386	ACID	0.2248160583632333	0.42681796635900227
61641	ACID	0.2693694106170109	0.4641015316758837
61771	ACID	0.2998995823519571	0.49224595938410076
98330	ACID	0.21096397723470414	0.4238181327070509
444539	ACID	0.14157316301550185	0.35220073802130564
637563	ACID	0.15180169471672603	0.32986415709768024
637776	ACID	0.14779951104096004	0.343027446951185
638024	ACID	0.14063912630081177	0.30572340743882315
641256	ACID	0.19308909560952867	0.38313677481242586
5367706	ACID	0.236833250948361	0.4664847765650068
5950	ACID	0.20620876550674438	0.3673813385622842
7361	ACID	0.1741519719362259	0.33719936438969206
145742	ACID	0.22580179146357945	0.4060022873537881
165675	ACID	0.4291959319795881	0.652740444455828
311	WARM	0.3079849992479597	0.5281988254615239
1060	WARM	0.3896143564156124	0.5799051438059125
4133	WARM	0.27978597794260296	0.5014698122228894
6184	WARM	0.2953875746045794	0.5037865553583417
7127	WARM	0.41118558389799936	0.5923694627625602
7144	WARM	0.37349599599838257	0.556131797177451
7593	WARM	0.36314618587493896	0.6065132192202977
7601	WARM	0.3718475231102535	0.6196597559111459
7768	WARM	0.32084149973733084	0.532318434544972
7991	WARM	0.3690826083932604	0.6304147158350263
8007	WARM	0.25496152894837515	0.4658661356994084
8452	WARM	0.29443886450358797	0.5170910315854209
9261	WARM	0.2989238883767809	0.4820540462221418
10430	WARM	0.3034955859184265	0.5064592574323926
10722	WARM	0.39758012550217764	0.6113953760692051
10895	WARM	0.29957501377378193	0.52400655405862
12097	WARM	0.46514626485960825	0.6238052078655788
12178	WARM	0.258647871868951	0.4656261205673218
12206	WARM	0.29972884910447256	0.5213432226862226
12327	WARM	0.2943512669631413	0.4748360684939793
14228	WARM	0.2826985631670271	0.4616956966263907
24197	WARM	0.3287067285605839	0.5288509471075875
24473	WARM	0.2755967250892094	0.5084923888955798
31234	WARM	0.3968051714556558	0.619739864553724
61024	WARM	0.29426862938063486	0.4737770344529833
61204	WARM	0.41538889919008526	0.6209542410714286
61386	WARM	0.30523973277636934	0.49606180616787504
61641	WARM	0.2836297835622515	0.5275876011167254
61771	WARM	0.33099400997161865	0.550376968724387
98330	WARM	0.4326293596199581	0.692553528717586
444539	WARM	0.3659713310854776	0.5896376201084682
637563	WARM	0.3840568831988743	0.5445666228021894
637776	WARM	0.4342999756336212	0.6138688581330436
638024	WARM	0.33211158003125874	0.4910485914775303
641256	WARM	0.2777384434427534	0.48592547859464374
5367706	WARM	0.28225165605545044	0.5190814988953727
5950	WARM	0.3130257087094443	0.5120145125048501
7361	WARM	0.31570054377828327	0.4760101054395948
145742	WARM	0.4314639610903604	0.6297021763665336
165675	WARM	0.3168365572180067	0.5489976150648934
311	MUSKY	0.3045921410833086	0.54307273881776
1060	MUSKY	0.30767629614898134	0.569015622138977
4133	MUSKY	0.16556313633918762	0.3785234774862017
6184	MUSKY	0.26108299834387644	0.5052250964300973
7127	MUSKY	0.1591165597949709	0.3548762798309326
7144	MUSKY	0.1827480090515954	0.39087702546800884
7593	MUSKY	0.4215715059212276	0.6936215673174176
7601	MUSKY	0.31440942202295574	0.5612978679793221
7768	MUSKY	0.2502996836389814	0.4747274773461478
7991	MUSKY	0.7625315189361572	0.9969752601214817
8007	MUSKY	0.33768822039876667	0.5876495497567313
8452	MUSKY	0.21836388111114502	0.4276882920946394
9261	MUSKY	0.23975176896367753	0.46922419326645987
10430	MUSKY	0.31149637912000927	0.5475585630961827
10722	MUSKY	0.16090847764696395	0.3765286760670798
10895	MUSKY	0.11244603459324155	0.3019447794982365
12097	MUSKY	0.19939850057874406	0.4493836292198726
12178	MUSKY	0.20313264003821782	0.4169294961861202
12206	MUSKY	0.1294460062469755	0.3248760529926845
12327	MUSKY	0.1907043308019638	0.4267801684992654
14228	MUSKY	0.22157851500170572	0.4739057038511549
24197	MUSKY	0.21374619007110596	0.4583173819950649
24473	MUSKY	0.1773613521030971	0.38626661045210703
31234	MUSKY	0.33598832147462027	0.6218192066465106
61024	MUSKY	0.1919857199702944	0.42332395911216736
61204	MUSKY	0.2572776015315737	0.478263612304415
61386	MUSKY	0.25282956872667584	0.5113817921706608
61641	MUSKY	0.33903272449970245	0.6129758272852216
61771	MUSKY	0.1923126642193113	0.4135890432766506
98330	MUSKY	0.36754996861730305	0.6665831293378558
444539	MUSKY	0.34833318420818876	0.6194555248532977
637563	MUSKY	0.17561658578259604	0.39021600995744976
637776	MUSKY	0.14901711898190634	0.34971470066479277
638024	MUSKY	0.1961899506194251	0.4002281980855124
641256	MUSKY	0.28915300752435413	0.5448394119739532
5367706	MUSKY	0.2866427557809012	0.5649969748088292
5950	MUSKY	0.31502234084265573	0.5584641098976135
7361	MUSKY	0.18117957030023848	0.3827940949371883
145742	MUSKY	0.25796238013676237	0.5175207938466754
165675	MUSKY	0.1026906349829265	0.27893353572913576
311	SWEATY	0.18591447600296565	0.39647436141967773
1060	SWEATY	0.24537962249347142	0.45027553183691843
4133	SWEATY	0.07162164470979146	0.2031019777059555
6184	SWEATY	0.17034196853637695	0.37277240412575857
7127	SWEATY	0.023371121180909022	0.12268891079085213
7144	SWEATY	0.05453840643167496	0.17266340128013066
7593	SWEATY	0.26884534529277254	0.4692173387323107
7601	SWEATY	0.18997510096856526	0.34643090197018217
7768	SWEATY	0.14431425077574594	0.3331586718559265
7991	SWEATY	0.6354847805840629	0.9050617643765041
8007	SWEATY	0.2554918974637985	0.46753932322774616
8452	SWEATY	0.1134630675826754	0.28516316201005665
9261	SWEATY	0.14619097326483046	0.3194923869201115
10430	SWEATY	0.21405147228922164	0.4062166724886213
10722	SWEATY	0.06485176405736379	0.1840086770909173
10895	SWEATY	0.030954292310135707	0.15792628696986608
12097	SWEATY	0.10965130691017423	0.25815785782677786
12178	SWEATY	0.11552586725779943	0.2835064062050411
12206	SWEATY	0.05151299759745598	0.18356413074902125
12327	SWEATY	0.10314401452030454	0.2581088883536203
14228	SWEATY	0.1205378600529262	0.30705681443214417
24197	SWEATY	0.13380431596721923	0.31697636416980196
24473	SWEATY	0.07487809817705836	0.22946027985640935
31234	SWEATY	0.1875240675040654	0.35915408389908926
61024	SWEATY	0.10204437268631798	0.2649931992803301
61204	SWEATY	0.16344105239425386	0.31667810678482056
61386	SWEATY	0.13855475506612233	0.34205340913363863
61641	SWEATY	0.23953816507543838	0.4583907851151058
61771	SWEATY	0.07759107968636922	0.21334358836923326
98330	SWEATY	0.23428479049886977	0.5063558646610805
444539	SWEATY	0.18991305785519735	0.3737759462424687
637563	SWEATY	0.0537820037986551	0.17376498452254704
637776	SWEATY	0.013955952333552497	0.10741644033363887
638024	SWEATY	0.08491893059441022	0.22293380967208318
641256	SWEATY	0.17266326823404857	0.3769929494176592
5367706	SWEATY	0.1442919448018074	0.3114901397909437
5950	SWEATY	0.25042799540928434	0.455554336309433
7361	SWEATY	0.07890758237668447	0.22944034423146928
145742	SWEATY	0.16592894068786077	0.3626824745110103
165675	SWEATY	-0.0048025234469345635	0.10757580293076378
311	AMMONIA/URINOUS	0.2941370499985559	0.4151683747768402
1060	AMMONIA/URINOUS	0.3103596887418202	0.4836967630045755
4133	AMMONIA/URINOUS	0.26259430604321615	0.41355606062071665
6184	AMMONIA/URINOUS	0.3653868819986071	0.5253723817212241
7127	AMMONIA/URINOUS	0.17876977686371123	0.3153218499251774
7144	AMMONIA/URINOUS	0.24418277825628007	0.38018048661095755
7593	AMMONIA/URINOUS	0.4849010280200413	0.6245785440717425
7601	AMMONIA/URINOUS	0.349227032491139	0.5227664411067963
7768	AMMONIA/URINOUS	0.46130625690732685	0.5992712548800877
7991	AMMONIA/URINOUS	0.5806843893868583	0.72080340555736
8007	AMMONIA/URINOUS	0.3420817937169756	0.5088594470705304
8452	AMMONIA/URINOUS	0.4663307581629072	0.6088431562696185
9261	AMMONIA/URINOUS	0.19210948475769588	0.3432400780064719
10430	AMMONIA/URINOUS	0.3046512263161795	0.450820586511067
10722	AMMONIA/URINOUS	0.30325206901345936	0.4248442266668592
10895	AMMONIA/URINOUS	0.2551921137741634	0.3771267405578068
12097	AMMONIA/URINOUS	0.24476119663034165	0.400098945413317
12178	AMMONIA/URINOUS	0.5615671745368412	0.7094087430409023
12206	AMMONIA/URINOUS	0.24186843314341136	0.3696253682885851
12327	AMMONIA/URINOUS	0.17197327741554805	0.3242441586085728
14228	AMMONIA/URINOUS	0.22254636670861924	0.3790758422442845
24197	AMMONIA/URINOUS	0.20085368837629045	0.3393358886241913
24473	AMMONIA/URINOUS	0.32284653186798096	0.49572459289005827
31234	AMMONIA/URINOUS	0.3886311778000423	0.5359542625291007
61024	AMMONIA/URINOUS	0.18417617040021078	0.3296514366354261
61204	AMMONIA/URINOUS	0.24251491469996317	0.34942623547145296
61386	AMMONIA/URINOUS	0.2499787892614092	0.401182872908456
61641	AMMONIA/URINOUS	0.4429270497390202	0.602914069380079
61771	AMMONIA/URINOUS	0.4165546255452292	0.5424085685185024
98330	AMMONIA/URINOUS	0.45406849469457355	0.6127360548291888
444539	AMMONIA/URINOUS	0.32259853397096905	0.4787082076072693
637563	AMMONIA/URINOUS	0.19598690952573503	0.3157264121941158
637776	AMMONIA/URINOUS	0.19670080712863378	0.325710334948131
638024	AMMONIA/URINOUS	0.1592902381505285	0.268783267055239
641256	AMMONIA/URINOUS	0.2571262504373278	0.40835641963141306
5367706	AMMONIA/URINOUS	0.3510576912334987	0.46583591614450726
5950	AMMONIA/URINOUS	0.24802824216229574	0.402004531451634
7361	AMMONIA/URINOUS	0.15936411491462163	0.2936103216239384
145742	AMMONIA/URINOUS	0.2759044510977609	0.43019900151661467
165675	AMMONIA/URINOUS	0.45783739004816326	0.6095570240701947
311	DECAYED	0.0919417291879654	0.360399318592889
1060	DECAYED	0.12752230358975275	0.4265690403325217
4133	DECAYED	0.06269414563264165	0.31701886653900146
6184	DECAYED	0.12822111802441732	0.425958263022559
7127	DECAYED	0.05461035589022296	0.28466181669916424
7144	DECAYED	0.06346837244927883	0.3202081450394222
7593	DECAYED	0.14962239350591386	0.4498600534030369
7601	DECAYED	0.07145647704601288	0.3347444065979549
7768	DECAYED	0.11058821848460607	0.3880012972014291
7991	DECAYED	0.4001722122941698	0.8154963425227574
8007	DECAYED	0.14263119016374862	0.44781552042279926
8452	DECAYED	0.08887575779642377	0.36646283524377005
9261	DECAYED	0.07824345465217318	0.3522430956363678
10430	DECAYED	0.12518888818366186	0.4213840237685612
10722	DECAYED	0.04863724112510681	0.2985438108444214
10895	DECAYED	0.043897903125200956	0.33564540318080355
12097	DECAYED	0.07408727599041802	0.34733459779194426
12178	DECAYED	0.09707863415990557	0.4043257364204952
12206	DECAYED	0.054122929594346454	0.34899328861917767
12327	DECAYED	0.04744784853288105	0.27814235218933653
14228	DECAYED	0.06332893030984062	0.32091028349740164
24197	DECAYED	0.08545237460306712	0.3730492719582149
24473	DECAYED	0.08139080341373171	0.36516028216906954
31234	DECAYED	0.10593637930495399	0.3883011383669717
61024	DECAYED	0.05214197986892292	0.301563560962677
61204	DECAYED	0.1064755842089653	0.3426658383437565
61386	DECAYED	0.058272804000547955	0.314202470438821
61641	DECAYED	0.2270550493683134	0.5848439591271537
61771	DECAYED	0.08015215716191701	0.35603921328272137
98330	DECAYED	0.25204166557107655	0.6415849157742092
444539	DECAYED	0.13146863345588958	0.42026978731155396
637563	DECAYED	0.05127112939953804	0.26738885045051575
637776	DECAYED	0.04888183570333889	0.2652704694441387
638024	DECAYED	0.0528726905052151	0.2558530590363911
641256	DECAYED	0.11331328962530408	0.42601296305656433
5367706	DECAYED	0.11235042874302183	0.4173809885978699
5950	DECAYED	0.11961260650839124	0.4075784002031599
7361	DECAYED	0.04310752344982965	0.2851232460566929
145742	DECAYED	0.10158835351467133	0.38023499505860464
165675	DECAYED	0.059564925730228424	0.31404124413217815
311	WOOD	0.2587920150586537	0.4216146469116211
1060	WOOD	0.1931618175336293	0.3173924556800297
4133	WOOD	0.1064186862536839	0.24476757432733262
6184	WOOD	0.17559806151049479	0.31344503590038847
7127	WOOD	0.2724107950925827	0.43189501762390137
7144	WOOD	0.27731509506702423	0.43164331146648954
7593	WOOD	0.1598645725420543	0.3261111080646515
7601	WOOD	0.11484473730836596	0.3262862605707986
7768	WOOD	0.1821263347353254	0.3271222135850361
7991	WOOD	0.11875190266541072	0.28838710699762615
8007	WOOD	0.13281699270009995	0.24434658672128404
8452	WOOD	0.11708173581532069	0.25687467200415476
9261	WOOD	0.1727528146335057	0.31065042104039875
10430	WOOD	0.12650968027966364	0.2540292292833328
10722	WOOD	0.09975201317242213	0.2234287474836622
10895	WOOD	0.07195795540298734	0.14294594952038356
12097	WOOD	0.2388789185455867	0.393300256558827
12178	WOOD	0.09608093755585807	0.2146021212850298
12206	WOOD	0.06141078206045287	0.13057679789406912
12327	WOOD	0.19119086010115488	0.3485701765332903
14228	WOOD	0.2141417669398444	0.3852682496820177
24197	WOOD	0.12064381369522639	0.2587763709681375
24473	WOOD	0.20678734992231643	0.372371358530862
31234	WOOD	0.12120793866259712	0.28077117034367155
61024	WOOD	0.19033999741077423	0.34030820216451374
61204	WOOD	0.21219507498400553	0.38333324449402945
61386	WOOD	0.2826384412390845	0.4532551552568163
61641	WOOD	0.03873811023575919	0.15054487969194139
61771	WOOD	0.16040589873279845	0.3224368861743382
98330	WOOD	0.1277009972504207	0.3071886726788112
444539	WOOD	0.10559697768517903	0.26213647638048443
637563	WOOD	0.16865634066717966	0.3232921702521188
637776	WOOD	0.26007787244660513	0.42563673853874207
638024	WOOD	0.13218094727822713	0.2546100637742451
641256	WOOD	0.11696002951690129	0.261236310005188
5367706	WOOD	0.16307676477091654	0.3545344386781965
5950	WOOD	0.19554600758211954	0.3240501029150827
7361	WOOD	0.1427075085895402	0.29449279393468586
145742	WOOD	0.29995727964809965	0.46996070231710163
165675	WOOD	0.1747980256165777	0.36683415515082224
311	GRASS	0.08030158174889428	0.20289222044604166
1060	GRASS	0.0829083121248654	0.20543947390147618
4133	GRASS	0.1044320400272097	0.2577356610979353
6184	GRASS	0.14068010875156947	0.3095565949167524
7127	GRASS	0.13881697612149374	0.3144591748714447
7144	GRASS	0.09718235156365804	0.2680587236370359
7593	GRASS	0.1295873522758484	0.30937265924045015
7601	GRASS	0.12270849517413548	0.3342974526541574
7768	GRASS	0.06407931447029114	0.1747311449476651
7991	GRASS	0.08041476458311081	0.22625917196273804
8007	GRASS	0.09475512909037727	0.2569110095500946
8452	GRASS	0.07511589995452336	0.20858982418264663
9261	GRASS	0.09868461212941579	0.2636961170605251
10430	GRASS	0.10572245397738048	0.2461328102009637
10722	GRASS	0.0747315910245691	0.2065047664301736
10895	GRASS	0.0463690103164741	0.17676140580858504
12097	GRASS	0.09346336605293411	0.2247154414653778
12178	GRASS	0.10845593575920377	0.22739691819463456
12206	GRASS	0.0609374637050288	0.1863716287272317
12327	GRASS	0.09194421342441014	0.25141601264476776
14228	GRASS	0.13593661785125732	0.30524119309016634
24197	GRASS	0.12782140395471028	0.283903215612684
24473	GRASS	0.17895376895155227	0.4096531867980957
31234	GRASS	0.1592177940266473	0.35495808720588684
61024	GRASS	0.10953299807650703	0.26653490321976797
61204	GRASS	0.027176461049488614	0.20508750208786555
61386	GRASS	0.10508900455066136	0.25271142167704447
61641	GRASS	0.06397854164242744	0.19502681919506618
61771	GRASS	0.18985146922724588	0.40310806035995483
98330	GRASS	0.07707711415631431	0.19976529904774257
444539	GRASS	0.10986335149833135	0.2369975426367351
637563	GRASS	0.09667303732463292	0.24709548268999373
637776	GRASS	0.12656678685120173	0.3013847640582493
638024	GRASS	0.10009432371173586	0.23330632490771158
641256	GRASS	0.1886101428951536	0.3896042747156961
5367706	GRASS	0.22857609391212463	0.4610952692372458
5950	GRASS	0.08438595065048762	0.2162631494658334
7361	GRASS	0.10899558556931359	0.27043225509779795
145742	GRASS	0.09546818797077451	0.23372899847371237
165675	GRASS	0.13646275443690165	0.4014003574848175
311	FLOWER	0.06259804139179843	0.22478523424693517
1060	FLOWER	0.05093768824424062	0.19946971322808946
4133	FLOWER	0.25732091282095226	0.5158290394714901
6184	FLOWER	0.0836134741881064	0.284921727010182
7127	FLOWER	0.21799721462385996	0.43628897837230135
7144	FLOWER	0.1415355290685381	0.35680961183139254
7593	FLOWER	0.2521636741501944	0.48578961406435284
7601	FLOWER	0.4761934152671269	0.7622347218649728
7768	FLOWER	0.047497744006769996	0.20237709156104497
7991	FLOWER	0.06383896698909146	0.20030390364783152
8007	FLOWER	0.094524228147098	0.26751615958554403
8452	FLOWER	0.08699707367590495	0.26623040437698364
9261	FLOWER	0.10403993087155479	0.2908347632203783
10430	FLOWER	0.08694073664290565	0.2759988563401358
10722	FLOWER	0.23615173356873648	0.49474393895694185
10895	FLOWER	0.23487395899636404	0.4819361908095224
12097	FLOWER	0.06150838413408825	0.24773655831813812
12178	FLOWER	0.06308366145406451	0.2624908259936741
12206	FLOWER	0.2170754990407399	0.4637898419584547
12327	FLOWER	0.2592707744666508	0.48147767782211304
14228	FLOWER	0.20666722101824625	0.4148801990917751
24197	FLOWER	0.1450102435691016	0.3611667624541691
24473	FLOWER	0.10585268693310874	0.33834504229681833
31234	FLOWER	0.38356834650039673	0.6867648788860866
61024	FLOWER	0.2546924522944859	0.4773856784616198
61204	FLOWER	0.2069991592850004	0.39765878660338266
61386	FLOWER	0.1973932066134044	0.39179194825036184
61641	FLOWER	0.06905273188437734	0.23715026676654816
61771	FLOWER	0.18509433099201747	0.42697069474628996
98330	FLOWER	0.006332230088966233	0.08780654200485774
444539	FLOWER	0.29161096044949125	0.5705223594393048
637563	FLOWER	0.22120170295238495	0.4633953273296356
637776	FLOWER	0.2536552867719105	0.4797671820436205
638024	FLOWER	0.2716534159013203	0.48798845069749014
641256	FLOWER	0.1537616742508752	0.38282441241400583
5367706	FLOWER	0.24078992222036635	0.5316350715500968
5950	FLOWER	0.08520785293408803	0.25915311915533884
7361	FLOWER	0.12752175331115723	0.3517508123602186
145742	FLOWER	0.04244527859347207	0.18531806766986847
165675	FLOWER	0.17937224890504563	0.40114716972623554
311	CHEMICAL	0.2611444209303175	0.5565750428608486
1060	CHEMICAL	0.20817089932305471	0.5112035317080361
4133	CHEMICAL	0.3520041789327349	0.6596483332770211
6184	CHEMICAL	0.40413704940250944	0.7069500003542218
7127	CHEMICAL	0.25654296364103046	0.5566303304263523
7144	CHEMICAL	0.30913438541548593	0.6034213645117623
7593	CHEMICAL	0.19992167396204813	0.5480117968150547
7601	CHEMICAL	0.16133794614246913	0.511897759778159
7768	CHEMICAL	0.44188840474401203	0.7025960513523647
7991	CHEMICAL	0.200019080724035	0.5201280329908643
8007	CHEMICAL	0.23153460664408548	0.5720293351582119
8452	CHEMICAL	0.48129500235830036	0.7287737216268267
9261	CHEMICAL	0.16622209548950195	0.47556500349725994
10430	CHEMICAL	0.2534854199205126	0.5468723177909851
10722	CHEMICAL	0.37701189517974854	0.6250567606517247
10895	CHEMICAL	0.3799082211085728	0.6668056079319545
12097	CHEMICAL	0.21792211277144297	0.5141503768307822
12178	CHEMICAL	0.6269299898828778	0.903474475656237
12206	CHEMICAL	0.3543212243488857	0.641948768070766
12327	CHEMICAL	0.18608916657311575	0.5116338644708905
14228	CHEMICAL	0.23476940393447876	0.558519891330174
24197	CHEMICAL	0.21003696535314834	0.5185580849647522
24473	CHEMICAL	0.4133327773639134	0.6965714011873517
31234	CHEMICAL	0.21972445930753434	0.5326108847345624
61024	CHEMICAL	0.18956018345696585	0.5219541362353733
61204	CHEMICAL	0.1868866735271045	0.4660524683339255
61386	CHEMICAL	0.25628964815820965	0.5652648210525513
61641	CHEMICAL	0.2496318178517478	0.623650074005127
61771	CHEMICAL	0.4416826367378235	0.7270602924483163
98330	CHEMICAL	0.16465784396444047	0.5130647761481149
444539	CHEMICAL	0.2389169888836997	0.5076539133276258
637563	CHEMICAL	0.2345070924077715	0.5295210182666779
637776	CHEMICAL	0.265317582658359	0.5699449096407209
638024	CHEMICAL	0.19673057964869908	0.48735363142830984
641256	CHEMICAL	0.22444012335368566	0.535578727722168
5367706	CHEMICAL	0.3093447004045759	0.6341973458017621
5950	CHEMICAL	0.1884754470416478	0.48553321191242765
7361	CHEMICAL	0.2107934696333749	0.5061973801680973
145742	CHEMICAL	0.23982371176992143	0.5339450325284686
165675	CHEMICAL	0.6090820772307259	0.8711693797792707
