oID	descriptor	value	sigma
180	INTENSITY/STRENGTH	0.12230335495301656	0.5343389553683144
264	INTENSITY/STRENGTH	0.3509008969579424	0.5969458392688206
702	INTENSITY/STRENGTH	0.10164643770882062	0.5214436479977199
1031	INTENSITY/STRENGTH	0.12395864192928586	0.5299193944249835
3102	INTENSITY/STRENGTH	0.1864370277949742	0.5368633099964687
3314	INTENSITY/STRENGTH	0.4064684041908809	0.6047653981617519
6506	INTENSITY/STRENGTH	0.15590776077338628	0.5393397893224444
6544	INTENSITY/STRENGTH	0.4420938321522304	0.6407725725855146
6561	INTENSITY/STRENGTH	0.23731702991894313	0.5782498461859567
7092	INTENSITY/STRENGTH	0.3208004023347582	0.5619016289710999
7302	INTENSITY/STRENGTH	0.25168528301375254	0.543884311403547
7476	INTENSITY/STRENGTH	0.3807939078126635	0.6358800956181118
7559	INTENSITY/STRENGTH	0.540141510111945	0.7533554519925799
7657	INTENSITY/STRENGTH	0.29817262079034534	0.6172081742967878
7770	INTENSITY/STRENGTH	0.4661858592714582	0.6446710484368461
7793	INTENSITY/STRENGTH	0.45059252636773245	0.6069479414394924
7797	INTENSITY/STRENGTH	0.47824745944568087	0.6337237187794277
8025	INTENSITY/STRENGTH	0.19447090583188192	0.5868133476802281
8049	INTENSITY/STRENGTH	0.14024487457105092	0.5224672172750745
8094	INTENSITY/STRENGTH	0.5477129008088794	0.646151065826416
8419	INTENSITY/STRENGTH	0.44747728535107206	0.6138041956084115
8438	INTENSITY/STRENGTH	0.4524182975292206	0.6396863375391278
8468	INTENSITY/STRENGTH	0.15269109074558532	0.5387607642582485
8815	INTENSITY/STRENGTH	0.32374121035848347	0.5613454239709037
8878	INTENSITY/STRENGTH	0.4429743332522256	0.634205162525177
9012	INTENSITY/STRENGTH	0.45791654927389963	0.604157635143825
10886	INTENSITY/STRENGTH	0.31766302245003836	0.5902030723435538
11567	INTENSITY/STRENGTH	0.7139569180352348	0.6541888543537685
12020	INTENSITY/STRENGTH	0.28945817266191753	0.5901076623371669
12265	INTENSITY/STRENGTH	0.1941548032420022	0.5595721346991402
12377	INTENSITY/STRENGTH	0.39740832788603647	0.6073319656508309
16537	INTENSITY/STRENGTH	0.365499347448349	0.6633467589105878
17898	INTENSITY/STRENGTH	0.45117509365081787	0.6350709029606411
18467	INTENSITY/STRENGTH	0.30308067372867037	0.5793345485414777
21363	INTENSITY/STRENGTH	0.33753212860652376	0.5590530378477914
27440	INTENSITY/STRENGTH	0.4550945205347879	0.6400289365223476
31219	INTENSITY/STRENGTH	0.435017717736108	0.6972035680498395
31276	INTENSITY/STRENGTH	0.449614337512425	0.706050089427403
31283	INTENSITY/STRENGTH	0.11624201227511678	0.4951035848685673
60998	INTENSITY/STRENGTH	0.3112339824438095	0.6494831953729902
61523	INTENSITY/STRENGTH	0.5572987624577114	0.7731059278760638
62351	INTENSITY/STRENGTH	0.3908519574574062	0.5630657417433602
62465	INTENSITY/STRENGTH	0.3489535323211125	0.5636329991476876
251531	INTENSITY/STRENGTH	0.13714132564408438	0.5370830552918571
440917	INTENSITY/STRENGTH	0.3855916602270944	0.6205106973648071
637758	INTENSITY/STRENGTH	0.3840656876564026	0.7242131914411273
1549025	INTENSITY/STRENGTH	0.1455372699669429	0.5904762319156102
2733294	INTENSITY/STRENGTH	0.5246199326855796	0.6595851182937622
5281167	INTENSITY/STRENGTH	0.48004365393093656	0.7274153658321926
5281168	INTENSITY/STRENGTH	0.5753698987620217	0.651408280645098
5318599	INTENSITY/STRENGTH	0.5892685736928668	0.6792807068143573
5352837	INTENSITY/STRENGTH	0.5091253008161273	0.6860629490443638
5364231	INTENSITY/STRENGTH	0.5864807452474322	0.7108990039144244
262	INTENSITY/STRENGTH	0.16164035775831767	0.5442425012588501
323	INTENSITY/STRENGTH	0.32989356986113955	0.5998650704111371
750	INTENSITY/STRENGTH	0.09906666353344917	0.5035754101616996
753	INTENSITY/STRENGTH	0.15781835466623306	0.5414533019065857
962	INTENSITY/STRENGTH	0.10168531058090073	0.5048974880150386
5862	INTENSITY/STRENGTH	0.24165830654757364	0.5528790610177177
5962	INTENSITY/STRENGTH	0.2583077315773283	0.5679935983249119
6274	INTENSITY/STRENGTH	0.08109164131539208	0.5181894557816642
6322	INTENSITY/STRENGTH	0.038353102547781806	0.5100456135613578
6669	INTENSITY/STRENGTH	0.040327689477375576	0.45834486399378094
7137	INTENSITY/STRENGTH	0.6417340551103864	0.7341558081763131
15654	INTENSITY/STRENGTH	0.3785012108939035	0.5756619828087943
62089	INTENSITY/STRENGTH	0.4426981381007603	0.6478594371250698
853433	INTENSITY/STRENGTH	0.4722245420728411	0.6295955181121826
5371102	INTENSITY/STRENGTH	0.4260941318103245	0.671531115259443
10857465	INTENSITY/STRENGTH	0.24502694393907273	0.7507635184696743
180	VALENCE/PLEASANTNESS	0.47104652864592417	0.545717545918056
264	VALENCE/PLEASANTNESS	0.34633331639426096	0.5470536691801888
702	VALENCE/PLEASANTNESS	0.48705701317105976	0.5487597840172904
1031	VALENCE/PLEASANTNESS	0.464624285697937	0.5351291128567287
3102	VALENCE/PLEASANTNESS	0.49134139929498943	0.6063930562564305
3314	VALENCE/PLEASANTNESS	0.6465567520686558	0.620542219706944
6506	VALENCE/PLEASANTNESS	0.4572676292487553	0.5427830389567784
6544	VALENCE/PLEASANTNESS	0.45963173678943087	0.6257491452353341
6561	VALENCE/PLEASANTNESS	0.4135905121053968	0.5587113159043449
7092	VALENCE/PLEASANTNESS	0.5282658679144723	0.6024171710014343
7302	VALENCE/PLEASANTNESS	0.45561112250600544	0.5504075799669538
7476	VALENCE/PLEASANTNESS	0.6104686175073896	0.6192563346454075
7559	VALENCE/PLEASANTNESS	0.5850298830441066	0.724462492125375
7657	VALENCE/PLEASANTNESS	0.44748069984572275	0.6125160455703735
7770	VALENCE/PLEASANTNESS	0.5714209931237357	0.6266106707709176
7793	VALENCE/PLEASANTNESS	0.6642915776797703	0.6446177618844169
7797	VALENCE/PLEASANTNESS	0.7201143758637565	0.6200633730207171
8025	VALENCE/PLEASANTNESS	0.41057888099125456	0.5458163278443473
8049	VALENCE/PLEASANTNESS	0.5165805561201913	0.5518856814929417
8094	VALENCE/PLEASANTNESS	0.30445746013096403	0.5197181701660156
8419	VALENCE/PLEASANTNESS	0.6827900665146964	0.5924567920821053
8438	VALENCE/PLEASANTNESS	0.6968616843223572	0.5950972012111119
8468	VALENCE/PLEASANTNESS	0.5488651054246085	0.5900793245860508
8815	VALENCE/PLEASANTNESS	0.49104877029146465	0.6094973683357239
8878	VALENCE/PLEASANTNESS	0.6988092405455453	0.6188071284975324
9012	VALENCE/PLEASANTNESS	0.2617990268128259	0.5692602225712368
10886	VALENCE/PLEASANTNESS	0.5798251628875732	0.6306525298527309
11567	VALENCE/PLEASANTNESS	0.373429856130055	0.6922660980905805
12020	VALENCE/PLEASANTNESS	0.3887186646461487	0.5697827509471348
12265	VALENCE/PLEASANTNESS	0.37799298763275146	0.569935645375933
12377	VALENCE/PLEASANTNESS	0.28025213522570475	0.5910152622631618
16537	VALENCE/PLEASANTNESS	0.6538279482296535	0.6831436327525547
17898	VALENCE/PLEASANTNESS	0.38922816089221407	0.652725841317858
18467	VALENCE/PLEASANTNESS	0.4135166789804186	0.6136171306882586
21363	VALENCE/PLEASANTNESS	0.325122458594186	0.5537999016898019
27440	VALENCE/PLEASANTNESS	0.31807033930506023	0.6399106809071132
31219	VALENCE/PLEASANTNESS	0.5891878349440438	0.6685478516987392
31276	VALENCE/PLEASANTNESS	0.6068779741014753	0.6641360095569065
31283	VALENCE/PLEASANTNESS	0.5189202087266105	0.5550514800207955
60998	VALENCE/PLEASANTNESS	0.4926762282848358	0.6580617853573391
61523	VALENCE/PLEASANTNESS	0.4841589501925877	0.6706604106085641
62351	VALENCE/PLEASANTNESS	0.2773984181029456	0.5453209110668727
62465	VALENCE/PLEASANTNESS	0.5702200787408012	0.6382947053228106
251531	VALENCE/PLEASANTNESS	0.5489359072276524	0.5907690184456962
440917	VALENCE/PLEASANTNESS	0.577650955745152	0.6939788375582013
637758	VALENCE/PLEASANTNESS	0.5687925858157021	0.7112236278397697
1549025	VALENCE/PLEASANTNESS	0.6311231000082833	0.6005974922861371
2733294	VALENCE/PLEASANTNESS	0.6679216367857796	0.6616332701274327
5281167	VALENCE/PLEASANTNESS	0.4410161461148943	0.6709009579249791
5281168	VALENCE/PLEASANTNESS	0.3536958226135799	0.5756801111357552
5318599	VALENCE/PLEASANTNESS	0.39113238028117586	0.6035841533115932
5352837	VALENCE/PLEASANTNESS	0.4554586410522461	0.6277536579540798
5364231	VALENCE/PLEASANTNESS	0.45472448212759836	0.6740451369966779
262	VALENCE/PLEASANTNESS	0.4887093561036246	0.5697008967399597
323	VALENCE/PLEASANTNESS	0.5339173333985465	0.6253029448645455
750	VALENCE/PLEASANTNESS	0.47262207099369596	0.547675975731441
753	VALENCE/PLEASANTNESS	0.4711415597370693	0.5750516653060913
962	VALENCE/PLEASANTNESS	0.48014287437711445	0.5610519647598267
5862	VALENCE/PLEASANTNESS	0.37407947863851276	0.599584298474448
5962	VALENCE/PLEASANTNESS	0.35273417830467224	0.5710547907011849
6274	VALENCE/PLEASANTNESS	0.47525512320654734	0.5881722143718174
6322	VALENCE/PLEASANTNESS	0.4670512463365282	0.5696748069354466
6669	VALENCE/PLEASANTNESS	0.6613018768174308	0.5362540696348462
7137	VALENCE/PLEASANTNESS	0.774508672101157	0.6991968665804181
15654	VALENCE/PLEASANTNESS	0.3921587722642081	0.6381728904587882
62089	VALENCE/PLEASANTNESS	0.2737095185688564	0.5000237779957908
853433	VALENCE/PLEASANTNESS	0.6562144841466632	0.6413637910570417
5371102	VALENCE/PLEASANTNESS	0.512590229511261	0.6911968077932086
10857465	VALENCE/PLEASANTNESS	0.6213179230690002	0.6707527467182705
180	BAKERY	0.063700868082898	0.2741638443299702
264	BAKERY	0.0431932487658092	0.22505485160010202
702	BAKERY	0.08170691026108605	0.3004035013062613
1031	BAKERY	0.06390671325581414	0.2678958347865513
3102	BAKERY	0.03498473883207355	0.21836582677704947
3314	BAKERY	0.1888607463666371	0.5449178857462746
6506	BAKERY	0.06879306478159768	0.2896209572042738
6544	BAKERY	0.011115494317242078	0.2088127647127424
6561	BAKERY	0.045149252616933415	0.23860287879194533
7092	BAKERY	0.10889442158596856	0.3711197248526982
7302	BAKERY	0.11393629653113228	0.3706050046852657
7476	BAKERY	0.13768714027745382	0.38140477878706797
7559	BAKERY	0.08974938041397504	0.34102143134389606
7657	BAKERY	0.029967131359236582	0.18387003455843245
7770	BAKERY	0.06938572733529977	0.3284941485949925
7793	BAKERY	0.04384516924619675	0.1989734854016985
7797	BAKERY	0.12361057954175132	0.4263791910239628
8025	BAKERY	0.058757568044321876	0.25644559945378986
8049	BAKERY	0.06172253031815801	0.2893611661025456
8094	BAKERY	0.01722441932984761	0.14799003515924727
8419	BAKERY	0.28187440974371775	0.5801303812435695
8438	BAKERY	0.2654616768871035	0.5628295413085392
8468	BAKERY	0.12509258410760335	0.40002684933798655
8815	BAKERY	0.08350191903965813	0.33682479177202496
8878	BAKERY	0.11481720741306033	0.43197829382760183
9012	BAKERY	0.029699739733976976	0.2955907732248306
10886	BAKERY	0.06862372585705348	0.3269122200352805
11567	BAKERY	0.043872411495872905	0.24687717642102922
12020	BAKERY	0.04475784461413111	0.2529640133891787
12265	BAKERY	0.03843231685459614	0.2644716884408678
12377	BAKERY	0.03876468100185905	0.2948163385902132
16537	BAKERY	0.04654752942068236	0.2696096364940916
17898	BAKERY	0.16083220498902456	0.4915358807359423
18467	BAKERY	0.12025764797415052	0.41507878048079355
21363	BAKERY	0.021746002935937474	0.2219222422157015
27440	BAKERY	0.10647345121417727	0.43173897692135405
31219	BAKERY	0.06775543758911746	0.2907847506659372
31276	BAKERY	0.04640066676906177	0.3350922635623387
31283	BAKERY	0.06753896921873093	0.29577799141407013
60998	BAKERY	0.05616745858320168	0.31541435207639423
61523	BAKERY	0.02467296738177538	0.15295630267688207
62351	BAKERY	0.03011814398424966	0.28532093337603975
62465	BAKERY	0.15533127316406795	0.4688598726476942
251531	BAKERY	0.04862004145979881	0.19749683141708374
440917	BAKERY	0.03807891133640494	0.23165673230375564
637758	BAKERY	0.09594177880457469	0.3273436852863857
1549025	BAKERY	0.05139865832669394	0.31076151558331083
2733294	BAKERY	0.08633088253970657	0.3859624522072928
5281167	BAKERY	0.03291032516530582	0.1831663570233754
5281168	BAKERY	0.04115699471107551	0.1872799268790654
5318599	BAKERY	0.026528093431677138	0.15517546662262507
5352837	BAKERY	0.030541123024054935	0.18318750815732138
5364231	BAKERY	0.052517332402723174	0.2740289739200047
262	BAKERY	0.06490485104066986	0.27700463363102507
323	BAKERY	0.09168697042124611	0.3772309720516205
750	BAKERY	0.07806397761617388	0.3213635001863752
753	BAKERY	0.0770092202084405	0.30947444268635343
962	BAKERY	0.03960672978843961	0.25299447562013355
5862	BAKERY	0.11048248623098646	0.4098271812711443
5962	BAKERY	0.06293284147977829	0.2897510400840214
6274	BAKERY	0.08508103979485375	0.3470574617385864
6322	BAKERY	0.062179447284766605	0.3006249155317034
6669	BAKERY	0.08232903640185084	0.3646950423717499
7137	BAKERY	0.3156724465744836	0.7546765165669578
15654	BAKERY	0.1780447576727186	0.5455738306045532
62089	BAKERY	0.00849067180284432	0.12765261318002427
853433	BAKERY	0.19115644267627172	0.5554679504462651
5371102	BAKERY	0.017948715947568417	0.1711843279855592
10857465	BAKERY	-0.005164742469787598	0.2329266220331192
180	SWEET	0.120702078299863	0.4343446322849819
264	SWEET	0.09429300895759038	0.38493192195892334
702	SWEET	0.13386384610618865	0.45062274592263357
1031	SWEET	0.12047819580350604	0.4308876097202301
3102	SWEET	0.16102035343647003	0.513003579207829
3314	SWEET	0.31405054671423777	0.626347473689488
6506	SWEET	0.13274609403950827	0.45932632258960177
6544	SWEET	0.1290248536637851	0.4556564433234079
6561	SWEET	0.10719149772609983	0.40612225447382244
7092	SWEET	0.21897095228944505	0.5311956320490155
7302	SWEET	0.1523760621036802	0.45944597465651377
7476	SWEET	0.33444695813315256	0.7183972341673714
7559	SWEET	0.3760479007448469	0.8079304013933454
7657	SWEET	0.13121680808918817	0.4575308689049312
7770	SWEET	0.4157590057168688	0.748930037021637
7793	SWEET	0.3096247911453247	0.6826310413224357
7797	SWEET	0.5447872408798763	0.8381798693111965
8025	SWEET	0.11230595303433281	0.4243969236101423
8049	SWEET	0.2059863316161292	0.5365697188036782
8094	SWEET	0.07454802202326911	0.2982366383075714
8419	SWEET	0.4262498106275286	0.7438599807875497
8438	SWEET	0.45209419301577974	0.7713011247771127
8468	SWEET	0.2129173449107579	0.5366274118423462
8815	SWEET	0.17866856072630202	0.5070632823875972
8878	SWEET	0.5006187004702431	0.8169658609798977
9012	SWEET	0.019001378544739315	0.18494946190289088
10886	SWEET	0.3397212965147836	0.6891824432781765
11567	SWEET	0.10512786039284297	0.4356836804321834
12020	SWEET	0.09335727830018316	0.37977491532053265
12265	SWEET	0.08424174838832446	0.33518881031445097
12377	SWEET	0.03798112752182143	0.18682493269443512
16537	SWEET	0.32713544368743896	0.7207802619252887
17898	SWEET	0.1272833017366273	0.4915103571755545
18467	SWEET	0.12191623662199293	0.44744967988559176
21363	SWEET	0.06553607913000244	0.3479386738368443
27440	SWEET	0.08282475067036492	0.38981092401913237
31219	SWEET	0.34270397254398893	0.7659631626946586
31276	SWEET	0.42708387119429453	0.8202175923756191
31283	SWEET	0.15952023438044957	0.4856299161911011
60998	SWEET	0.23099391162395477	0.6325144256864276
61523	SWEET	0.14139068233115332	0.5461610087326595
62351	SWEET	0.04753315874508449	0.22679296348776137
62465	SWEET	0.21654800857816422	0.5393891930580139
251531	SWEET	0.20951558010918753	0.5672659533364433
440917	SWEET	0.18700698230947768	0.5194896161556244
637758	SWEET	0.3316958546638489	0.735534029347556
1549025	SWEET	0.267743210707392	0.6370181952204023
2733294	SWEET	0.4716490294252123	0.8138543963432312
5281167	SWEET	0.13841265546424047	0.5125835580485207
5281168	SWEET	0.08493924779551369	0.3546669100012098
5318599	SWEET	0.12746412519897735	0.4464212826320103
5352837	SWEET	0.16039993081774032	0.5163755416870117
5364231	SWEET	0.15862723333495005	0.54883959037917
262	SWEET	0.12122541133846555	0.4692627957889012
323	SWEET	0.2253602296113968	0.5574424820286887
750	SWEET	0.11196401395968028	0.41960046121052336
753	SWEET	0.1204946328486715	0.43986506121499197
962	SWEET	0.13106796464749745	0.4619422597544534
5862	SWEET	0.08712900429964066	0.34615959439958843
5962	SWEET	0.06922994394387517	0.33141586610249113
6274	SWEET	0.1190062165260315	0.43493115050452097
6322	SWEET	0.10533840102808815	0.3996645041874477
6669	SWEET	0.26094780223710196	0.6059981371675219
7137	SWEET	0.5427237025329045	0.8762370007378715
15654	SWEET	0.10798580944538116	0.4280433441911425
62089	SWEET	0.033775782478707175	0.2198039208139692
853433	SWEET	0.3401698512690408	0.6625662701470512
5371102	SWEET	0.18043679424694606	0.5644413828849792
10857465	SWEET	0.2518295283828463	0.6115059937749591
180	FRUIT	0.057242589869669507	0.16698063697133744
264	FRUIT	0.08226603109921728	0.21738272692476
702	FRUIT	0.0628212530698095	0.16763706292424882
1031	FRUIT	0.05929706245660782	0.16703126685959951
3102	FRUIT	0.08819967934063502	0.2561190745660237
3314	FRUIT	0.10894513662372317	0.24400332144328526
6506	FRUIT	0.09993659917797361	0.24749730101653508
6544	FRUIT	0.10749429996524539	0.31112602778843473
6561	FRUIT	0.06094597280025482	0.18187351099082402
7092	FRUIT	0.1041421155844416	0.2588049897125789
7302	FRUIT	0.0670143190239157	0.1556194413985525
7476	FRUIT	0.17944659292697906	0.4198668301105499
7559	FRUIT	0.2953448402030127	0.6074992758887154
7657	FRUIT	0.09031448406832558	0.2805149278470448
7770	FRUIT	0.40618965881211416	0.6180059654372079
7793	FRUIT	0.22262332269123622	0.4693699223654611
7797	FRUIT	0.5868035214287894	0.7738905463899884
8025	FRUIT	0.05397426390222141	0.1788441687822342
8049	FRUIT	0.15682745831353323	0.32099116700036184
8094	FRUIT	0.10879244389278549	0.24610212019511632
8419	FRUIT	0.12951863344226563	0.32187738588878084
8438	FRUIT	0.1725616157054901	0.3837003537586757
8468	FRUIT	0.09374783081667763	0.18973802668707712
8815	FRUIT	0.08648799466235298	0.2419495369706835
8878	FRUIT	0.5412025707108634	0.7126692022596087
9012	FRUIT	0.04487784978534494	0.1003459734576089
10886	FRUIT	0.3527187151568277	0.5791530353682381
11567	FRUIT	0.0729096851178578	0.24678124700273787
12020	FRUIT	0.04973841245685305	0.17531892231532506
12265	FRUIT	0.04818222937839372	0.13155839166470937
12377	FRUIT	0.04145792472575392	0.13513403066567012
16537	FRUIT	0.3233356603554317	0.623911840575082
17898	FRUIT	0.04104525462857315	0.15529060576643264
18467	FRUIT	0.047068994492292404	0.13865416603428976
21363	FRUIT	0.04673814959824085	0.09839281439781189
27440	FRUIT	0.05734140798449516	0.16179055188383376
31219	FRUIT	0.2875209833894457	0.5906015719686236
31276	FRUIT	0.41231447032519747	0.670189482825143
31283	FRUIT	0.11102538236549922	0.22705778905323573
60998	FRUIT	0.10757988079317979	0.3091970213821956
61523	FRUIT	0.1460331135562488	0.3595825902053288
62351	FRUIT	0.04325108429683106	0.11458756668227059
62465	FRUIT	0.07308322244456836	0.19390250742435455
251531	FRUIT	0.06898477779967445	0.22475577890872955
440917	FRUIT	0.2119024246931076	0.41319248931748526
637758	FRUIT	0.19857053458690643	0.470698139497212
1549025	FRUIT	0.2133230013506753	0.43948512843676973
2733294	FRUIT	0.5553936788014003	0.7536178486687797
5281167	FRUIT	0.16723489229168212	0.39220369287899565
5281168	FRUIT	0.10648929008415767	0.2651613248246057
5318599	FRUIT	0.15667088542665755	0.3351509528500693
5352837	FRUIT	0.1720781432730811	0.37747661556516376
5364231	FRUIT	0.22034949702875956	0.45829864910670687
262	FRUIT	0.05631704096283231	0.1720549272639411
323	FRUIT	0.12558366571153914	0.2794476194041116
750	FRUIT	0.052814174975667684	0.12432158631937844
753	FRUIT	0.0641915500164032	0.1655598325388772
962	FRUIT	0.0740854772073882	0.19475024725709641
5862	FRUIT	0.056968048214912415	0.10535239641155515
5962	FRUIT	0.06112579522388322	0.11120868474245071
6274	FRUIT	0.06525106089455741	0.12976015039852687
6322	FRUIT	0.06657993580613818	0.13421337412936346
6669	FRUIT	0.10792798495718411	0.25069459208420347
7137	FRUIT	0.2259361445903778	0.45815345644950867
15654	FRUIT	0.04629841659750257	0.11872532431568418
62089	FRUIT	0.07159756656203951	0.1531801734651838
853433	FRUIT	0.1244415385382516	0.2729322633572987
5371102	FRUIT	0.12081952393054962	0.3537752798625401
10857465	FRUIT	0.17456433602741786	0.3383570611476898
180	FISH	0.09078380997691836	0.2362127367939268
264	FISH	0.10977128041642052	0.2995017681803022
702	FISH	0.10242342842476708	0.25069307003702435
1031	FISH	0.09295337008578437	0.24867680030209677
3102	FISH	0.07243526567305837	0.18380414800984518
3314	FISH	0.028746068610676696	0.11072476953268051
6506	FISH	0.09994550581489291	0.23845137868608748
6544	FISH	0.08882767600672585	0.2349645985024316
6561	FISH	0.09277089951293808	0.24830123356410436
7092	FISH	0.053052156631435664	0.16383170017174312
7302	FISH	0.11286499670573644	0.26213112686361584
7476	FISH	0.05607985918010984	0.14518117691789353
7559	FISH	0.06529433852327722	0.1715427041053772
7657	FISH	0.12634900638035365	0.2923882795231683
7770	FISH	0.07396525996071952	0.19304484128952026
7793	FISH	0.04378268947558744	0.052253272384405136
7797	FISH	0.06412369491798538	0.14464743435382843
8025	FISH	0.10915496093886239	0.2847460295472826
8049	FISH	0.0806236703480993	0.17426437139511108
8094	FISH	0.11226771984781538	0.275830545595714
8419	FISH	0.046842971816658974	0.12102408387831279
8438	FISH	0.034191172303897996	0.1152793722493308
8468	FISH	0.0388932390404599	0.1278470137289592
8815	FISH	0.08227644222123283	0.2074383305651801
8878	FISH	0.04693293518253735	0.12364118014063154
9012	FISH	0.35970613786152433	0.6374123607363019
10886	FISH	0.07144986146262713	0.16552226777587617
11567	FISH	0.10757612543446678	0.2486246164355959
12020	FISH	0.10562578269413539	0.26825382879802157
12265	FISH	0.16467424588544027	0.34708463719912935
12377	FISH	0.3615013914448874	0.640456565788814
16537	FISH	0.08374567755631038	0.18873665588242666
17898	FISH	0.133833575461592	0.2967559354645865
18467	FISH	0.13019574752875737	0.28218127148491995
21363	FISH	0.1387305579015187	0.30174977438790457
27440	FISH	0.2226799534899848	0.4341554641723633
31219	FISH	0.054941730839865546	0.13947428656475885
31276	FISH	0.057479015950645716	0.14127217871802195
31283	FISH	0.0721640693289893	0.16116456048829214
60998	FISH	0.10146963809217725	0.2370098956993648
61523	FISH	0.15161888407809393	0.29863315394946505
62351	FISH	0.2536865919828415	0.48348817229270935
62465	FISH	0.03851352685264179	0.12800397617476328
251531	FISH	0.05947344696947506	0.16540383866855077
440917	FISH	0.07990292512944766	0.2160028155360903
637758	FISH	0.05545020981558731	0.1584989662681307
1549025	FISH	0.06758514259542737	0.1641133108309337
2733294	FISH	0.06333227109696184	0.14955573209694453
5281167	FISH	0.1371501088142395	0.2996198556252888
5281168	FISH	0.1529785841703415	0.324984358889716
5318599	FISH	0.11210491614682334	0.2210269570350647
5352837	FISH	0.11882145170654569	0.24018790892192296
5364231	FISH	0.10767025926283427	0.25180666361536297
262	FISH	0.06287947031004089	0.1626422596829278
323	FISH	0.040436698123812675	0.13112707010337285
750	FISH	0.09611284732818604	0.24174603606973374
753	FISH	0.08010677248239517	0.20885702116148813
962	FISH	0.05065828322299889	0.15112490313393728
5862	FISH	0.2175354595695223	0.4146148349557604
5962	FISH	0.16078783784593856	0.3371091570172991
6274	FISH	0.07789944538048335	0.19459693559578486
6322	FISH	0.1087246515921184	0.24285117430346354
6669	FISH	0.049759448905076296	0.13253064027854375
7137	FISH	0.03458690217563084	0.12192471538271223
15654	FISH	0.19412716797419957	0.3822450041770935
62089	FISH	0.1298919575554984	0.30349607127053396
853433	FISH	0.02666905602174146	0.10749562510422297
5371102	FISH	0.08220344675438744	0.2147616446018219
10857465	FISH	0.06403275525995664	0.1588434704712459
180	GARLIC	0.0816570594906807	0.34334638714790344
264	GARLIC	0.09865117924554008	0.3695205535207476
702	GARLIC	0.1055728548339435	0.38088574579783846
1031	GARLIC	0.09155589661427907	0.35829841239111765
3102	GARLIC	0.04847123181181295	0.25792751141956877
3314	GARLIC	0.019638763341520513	0.20863868296146393
6506	GARLIC	0.09125595539808273	0.3464923713888441
6544	GARLIC	0.07445288502744266	0.27947976759501864
6561	GARLIC	0.07113731705716678	0.32449776785714285
7092	GARLIC	0.06636381042855126	0.26476028987339567
7302	GARLIC	0.10067129348005567	0.3578232526779175
7476	GARLIC	0.04887605085968971	0.21146554393427713
7559	GARLIC	0.033360312559774945	0.1966759796653475
7657	GARLIC	0.09019852429628372	0.33137822576931547
7770	GARLIC	0.05333276944501059	0.22552146656172617
7793	GARLIC	0.045260244980454445	0.18535365164279938
7797	GARLIC	0.03264381284160273	0.17718669772148132
8025	GARLIC	0.1047020171369825	0.3653450608253479
8049	GARLIC	0.07217007662568774	0.3012613185814449
8094	GARLIC	0.06947712919541768	0.34259249908583506
8419	GARLIC	0.034942476344960074	0.2105476771082197
8438	GARLIC	0.03253348411193916	0.2039834942136492
8468	GARLIC	0.03421292134693691	0.255816604409899
8815	GARLIC	0.08702070585318974	0.3027099754129137
8878	GARLIC	0.03041907027363777	0.17711441005979264
9012	GARLIC	0.34275278236184803	0.6504086596625192
10886	GARLIC	0.060007773871932714	0.2511467678206308
11567	GARLIC	0.046017778505172045	0.23443622887134552
12020	GARLIC	0.08322519170386451	0.3445173033646175
12265	GARLIC	0.11874169217688697	0.4054820367268154
12377	GARLIC	0.4408182033470699	0.7305909054619926
16537	GARLIC	0.08281988544123513	0.24909483109201705
17898	GARLIC	0.07989768471036639	0.35449932728494915
18467	GARLIC	0.08408717066049576	0.3585375334535326
21363	GARLIC	0.09039950370788574	0.34460791519709993
27440	GARLIC	0.18852449740682328	0.475902612720217
31219	GARLIC	0.034741819969245365	0.19018940840448653
31276	GARLIC	0.027168454602360725	0.18245235085487366
31283	GARLIC	0.06310197258634227	0.30353154454912457
60998	GARLIC	0.05557383703333991	0.2795213120324271
61523	GARLIC	0.0840774295585496	0.3016515501907894
62351	GARLIC	0.25332299726349966	0.549423234803336
62465	GARLIC	0.02753117281411375	0.22833914203303202
251531	GARLIC	0.04565283842384815	0.2568401098251343
440917	GARLIC	0.1072570915733065	0.3281372998441969
637758	GARLIC	0.06858207232185773	0.2263292989560536
1549025	GARLIC	0.04979901281850679	0.2800728955439159
2733294	GARLIC	0.0401055392410074	0.1749663299747876
5281167	GARLIC	0.10710543181215014	0.34260831986154827
5281168	GARLIC	0.11459999957254954	0.38774266839027405
5318599	GARLIC	0.0502782328320401	0.26983446308544706
5352837	GARLIC	0.0715511180460453	0.28672778606414795
5364231	GARLIC	0.08652490749955177	0.29105865955352783
262	GARLIC	0.056401284145457406	0.28825753927230835
323	GARLIC	0.027353657941733087	0.20236786348479135
750	GARLIC	0.0865062911595617	0.354914482150759
753	GARLIC	0.07793240462030683	0.3405674823692867
962	GARLIC	0.0372772737007056	0.2646192865712302
5862	GARLIC	0.21665461787155696	0.5023646014077323
5962	GARLIC	0.1279926055244037	0.41611815776143757
6274	GARLIC	0.06706913826721055	0.3295309373310634
6322	GARLIC	0.08087876811623573	0.3605287841388157
6669	GARLIC	0.029096092230507305	0.2265178327049528
7137	GARLIC	0.016707097446279868	0.1857608301298959
15654	GARLIC	0.18644006550312042	0.488937360899789
62089	GARLIC	0.09060229361057281	0.3509481889860971
853433	GARLIC	0.022149479814938138	0.19744091587407248
5371102	GARLIC	0.056790277627961974	0.2229301439864295
10857465	GARLIC	0.050082339239971976	0.18708335076059615
180	SPICES	0.1445406675338745	0.37747950639043537
264	SPICES	0.14017434205327714	0.35665022901126314
702	SPICES	0.153699877006667	0.3958550436156137
1031	SPICES	0.13873473980597087	0.36591862780707224
3102	SPICES	0.15880940641675675	0.37202500445502146
3314	SPICES	0.405346759728023	0.6531511289732796
6506	SPICES	0.14391126270805085	0.36025984372411457
6544	SPICES	0.19487329678876059	0.4454966059752873
6561	SPICES	0.13834567900214875	0.34977941853659494
7092	SPICES	0.3037330486944744	0.5365714345659528
7302	SPICES	0.17859611766678946	0.4047361399446215
7476	SPICES	0.1788672379084996	0.4077596196106502
7559	SPICES	0.141643402831895	0.40296205452510286
7657	SPICES	0.15033485421112605	0.37588511194501606
7770	SPICES	0.09364296815225057	0.33651886667524067
7793	SPICES	0.161320794905935	0.35111687013081144
7797	SPICES	0.11350148490497045	0.36138137749263216
8025	SPICES	0.14414623379707336	0.3593566502843584
8049	SPICES	0.11440343303339821	0.3386737193380083
8094	SPICES	0.11794598400592804	0.3461534721510751
8419	SPICES	0.2576972373894283	0.508529795067651
8438	SPICES	0.25364742960248676	0.5117384919098446
8468	SPICES	0.2416146227291652	0.4804633344922747
8815	SPICES	0.2535150945186615	0.4794614017009735
8878	SPICES	0.12042492308786937	0.35542715021542143
9012	SPICES	0.23733253564153398	0.5113788417407444
10886	SPICES	0.1084508587207113	0.34063272391046795
11567	SPICES	0.1760036668607167	0.4075487766947065
12020	SPICES	0.15047359679426467	0.37298968860081266
12265	SPICES	0.16816337619509017	0.3927088592733656
12377	SPICES	0.28241755281175884	0.5601715786116463
16537	SPICES	0.16641672594206675	0.42968942863600595
17898	SPICES	0.19025140362126486	0.4303392342158726
18467	SPICES	0.19991080250058854	0.4289039501122066
21363	SPICES	0.1505221894809178	0.3638555748122079
27440	SPICES	0.18894646636077336	0.4397170458521162
31219	SPICES	0.1152614876627922	0.36431739159992765
31276	SPICES	0.0783401568021093	0.32426148653030396
31283	SPICES	0.10282513605696815	0.3178497041974749
60998	SPICES	0.14456821233034134	0.38633592213903156
61523	SPICES	0.13235014996358327	0.35653465560504366
62351	SPICES	0.24297550320625305	0.49098863771983553
62465	SPICES	0.36972675578934805	0.6070710165160043
251531	SPICES	0.1510766382728304	0.3465499324457986
440917	SPICES	0.2676709422043392	0.5360487444060189
637758	SPICES	0.18820495477744512	0.4280246113027845
1549025	SPICES	0.1185162290930748	0.32993669169289724
2733294	SPICES	0.11459497788122722	0.3543889692851475
5281167	SPICES	0.14676995681864874	0.3724601822240012
5281168	SPICES	0.17927361173289164	0.39914327434131075
5318599	SPICES	0.10050891020468303	0.3175648706299918
5352837	SPICES	0.12688129075935908	0.33903791649000986
5364231	SPICES	0.13796062767505646	0.3836810716560909
262	SPICES	0.14333398001534597	0.36773419805935453
323	SPICES	0.29976716211863924	0.5385488825184959
750	SPICES	0.16243628306048258	0.40205757532800945
753	SPICES	0.17510028183460236	0.41072517207690645
962	SPICES	0.15066330134868622	0.35981543149266926
5862	SPICES	0.2280475561107908	0.48435824257986887
5962	SPICES	0.1605672985315323	0.3885220544678824
6274	SPICES	0.19063594511577062	0.4412781979356493
6322	SPICES	0.1609347207205636	0.4131608179637364
6669	SPICES	0.07013050919132573	0.3256914275033133
7137	SPICES	0.4073450139590672	0.6743351987430027
15654	SPICES	0.24712269859654562	0.4892366485936301
62089	SPICES	0.11680289464337486	0.3568597733974457
853433	SPICES	0.41195933307920185	0.6641783884593419
5371102	SPICES	0.2084491742508752	0.43076834082603455
10857465	SPICES	0.2038400705371584	0.4721136178289141
180	COLD	0.23826465223516738	0.43298663411821636
264	COLD	0.180661963565009	0.35055510486875263
702	COLD	0.2306706884077617	0.4177035221031734
1031	COLD	0.22790782366480147	0.41256570390292574
3102	COLD	0.29119408982140677	0.5052204600402287
3314	COLD	0.2318102823836463	0.43874580945287434
6506	COLD	0.2026602796145848	0.3804977663925716
6544	COLD	0.29764131137302946	0.48128614255360197
6561	COLD	0.24517302427973067	0.44479077628680636
7092	COLD	0.2215770653315953	0.4381624587944576
7302	COLD	0.18946808576583862	0.3695342370441982
7476	COLD	0.25980263309819357	0.4899478086403438
7559	COLD	0.2957323704447065	0.5229576783520835
7657	COLD	0.26158422231674194	0.4724275767803192
7770	COLD	0.2448763464178358	0.4263498144490378
7793	COLD	0.2836927963154657	0.5076464755194527
7797	COLD	0.23419460654258728	0.4542948007583618
8025	COLD	0.20340934608663833	0.3978555585656847
8049	COLD	0.22502854679312026	0.4067188543932779
8094	COLD	0.20403805587972915	0.39717014346803936
8419	COLD	0.21522420644760132	0.4336661015238081
8438	COLD	0.22926278625215804	0.45477331961904255
8468	COLD	0.24604863141264235	0.4635367691516876
8815	COLD	0.22516178020409175	0.4276396461895534
8878	COLD	0.23819809300558908	0.43453272325651987
9012	COLD	0.1264680592077119	0.27546702112470356
10886	COLD	0.22743172092097147	0.4316606947353908
11567	COLD	0.40601068309375216	0.6022964205060687
12020	COLD	0.237126995410238	0.43200195261410307
12265	COLD	0.21283451999936784	0.40955991404397146
12377	COLD	0.13244029879570007	0.3017651438713074
16537	COLD	0.32388362288475037	0.5348293994154248
17898	COLD	0.18118788727692195	0.39139304416520254
18467	COLD	0.2012800702026912	0.4078736518110548
21363	COLD	0.13155816282544816	0.29975466643060955
27440	COLD	0.15214523673057556	0.342775217124394
31219	COLD	0.33668664523533415	0.5702272398131234
31276	COLD	0.318086747612272	0.5285214952060154
31283	COLD	0.22648188471794128	0.40603225997516085
60998	COLD	0.16182968020439148	0.3519130604607718
61523	COLD	0.2014277300664357	0.4090409662042345
62351	COLD	0.10818776594741004	0.2681199482509068
62465	COLD	0.25126860397202627	0.4655752054282597
251531	COLD	0.23840821640832083	0.4279700687953404
440917	COLD	0.4657570208821978	0.6188380292483738
637758	COLD	0.28568533062934875	0.49897898520742145
1549025	COLD	0.13191474016223634	0.3332755906241281
2733294	COLD	0.24520977480070932	0.4557403879506247
5281167	COLD	0.25025901411260876	0.4657985142299107
5281168	COLD	0.2015123473746436	0.3987087139061519
5318599	COLD	0.2707699239253998	0.4930878792490278
5352837	COLD	0.2531789541244507	0.4781527136053358
5364231	COLD	0.2429355744804655	0.4528498521872929
262	COLD	0.2967877430575235	0.5006839760712215
323	COLD	0.256778074162347	0.497938688312258
750	COLD	0.22646214706557138	0.41292890906333923
753	COLD	0.2669975587299892	0.4645679124764034
962	COLD	0.2724564160619463	0.48572024277278353
5862	COLD	0.16242037500653947	0.3415396681853703
5962	COLD	0.19639400286333902	0.37473583221435547
6274	COLD	0.2507146043436868	0.456450309072222
6322	COLD	0.241524304662432	0.44217386841773987
6669	COLD	0.23684578495366232	0.427351108619145
7137	COLD	0.163714594074658	0.3913788412298475
15654	COLD	0.12493507244757243	0.30707804220063345
62089	COLD	0.21913314504282816	0.39945562396730694
853433	COLD	0.23849323179040635	0.4453579527991159
5371102	COLD	0.3352149852684566	0.5462769653115954
10857465	COLD	0.36251601576805115	0.6143507020814079
180	SOUR	0.2867365096296583	0.5422311765807015
264	SOUR	0.48641066466059	0.6924617886543274
702	SOUR	0.27602038638932364	0.5348427040236337
1031	SOUR	0.3149248787334987	0.5641048465456281
3102	SOUR	0.18596865449632918	0.42919485909598215
3314	SOUR	0.10958485092435565	0.2970436726297651
6506	SOUR	0.33293471166065763	0.5581262196813311
6544	SOUR	0.2459280001265662	0.49165269306727816
6561	SOUR	0.3358792322022574	0.5865149668284825
7092	SOUR	0.17719653993844986	0.3953955982412611
7302	SOUR	0.2763128067765917	0.5354954855782645
7476	SOUR	0.14771890853132522	0.3585387298039028
7559	SOUR	0.17757816825594222	0.42541739344596863
7657	SOUR	0.2469366959163121	0.5001243438039508
7770	SOUR	0.28306782458509716	0.5385444675173078
7793	SOUR	0.15933509809630259	0.34783011249133516
7797	SOUR	0.18469192300524032	0.4544189955507006
8025	SOUR	0.38831506030900137	0.6227658305849347
8049	SOUR	0.21394119092396327	0.4593353739806584
8094	SOUR	0.4073669229234968	0.6505199500492641
8419	SOUR	0.11136698190655027	0.29755852477891104
8438	SOUR	0.11266759889466423	0.2973806858062744
8468	SOUR	0.17300036975315639	0.41035707933562143
8815	SOUR	0.18072180662836348	0.4105741083621979
8878	SOUR	0.17273876070976257	0.43747360365731375
9012	SOUR	0.3675526337964194	0.6311598675591605
10886	SOUR	0.2097722738981247	0.47653219955308096
11567	SOUR	0.18703435361385345	0.4272399033818926
12020	SOUR	0.28630131270204273	0.5413479634693691
12265	SOUR	0.2657867499760219	0.5514777217592511
12377	SOUR	0.409776155437742	0.6968145455632891
16537	SOUR	0.22772156127861568	0.4719885928290231
17898	SOUR	0.251176655292511	0.52437253509249
18467	SOUR	0.23727033393723623	0.515407281262534
21363	SOUR	0.4384101458958217	0.657977112701961
27440	SOUR	0.29887333512306213	0.5886262314660209
31219	SOUR	0.16023347633225576	0.3999785270009722
31276	SOUR	0.226947226694652	0.4871029385498592
31283	SOUR	0.172772792833192	0.42678578410829815
60998	SOUR	0.24903571605682373	0.5009729904787881
61523	SOUR	0.26650998634951456	0.5197961798736027
62351	SOUR	0.37018456203596933	0.6320806997162955
62465	SOUR	0.1265598407813481	0.34722418018749784
251531	SOUR	0.16404621303081512	0.415739689554487
440917	SOUR	0.25992504187992643	0.4900242728846414
637758	SOUR	0.2146408600466592	0.4435878098011017
1549025	SOUR	0.20105661026069097	0.4493928551673889
2733294	SOUR	0.20459650031157903	0.46647760697773527
5281167	SOUR	0.3556999819619315	0.5761839917727879
5281168	SOUR	0.35443592071533203	0.6101510099002293
5318599	SOUR	0.2861767624105726	0.5264672764710018
5352837	SOUR	0.27973457745143343	0.5146348774433136
5364231	SOUR	0.3173251577786037	0.5364944168499538
262	SOUR	0.21919940837791987	0.46744141834122793
323	SOUR	0.15853905358484813	0.38421542729650227
750	SOUR	0.3311323310647692	0.5859235014234271
753	SOUR	0.23052343726158142	0.4944773188659123
962	SOUR	0.22923081474644796	0.4747576969010489
5862	SOUR	0.34601608770234243	0.6345297268458775
5962	SOUR	0.449983822447913	0.7128816161836896
6274	SOUR	0.24162964948586055	0.5170459747314453
6322	SOUR	0.2990171036549977	0.5721130200794765
6669	SOUR	0.17985898362738745	0.40035069414547514
7137	SOUR	0.09072159230709076	0.2569575948374612
15654	SOUR	0.2568527396236147	0.5347633787563869
62089	SOUR	0.39814023460660664	0.653923749923706
853433	SOUR	0.11494457189525877	0.2954133791582925
5371102	SOUR	0.2004419309752328	0.43313189915248324
10857465	SOUR	0.18281720791544234	0.4664152222020285
180	BURNT	0.11600063634770257	0.3241157446588789
264	BURNT	0.1230662145784923	0.34120567781584604
702	BURNT	0.11859373216118131	0.3197917640209198
1031	BURNT	0.1100982033780643	0.31660012687955585
3102	BURNT	0.10517910761492592	0.30312728030341013
3314	BURNT	0.160796976515225	0.40381519709314617
6506	BURNT	0.11876529880932399	0.3015089247907911
6544	BURNT	0.1325127865586962	0.34066503388541086
6561	BURNT	0.12382792362145015	0.34989125388009207
7092	BURNT	0.14342336356639862	0.37481384192194256
7302	BURNT	0.1789576496396746	0.40673023036548067
7476	BURNT	0.08647931952561651	0.24950953466551645
7559	BURNT	0.08913942107132503	0.2369415419442313
7657	BURNT	0.1227842675788062	0.33257153630256653
7770	BURNT	0.08790239585297448	0.2172324380704335
7793	BURNT	0.07913949180926595	0.24024799253259385
7797	BURNT	0.05922687905175345	0.16958708209650858
8025	BURNT	0.12257648365838188	0.34512468746730257
8049	BURNT	0.10925241559743881	0.27856525991644177
8094	BURNT	0.18479534345013754	0.4228059436593737
8419	BURNT	0.13666162746293203	0.32061295424188885
8438	BURNT	0.10753093234130315	0.2761445002896445
8468	BURNT	0.16548992906297957	0.4070957899093628
8815	BURNT	0.13345830036061151	0.3661963939666748
8878	BURNT	0.08979533506291253	0.22758732523236955
9012	BURNT	0.30806694286210196	0.5647723249026707
10886	BURNT	0.08673800528049469	0.2412607627255576
11567	BURNT	0.2311772108078003	0.4767418163163321
12020	BURNT	0.15498603028910501	0.38900861144065857
12265	BURNT	0.20529903684343612	0.44330754024641855
12377	BURNT	0.2561635226011276	0.5181914482797895
16537	BURNT	0.06238851536597524	0.21139453138623918
17898	BURNT	0.31893094522612436	0.5948776262147086
18467	BURNT	0.2564587891101837	0.5188501945563725
21363	BURNT	0.1918565801211766	0.42263203859329224
27440	BURNT	0.3207474946975708	0.6051123482840401
31219	BURNT	0.07157983896987778	0.20652336520808084
31276	BURNT	0.09362621818270002	0.20192855170794896
31283	BURNT	0.1712591371365956	0.39350336364337374
60998	BURNT	0.1331594522510256	0.30100337096623014
61523	BURNT	0.17021311393805913	0.35865689601217
62351	BURNT	0.25607740027563913	0.5181343129702977
62465	BURNT	0.21007899514266423	0.4812828941004617
251531	BURNT	0.09015287086367607	0.28101075121334623
440917	BURNT	0.09755137669188636	0.31763153416769846
637758	BURNT	0.050737851432391574	0.2209129525082452
1549025	BURNT	0.11478950934750694	0.32433466400418964
2733294	BURNT	0.06896693738443511	0.18674614599772862
5281167	BURNT	0.11441461103303092	0.2842465170792171
5281168	BURNT	0.18621660130364553	0.3994100775037493
5318599	BURNT	0.16050942029271806	0.3958676925727299
5352837	BURNT	0.12679476290941238	0.3182265503065927
5364231	BURNT	0.15294337379080908	0.3425851081098829
262	BURNT	0.12152553775480815	0.3281288061823164
323	BURNT	0.14525603928736278	0.378775166613715
750	BURNT	0.14303928187915257	0.3719213604927063
753	BURNT	0.14311365996088302	0.372076792376382
962	BURNT	0.11919589659997396	0.3323246240615845
5862	BURNT	0.2523798133645739	0.5148270555904934
5962	BURNT	0.2009811954838889	0.4490011717591967
6274	BURNT	0.18117428251675197	0.41831916996410917
6322	BURNT	0.16664554178714752	0.3859867453575134
6669	BURNT	0.03967223369649479	0.2026469728776387
7137	BURNT	0.1348175619329725	0.33639890807015554
15654	BURNT	0.3145868820803506	0.5886392423084804
62089	BURNT	0.2005029022693634	0.480161326272147
853433	BURNT	0.15284826500075205	0.38257782799857004
5371102	BURNT	0.10544013657740184	0.31478375622204374
10857465	BURNT	0.05746528133749962	0.2463689148426056
180	ACID	0.25657084797109875	0.4430290716035025
264	ACID	0.2590182913201196	0.4106355735233852
702	ACID	0.2175423949956894	0.3858769280569894
1031	ACID	0.2314131877252034	0.4064644362245287
3102	ACID	0.2384249589272908	0.44901765670095173
3314	ACID	0.14687240762369974	0.34107180152620586
6506	ACID	0.18514053097793035	0.354298608643668
6544	ACID	0.2554404011794499	0.44377697365624563
6561	ACID	0.3145615075315748	0.49463222708020893
7092	ACID	0.1761955065386636	0.346161812543869
7302	ACID	0.2113010138273239	0.37851870911461966
7476	ACID	0.1546559759548732	0.32989008511815754
7559	ACID	0.211300328373909	0.4251939867224012
7657	ACID	0.2837804172720228	0.49711994188172476
7770	ACID	0.20671449388776506	0.3616896867752075
7793	ACID	0.17846423068216868	0.40122285911015104
7797	ACID	0.08757843290056501	0.25335302097456797
8025	ACID	0.2822801577193396	0.46514394879341125
8049	ACID	0.17044584240232194	0.3359718918800354
8094	ACID	0.32781820212091717	0.4985202508313315
8419	ACID	0.11831526245389666	0.3034598912511553
8438	ACID	0.10866668713944298	0.2763201083455767
8468	ACID	0.17423062452248164	0.35111204641205923
8815	ACID	0.1823008188179561	0.36250496336391996
8878	ACID	0.0996004231274128	0.26468001093183247
9012	ACID	0.28523228211062296	0.5209290853568486
10886	ACID	0.1390093926872526	0.3023207017353603
11567	ACID	0.49444166677338736	0.6800541281700134
12020	ACID	0.3409013535295214	0.5193912642342704
12265	ACID	0.3315903714724949	0.535307092326028
12377	ACID	0.24374581447669438	0.4615822434425354
16537	ACID	0.17616222160203115	0.3580100451196943
17898	ACID	0.26326076899256023	0.4899572559765407
18467	ACID	0.2489828552518572	0.46516524468149456
21363	ACID	0.22981542561735427	0.4267461427620479
27440	ACID	0.2777856034891946	0.48192251154354643
31219	ACID	0.23424820389066422	0.44425333397729055
31276	ACID	0.3055417537689209	0.4712960592338017
31283	ACID	0.19001107130731856	0.3698326519557408
60998	ACID	0.155680673463004	0.3549071763242994
61523	ACID	0.2460268544299262	0.4901869978223528
62351	ACID	0.25273625765527996	0.4434728877885001
62465	ACID	0.22543135498251235	0.43675200428281513
251531	ACID	0.12736858321087702	0.3408169576099941
440917	ACID	0.32691860624722074	0.4829243208680834
637758	ACID	0.13044978358915874	0.32890670214380535
1549025	ACID	0.08913522639444896	0.2580988236836025
2733294	ACID	0.10343411351953234	0.26876359965120045
5281167	ACID	0.22543227672576904	0.44224567072732107
5281168	ACID	0.29529947893960135	0.4819246104785374
5318599	ACID	0.295244038105011	0.5149089183126178
5352837	ACID	0.22324036487511226	0.43823489121028353
5364231	ACID	0.20670982769557408	0.39600881934165955
262	ACID	0.30348409499440876	0.49987576263291494
323	ACID	0.20591445905821665	0.3875869257109506
750	ACID	0.21570156727518355	0.38272404244967867
753	ACID	0.2650740849120276	0.4392842778137752
962	ACID	0.2579125463962555	0.4412089628832681
5862	ACID	0.21440846366541727	0.3917028989110674
5962	ACID	0.2586091011762619	0.4435956392969404
6274	ACID	0.22627530140536173	0.3914138845035008
6322	ACID	0.22114823758602142	0.38609605601855684
6669	ACID	0.07011226032461439	0.26455551173005787
7137	ACID	0.06352873731936727	0.22101165567125594
15654	ACID	0.1556106380053929	0.352270313671657
62089	ACID	0.3664510122367314	0.5569658534867423
853433	ACID	0.1427120715379715	0.3238815537520817
5371102	ACID	0.2539305431502206	0.4647573743547712
10857465	ACID	0.18406567403248378	0.4460779343332563
180	WARM	0.27106412819453646	0.4795073653970446
264	WARM	0.2963004878589085	0.5120221631867545
702	WARM	0.2651034082685198	0.4541179580347879
1031	WARM	0.26172459551266264	0.4591223512377058
3102	WARM	0.2639094718864986	0.4744853675365448
3314	WARM	0.4657343796321324	0.6418176804270063
6506	WARM	0.2710746441568647	0.46249701721327646
6544	WARM	0.3176550098827907	0.5448663575308663
6561	WARM	0.2744254640170506	0.4897764027118683
7092	WARM	0.38106495993477957	0.5640016964503697
7302	WARM	0.3439733726637704	0.5379589881215777
7476	WARM	0.34236861552510944	0.5116407743522099
7559	WARM	0.35391269411359516	0.5967970405306134
7657	WARM	0.23785952585084097	0.46868946722575594
7770	WARM	0.29825672933033537	0.5271787217685154
7793	WARM	0.2885309415204184	0.4528820940426418
7797	WARM	0.32518727438790457	0.563503018447331
8025	WARM	0.2576638460159302	0.4715023636817932
8049	WARM	0.2929062119552067	0.48718895656721933
8094	WARM	0.3315178028174809	0.5493934239659991
8419	WARM	0.48224336760384695	0.6032597848347255
8438	WARM	0.46632438472339083	0.5953141706330436
8468	WARM	0.3422197018350874	0.5098153310162681
8815	WARM	0.2954980603286198	0.486919288124357
8878	WARM	0.3319434608731951	0.5611015643392291
9012	WARM	0.3302552274295262	0.6036798357963562
10886	WARM	0.2773128705365317	0.4853802536215101
11567	WARM	0.3260304204055241	0.55080532176154
12020	WARM	0.2669432248388018	0.48310934220041546
12265	WARM	0.2781472035816738	0.5179801370416369
12377	WARM	0.314203109060015	0.5769926224436078
16537	WARM	0.2952472524983542	0.5221853383949825
17898	WARM	0.4331398734024593	0.6432886634554181
18467	WARM	0.35918881211962017	0.5771594984190804
21363	WARM	0.35787936619349886	0.6185346586363656
27440	WARM	0.3693757951259613	0.6029686757496425
31219	WARM	0.2826081599508013	0.5217957922390529
31276	WARM	0.2961826707635607	0.545166015625
31283	WARM	0.3333710857800075	0.5276472909109933
60998	WARM	0.394123694726399	0.6520283647945949
61523	WARM	0.3319349672113146	0.5795256325176784
62351	WARM	0.3259510397911072	0.5712124790464129
62465	WARM	0.439613938331604	0.6213798097201756
251531	WARM	0.30160182288714815	0.48255870597703115
440917	WARM	0.26740009444100515	0.5049928639616285
637758	WARM	0.32471258299691336	0.5290189938885825
1549025	WARM	0.335495582648686	0.5302597326891763
2733294	WARM	0.293241160256522	0.54050156048366
5281167	WARM	0.27040467517716543	0.5038651909146991
5281168	WARM	0.32121596591813223	0.5339977060045514
5318599	WARM	0.2944840575967516	0.519955405167171
5352837	WARM	0.26976846371378216	0.4978698662349156
5364231	WARM	0.33365397793906076	0.5454883916037423
262	WARM	0.28560844915253775	0.4831228724547795
323	WARM	0.3896354479449136	0.5939672248704093
750	WARM	0.28602870447295053	0.49061374153409687
753	WARM	0.27544507810047697	0.4706867379801614
962	WARM	0.26116671732493807	0.4617563486099243
5862	WARM	0.363845305783408	0.5902056779180255
5962	WARM	0.31937491468020845	0.5661803228514535
6274	WARM	0.29976644260542734	0.5034526927130563
6322	WARM	0.26504944052015034	0.47565474680491854
6669	WARM	0.37525629145758493	0.5531117575509208
7137	WARM	0.6083763114043644	0.7978690096310207
15654	WARM	0.41952615124838694	0.6272346462522235
62089	WARM	0.31402880379131864	0.5723397050585065
853433	WARM	0.47790782366480145	0.6550844311714172
5371102	WARM	0.28311528478349957	0.5045006913798196
10857465	WARM	0.3884750264031546	0.6410353268895831
180	MUSKY	0.2499076553753444	0.4729228530611311
264	MUSKY	0.40444481798580717	0.6385327236992973
702	MUSKY	0.23604329994746617	0.4683296425001962
1031	MUSKY	0.2709256708621979	0.4996010788849422
3102	MUSKY	0.2212897092103958	0.43394154735973905
3314	MUSKY	0.13056071741240366	0.3351536648614066
6506	MUSKY	0.27639161688940866	0.5074976512363979
6544	MUSKY	0.23522130293505533	0.474574829850878
6561	MUSKY	0.2875054393495832	0.51312655210495
7092	MUSKY	0.19063411440168107	0.4105437695980072
7302	MUSKY	0.2577194337333952	0.4970164937632425
7476	MUSKY	0.16194130693163192	0.3750980496406555
7559	MUSKY	0.18738749942609242	0.4164676410811288
7657	MUSKY	0.24031090949262893	0.4860542927469526
7770	MUSKY	0.18989343515464238	0.40198943870408194
7793	MUSKY	0.12517299822398595	0.38548716051237925
7797	MUSKY	0.10298493504524231	0.2965238392353058
8025	MUSKY	0.30617823771068026	0.5396560260227748
8049	MUSKY	0.22062416161809648	0.4304942488670349
8094	MUSKY	0.40470496245792936	0.6577605775424412
8419	MUSKY	0.1341062550033842	0.3388765922614506
8438	MUSKY	0.12560660392045975	0.3258048083101
8468	MUSKY	0.20298820734024048	0.4358602932521275
8815	MUSKY	0.21517970519406454	0.43281642879758564
8878	MUSKY	0.12309588811227254	0.3248524410384042
9012	MUSKY	0.3669921968664442	0.6575534003121513
10886	MUSKY	0.16839589497872762	0.37306705117225647
11567	MUSKY	0.20096549178872788	0.4293703394276755
12020	MUSKY	0.25828157365322113	0.47906382169042316
12265	MUSKY	0.28307078991617474	0.5399343201092311
12377	MUSKY	0.33331492117473055	0.6236829927989415
16537	MUSKY	0.12096384486981801	0.3434378589902605
17898	MUSKY	0.31776831831250874	0.6015834297452655
18467	MUSKY	0.28856506305081503	0.5544828602245876
21363	MUSKY	0.49078798294067383	0.7289314695766994
27440	MUSKY	0.3558962898594992	0.6500001890318734
31219	MUSKY	0.14017371726887567	0.3586698685373579
31276	MUSKY	0.11879983331475939	0.32340397579329355
31283	MUSKY	0.23620719356196268	0.48402623193604605
60998	MUSKY	0.3335683345794678	0.561507795538221
61523	MUSKY	0.26782558645520893	0.579467739377703
62351	MUSKY	0.3678928656237466	0.6235637835093907
62465	MUSKY	0.1492659928543227	0.36622488498687744
251531	MUSKY	0.23444761335849762	0.4516581722668239
440917	MUSKY	0.14324934674160822	0.31176380600248066
637758	MUSKY	0.2555717783314841	0.5105086692741939
1549025	MUSKY	0.1652372522013528	0.3744234187262399
2733294	MUSKY	0.1289718481046813	0.32916180576596943
5281167	MUSKY	0.30194265714713503	0.5647853400026049
5281168	MUSKY	0.320543110370636	0.5876283475330898
5318599	MUSKY	0.3127256291253226	0.5679745546409062
5352837	MUSKY	0.2802563671554838	0.5233268226896014
5364231	MUSKY	0.2597105439220156	0.5009471603802272
262	MUSKY	0.20215748250484467	0.4065467800412859
323	MUSKY	0.21178506740501948	0.42289177009037565
750	MUSKY	0.2986189339842115	0.537892861025674
753	MUSKY	0.21927870597158158	0.4379325636795589
962	MUSKY	0.23706265432494028	0.4474828711577824
5862	MUSKY	0.31890782713890076	0.6109929510525295
5962	MUSKY	0.43563371896743774	0.7112398573330471
6274	MUSKY	0.26764234048979624	0.5053666532039642
6322	MUSKY	0.29637234125818523	0.5381032313619342
6669	MUSKY	0.23176598974636622	0.4464995690754482
7137	MUSKY	0.11127965258700508	0.32225342307771954
15654	MUSKY	0.306247672864369	0.5883187055587769
62089	MUSKY	0.4407782767500196	0.7164015173912048
853433	MUSKY	0.13480144100529806	0.33530167596680777
5371102	MUSKY	0.23228214468274797	0.4889226640973772
10857465	MUSKY	0.27547668133463177	0.5497398461614337
180	SWEATY	0.16416152034487044	0.35443274889673504
264	SWEATY	0.2988468962056296	0.5106951211180005
702	SWEATY	0.1636886383805956	0.34864430342401775
1031	SWEATY	0.18618521307195937	0.3791745603084564
3102	SWEATY	0.0957736394235066	0.2553431306566511
3314	SWEATY	0.013230421447328158	0.0931727412555899
6506	SWEATY	0.19025513529777527	0.3693077564239502
6544	SWEATY	0.1136704268200057	0.26551433333328794
6561	SWEATY	0.18755221366882324	0.3928550396646772
7092	SWEATY	0.08049095847776958	0.20327883533069066
7302	SWEATY	0.15823100294385636	0.3415504608835493
7476	SWEATY	0.0571591816842556	0.1758224368095398
7559	SWEATY	0.10234497860074043	0.23820097744464874
7657	SWEATY	0.12360499054193497	0.3162389780793871
7770	SWEATY	0.10850103518792562	0.2550958480153765
7793	SWEATY	0.07307868025132588	0.16473841134990966
7797	SWEATY	0.03790789496685777	0.15884538207735335
8025	SWEATY	0.20382049679756165	0.4140281762395586
8049	SWEATY	0.12376412536416735	0.27891822372164043
8094	SWEATY	0.2698982059955597	0.502427169254848
8419	SWEATY	0.026036155010972704	0.11378799165998187
8438	SWEATY	0.03403776617986815	0.11614958835499627
8468	SWEATY	0.0749121116740363	0.22646005025931767
8815	SWEATY	0.07984245994261333	0.2369649580546788
8878	SWEATY	0.04723092381443296	0.1828541840825762
9012	SWEATY	0.21834639140537807	0.4642682841845921
10886	SWEATY	0.07862115651369095	0.23291536101273128
11567	SWEATY	0.08693829391683851	0.23918441150869643
12020	SWEATY	0.14592979103326797	0.3432944544724056
12265	SWEATY	0.14147764976535523	0.36911913752555847
12377	SWEATY	0.21386765795094625	0.4819291617189135
16537	SWEATY	0.05587293713220528	0.1900633488382612
17898	SWEATY	0.15134201092379435	0.3798701252256121
18467	SWEATY	0.14226556250027247	0.35336761815207346
21363	SWEATY	0.3414620118481772	0.5372641640050071
27440	SWEATY	0.17811121259416854	0.44139710494450163
31219	SWEATY	0.0650251332138266	0.1914989479950496
31276	SWEATY	0.06614407045500618	0.18982721652303422
31283	SWEATY	0.13933410282645906	0.3182736166885921
60998	SWEATY	0.19542410118239267	0.3572328431265695
61523	SWEATY	0.1681943471942629	0.34137326053210665
62351	SWEATY	0.2155154666730336	0.4583055462156023
62465	SWEATY	0.03417794140321868	0.13065119407006673
251531	SWEATY	0.10613527415054184	0.2496093703167779
440917	SWEATY	0.06327744520136289	0.18815405879701888
637758	SWEATY	0.1274126565882138	0.30001157947949003
1549025	SWEATY	0.1282968052795955	0.2529239420379911
2733294	SWEATY	0.051061385976416726	0.19310142525604793
5281167	SWEATY	0.18394134832280024	0.3933345377445221
5281168	SWEATY	0.2149571989263807	0.44472095370292664
5318599	SWEATY	0.17632885383708136	0.37753860439573017
5352837	SWEATY	0.1489215557064329	0.3383562309401376
5364231	SWEATY	0.13815145300967352	0.32831678645951407
262	SWEATY	0.11742854650531497	0.2826665277991976
323	SWEATY	0.07415589530553136	0.20197370222636632
750	SWEATY	0.22163029866559164	0.4184900735105787
753	SWEATY	0.12731422590357916	0.3054874326501574
962	SWEATY	0.12241514027118683	0.298248895577022
5862	SWEATY	0.23550408014229365	0.47563232268605915
5962	SWEATY	0.32875268374170574	0.5748135958399091
6274	SWEATY	0.16092439421585628	0.36337648970740183
6322	SWEATY	0.2018739879131317	0.4140565352780478
6669	SWEATY	0.16456654880728042	0.3029229428086962
7137	SWEATY	-2.3715198040008545e-05	0.08370309642383031
15654	SWEATY	0.17022255275930678	0.4184787741729191
62089	SWEATY	0.2738853543996811	0.522945238011224
853433	SWEATY	0.016974171357495443	0.10559484681912831
5371102	SWEATY	0.1042097636631557	0.2541780599525997
10857465	SWEATY	0.11661762850625175	0.27613699649061474
180	AMMONIA/URINOUS	0.29048546297209604	0.4584133880478995
264	AMMONIA/URINOUS	0.377421783549445	0.530146700995309
702	AMMONIA/URINOUS	0.22885384091309138	0.3897469256605421
1031	AMMONIA/URINOUS	0.26984573900699615	0.432984322309494
3102	AMMONIA/URINOUS	0.28144274013383047	0.4379732736519405
3314	AMMONIA/URINOUS	0.1790279256446021	0.32421002217701506
6506	AMMONIA/URINOUS	0.23891333597046988	0.3902448373181479
6544	AMMONIA/URINOUS	0.3451255943093981	0.4889204800128937
6561	AMMONIA/URINOUS	0.38603380748203825	0.5558672377041408
7092	AMMONIA/URINOUS	0.22316516510077886	0.3584524861403874
7302	AMMONIA/URINOUS	0.28345515046800884	0.4493588294301714
7476	AMMONIA/URINOUS	0.1674661146742957	0.28058211718286785
7559	AMMONIA/URINOUS	0.30106963004384724	0.4417697659560612
7657	AMMONIA/URINOUS	0.30555436866624014	0.48039616857256207
7770	AMMONIA/URINOUS	0.2158927662031991	0.3585239563669477
7793	AMMONIA/URINOUS	0.23688905153955733	0.3822911466870989
7797	AMMONIA/URINOUS	0.08243519546730178	0.20423803797789983
8025	AMMONIA/URINOUS	0.35366590533937725	0.5390018267290932
8049	AMMONIA/URINOUS	0.18905937245913915	0.322590959923608
8094	AMMONIA/URINOUS	0.4097156141485487	0.541730489049639
8419	AMMONIA/URINOUS	0.1408116423657962	0.2505987605878285
8438	AMMONIA/URINOUS	0.13686375107084	0.23592754772731236
8468	AMMONIA/URINOUS	0.1666302510670253	0.2931897853102003
8815	AMMONIA/URINOUS	0.1975874219621931	0.3275767139026097
8878	AMMONIA/URINOUS	0.0948339184480054	0.2046419701405934
9012	AMMONIA/URINOUS	0.4500799562249865	0.6001400692122323
10886	AMMONIA/URINOUS	0.1604438019650323	0.3026094521795
11567	AMMONIA/URINOUS	0.6279617037091937	0.7454430546079364
12020	AMMONIA/URINOUS	0.39211240836552214	0.557853353875024
12265	AMMONIA/URINOUS	0.41426053643226624	0.5745984826769147
12377	AMMONIA/URINOUS	0.37324385557855877	0.5551252365112305
16537	AMMONIA/URINOUS	0.12996223781790053	0.2960032948425838
17898	AMMONIA/URINOUS	0.3691267541476658	0.5383642656462533
18467	AMMONIA/URINOUS	0.32630273699760437	0.4941391519137791
21363	AMMONIA/URINOUS	0.43203829867499216	0.5453868721212659
27440	AMMONIA/URINOUS	0.3938254032816206	0.5640779307910374
31219	AMMONIA/URINOUS	0.2309687009879521	0.3739240893295833
31276	AMMONIA/URINOUS	0.2702256717852184	0.40379745193890165
31283	AMMONIA/URINOUS	0.19695757116590226	0.3087601831981114
60998	AMMONIA/URINOUS	0.3874711947781699	0.5404843517712185
61523	AMMONIA/URINOUS	0.3470516630581447	0.5088360735348293
62351	AMMONIA/URINOUS	0.37445779357637676	0.5170036426612309
62465	AMMONIA/URINOUS	0.23076649010181427	0.3818002428327288
251531	AMMONIA/URINOUS	0.21952583534376963	0.38377211349351065
440917	AMMONIA/URINOUS	0.2762751856020519	0.4446987382003239
637758	AMMONIA/URINOUS	0.22510597109794617	0.338045345885413
1549025	AMMONIA/URINOUS	0.13234622244324004	0.2802251492227827
2733294	AMMONIA/URINOUS	0.12154049745627812	0.23152762864317214
5281167	AMMONIA/URINOUS	0.30672942101955414	0.4479797525065286
5281168	AMMONIA/URINOUS	0.32596244130815777	0.48917234369686674
5318599	AMMONIA/URINOUS	0.3907008469104767	0.5401368524347033
5352837	AMMONIA/URINOUS	0.3031070615564074	0.44924276641436983
5364231	AMMONIA/URINOUS	0.24306620444570268	0.37494829297065735
262	AMMONIA/URINOUS	0.29852566548756193	0.4486116511481149
323	AMMONIA/URINOUS	0.2956831455230713	0.4334809865270342
750	AMMONIA/URINOUS	0.24635250440665654	0.39832361681120737
753	AMMONIA/URINOUS	0.26296573664460865	0.41052593077932087
962	AMMONIA/URINOUS	0.2777236040149416	0.40814429947308134
5862	AMMONIA/URINOUS	0.34161860602242605	0.5032721928187779
5962	AMMONIA/URINOUS	0.3760699374335153	0.5145767203399113
6274	AMMONIA/URINOUS	0.2243186512163707	0.3508524681840624
6322	AMMONIA/URINOUS	0.24070356786251068	0.3677676277501242
6669	AMMONIA/URINOUS	0.13601679035595485	0.21929114205496653
7137	AMMONIA/URINOUS	0.16776215178625925	0.2830949681145804
15654	AMMONIA/URINOUS	0.27609181829861235	0.45511350887162344
62089	AMMONIA/URINOUS	0.4839740778718676	0.6185909850256783
853433	AMMONIA/URINOUS	0.19922438051019395	0.3406389653682709
5371102	AMMONIA/URINOUS	0.32408501846449717	0.45833887798445566
10857465	AMMONIA/URINOUS	0.31082339371953693	0.44978741662842886
180	DECAYED	0.08639875160796302	0.3673767362322126
264	DECAYED	0.18648360988923482	0.498739949294499
702	DECAYED	0.079545544726508	0.35188376903533936
1031	DECAYED	0.09504238196781703	0.3699063445840563
3102	DECAYED	0.06358259916305542	0.32859264952795847
3314	DECAYED	0.04942841428731169	0.2540851959160396
6506	DECAYED	0.0992202450122152	0.3600248864718846
6544	DECAYED	0.08571354406220573	0.3745418872152056
6561	DECAYED	0.1142643072775432	0.42201453021594454
7092	DECAYED	0.06622567400336266	0.29357142959322247
7302	DECAYED	0.0961117148399353	0.3768561865602221
7476	DECAYED	0.03624172428888934	0.2774040677717754
7559	DECAYED	0.06641249518309321	0.35319420269557406
7657	DECAYED	0.08688624948263168	0.3835024620805468
7770	DECAYED	0.08764112953628812	0.39933190601212637
7793	DECAYED	0.04411573202482292	0.22613166911261423
7797	DECAYED	0.04739184943693025	0.30491306100572857
8025	DECAYED	0.12521560490131378	0.43250027298927307
8049	DECAYED	0.05478651821613312	0.30874266369002207
8094	DECAYED	0.17760367691516876	0.4780500829219818
8419	DECAYED	0.03118110208639077	0.23397309013775416
8438	DECAYED	0.018332729914358685	0.21956475504807063
8468	DECAYED	0.05176538974046707	0.29465387974466595
8815	DECAYED	0.066642058214971	0.32323645268167767
8878	DECAYED	0.0482364363436188	0.2992498789514814
9012	DECAYED	0.20936728588172368	0.6060924104281834
10886	DECAYED	0.05844280443021229	0.3305187565939767
11567	DECAYED	0.09959027916193008	0.3863801956176758
12020	DECAYED	0.10905824495213372	0.4094007653849466
12265	DECAYED	0.11063273251056671	0.46255417806761606
12377	DECAYED	0.24239774261202132	0.6532054628644671
16537	DECAYED	0.04897679441741535	0.3075768607003348
17898	DECAYED	0.13531149072306498	0.49031756605420795
18467	DECAYED	0.11210906292710986	0.4428657293319702
21363	DECAYED	0.1907080284186772	0.5081080453736442
27440	DECAYED	0.1652909985610417	0.553241457257952
31219	DECAYED	0.05565923345940454	0.31120806506701876
31276	DECAYED	0.0680762699672154	0.3714794559138162
31283	DECAYED	0.053470692464283535	0.290478561605726
60998	DECAYED	0.08273616433143616	0.36987210171563284
61523	DECAYED	0.09952449372836522	0.41048640438488554
62351	DECAYED	0.19878670360360826	0.5519532305853707
62465	DECAYED	0.05900711326726845	0.3212164683001382
251531	DECAYED	0.03897211354758058	0.27518249835286823
440917	DECAYED	0.04790109475808484	0.30112859180995394
637758	DECAYED	0.09584402825151171	0.38031464389392305
1549025	DECAYED	0.07203942324434008	0.3115576037338802
2733294	DECAYED	0.062316156923770905	0.3315399033682687
5281167	DECAYED	0.13110833934375218	0.4641252968992506
5281168	DECAYED	0.1584802440234593	0.47394419993673054
5318599	DECAYED	0.11078279571873802	0.3732489730630602
5352837	DECAYED	0.10076858635459628	0.3783277358327593
5364231	DECAYED	0.09947373185838972	0.41871513639177593
262	DECAYED	0.07175439596176147	0.33724847435951233
323	DECAYED	0.06579473934003285	0.30652523040771484
750	DECAYED	0.10627443449837821	0.38515042832919527
753	DECAYED	0.0737323345882552	0.3425209266798837
962	DECAYED	0.0737256088427135	0.3375975957938603
5862	DECAYED	0.17350066559655325	0.5061753647668021
5962	DECAYED	0.19882351798670633	0.5345281362533569
6274	DECAYED	0.07574021656598363	0.3456083706447056
6322	DECAYED	0.09111878382308143	0.37590104767254423
6669	DECAYED	0.0813186519912311	0.27057536584990366
7137	DECAYED	0.03720286249050072	0.2368553089244025
15654	DECAYED	0.1277859647359167	0.4951238589627402
62089	DECAYED	0.17461320332118443	0.4884388361658369
853433	DECAYED	0.05383742068495069	0.25016066431999207
5371102	DECAYED	0.07908403554133006	0.3473266916615622
10857465	DECAYED	0.1376185268163681	0.4168605421270643
180	WOOD	0.15375987333910807	0.26452930697372984
264	WOOD	0.11110370180436543	0.2334043894495283
702	WOOD	0.13265050947666168	0.24815019965171814
1031	WOOD	0.13420887291431427	0.2419441725526537
3102	WOOD	0.13945637430463517	0.2924312395708902
3314	WOOD	0.26566314697265625	0.43400747009686064
6506	WOOD	0.12664972245693207	0.2557281809193747
6544	WOOD	0.19222451746463776	0.3325048089027405
6561	WOOD	0.14154952658074244	0.2470324912241527
7092	WOOD	0.1882552547114236	0.3413629191262381
7302	WOOD	0.17605840308325632	0.2896921911409923
7476	WOOD	0.10928212744849068	0.24527728770460402
7559	WOOD	0.05461297769631658	0.1517545666013445
7657	WOOD	0.09525692462921143	0.26320502161979675
7770	WOOD	0.01766679435968399	0.06798980278628212
7793	WOOD	0.12400213416133608	0.264942284141268
7797	WOOD	0.04024899271982057	0.11658873142940658
8025	WOOD	0.09433386155537196	0.1909928513424737
8049	WOOD	0.14680447642292296	0.28178197145462036
8094	WOOD	0.23004804764475142	0.4002434696469988
8419	WOOD	0.18056694950376237	0.31843267594064983
8438	WOOD	0.11897286772727966	0.24479358323982783
8468	WOOD	0.25276275404862	0.41673052310943604
8815	WOOD	0.17030105420521327	0.3417892711503165
8878	WOOD	0.09088617909167494	0.19224956312349864
9012	WOOD	0.10072156467608043	0.27191628728594097
10886	WOOD	0.09551743417978287	0.19697547597544535
11567	WOOD	0.15421427999223983	0.3154490313359669
12020	WOOD	0.13485939800739288	0.25187076202460695
12265	WOOD	0.2029940528529031	0.32806252368858885
12377	WOOD	0.040269461061273305	0.21080578012125833
16537	WOOD	0.13153501600027084	0.3015766995293753
17898	WOOD	0.37042554361479624	0.5341516988618034
18467	WOOD	0.2993591193641935	0.44931294662611826
21363	WOOD	0.2397610183273043	0.398198310817991
27440	WOOD	0.2718683438641684	0.4365938646452768
31219	WOOD	0.054873094494853704	0.1581740038735526
31276	WOOD	0.03355719495032515	0.08726637225065913
31283	WOOD	0.27774793548243387	0.439457505941391
60998	WOOD	0.12290013900824956	0.2952830876622881
61523	WOOD	0.19048746143068587	0.38034497840063913
62351	WOOD	0.1627013087272644	0.33290488379342215
62465	WOOD	0.3491317502089909	0.5241871391023908
251531	WOOD	0.09971119569880622	0.27220749855041504
440917	WOOD	0.19857017057282583	0.3932558425835201
637758	WOOD	0.05679889129740851	0.1642749799149377
1549025	WOOD	0.20383319897311075	0.3205417628799166
2733294	WOOD	0.06262025077428136	0.15583658005510057
5281167	WOOD	0.11875996738672256	0.26232927824769703
5281168	WOOD	0.19416735640593938	0.34297169957842144
5318599	WOOD	0.19652345137936728	0.37562696422849384
5352837	WOOD	0.1501553782394954	0.3063527132783617
5364231	WOOD	0.18791383079120091	0.3263549825974873
262	WOOD	0.18171526491641998	0.3107835693018777
323	WOOD	0.21658234298229218	0.37636410764285494
750	WOOD	0.19159711471625737	0.3204056535448347
753	WOOD	0.17817099818161555	0.3171402854578836
962	WOOD	0.19313822899545943	0.3266569333417075
5862	WOOD	0.17461665613310678	0.3293294097696032
5962	WOOD	0.22205389610358647	0.374879206929888
6274	WOOD	0.24625043145247869	0.4152520511831556
6322	WOOD	0.22692090485777175	0.3849516340664455
6669	WOOD	0.15382678381034307	0.25172165249075207
7137	WOOD	0.21584436297416687	0.3860290731702532
15654	WOOD	0.2830049395561218	0.4502862053258078
62089	WOOD	0.27844252969537464	0.4733464675290244
853433	WOOD	0.23517056660992758	0.3981905792440687
5371102	WOOD	0.13854473297085082	0.30090050186429707
10857465	WOOD	0.3240575705255781	0.5044752785137722
180	GRASS	0.1111682163817542	0.2822068844522749
264	GRASS	0.08587220311164856	0.2174441431249891
702	GRASS	0.10556881129741669	0.2748979606798717
1031	GRASS	0.09805207060916084	0.2575453072786331
3102	GRASS	0.1324895673564502	0.32120985644204275
3314	GRASS	0.08606409281492233	0.23999031526701792
6506	GRASS	0.09380130363362175	0.24109707985605514
6544	GRASS	0.17715706356934138	0.38349840470722746
6561	GRASS	0.08837266159909112	0.23506650115762437
7092	GRASS	0.07081929168530873	0.19931187161377498
7302	GRASS	0.07592256739735603	0.21745709649154119
7476	GRASS	0.11269479990005493	0.2838933340140751
7559	GRASS	0.06646751772080149	0.21338648242609842
7657	GRASS	0.17836076021194458	0.3973323958260672
7770	GRASS	0.05525306239724159	0.16298845410346985
7793	GRASS	0.14139836387974875	0.3726839636053358
7797	GRASS	0.14443778353078024	0.2978558199746268
8025	GRASS	0.08732382261327334	0.23930343985557556
8049	GRASS	0.0781138331762382	0.21766644716262817
8094	GRASS	0.10731107848031181	0.26484145862715586
8419	GRASS	0.09114882775715419	0.265847663794245
8438	GRASS	0.07486911011593682	0.22386419773101807
8468	GRASS	0.09251657021897179	0.24227033342633927
8815	GRASS	0.13275624705212458	0.29716565353529795
8878	GRASS	0.1296175718307495	0.2882848083972931
9012	GRASS	0.15677930414676666	0.3491376553262983
10886	GRASS	0.13537422674042837	0.2815834709576198
11567	GRASS	0.060946657455393245	0.1757888389485223
12020	GRASS	0.11110405730349678	0.2579990008047649
12265	GRASS	0.10738386852400643	0.2957247197628021
12377	GRASS	0.13826661769832885	0.30472693698746817
16537	GRASS	0.19900002436978476	0.43084327237946646
17898	GRASS	0.14069383378539765	0.32655658040727886
18467	GRASS	0.11604904596294675	0.29669097491673063
21363	GRASS	0.08224968718630928	0.22351804162774766
27440	GRASS	0.16672417521476746	0.3437659442424774
31219	GRASS	0.058567196130752563	0.186455494591168
31276	GRASS	0.038422170494283946	0.14957474384989058
31283	GRASS	0.08874787177358355	0.2599493605749948
60998	GRASS	0.0884553896529334	0.2479118960244315
61523	GRASS	0.3241178946835654	0.6079606669289725
62351	GRASS	0.12850392503397806	0.29853145139557974
62465	GRASS	0.0974950183715139	0.2763836681842804
251531	GRASS	0.10979985924703735	0.30307173303195406
440917	GRASS	0.1960082565035139	0.45777125869478497
637758	GRASS	0.11226132192781993	0.2403116034609931
1549025	GRASS	0.10048644351107734	0.24321617824690683
2733294	GRASS	0.22841803090912954	0.38714342032160076
5281167	GRASS	0.32150166801043917	0.5395237164837974
5281168	GRASS	0.20837431507451193	0.3994775925363813
5318599	GRASS	0.1884647011756897	0.38518029877117704
5352837	GRASS	0.2583148862634386	0.469818902867181
5364231	GRASS	0.35745513439178467	0.5571693394865308
262	GRASS	0.12068215970482145	0.2866420256240027
323	GRASS	0.08230491621153695	0.21472783386707306
750	GRASS	0.08320591279438563	0.2220692698444639
753	GRASS	0.10936014779976436	0.273541937981333
962	GRASS	0.10876490601471492	0.2604503908327648
5862	GRASS	0.08719374771629061	0.2147331259080342
5962	GRASS	0.08962669117110116	0.23100359524999345
6274	GRASS	0.10342732816934586	0.24940778953688486
6322	GRASS	0.10340337668146406	0.25049659822668346
6669	GRASS	0.14641929737159184	0.26846141261713846
7137	GRASS	0.08150262864572662	0.24561884786401475
15654	GRASS	0.11484991652624947	0.2561321513993399
62089	GRASS	0.07778796021427427	0.2224012953894479
853433	GRASS	0.08850763205971036	0.23245921518121446
5371102	GRASS	0.18963613680430821	0.40745932715279715
10857465	GRASS	0.3021855056285858	0.5603853208678109
180	FLOWER	0.11163990093129021	0.3068506419658661
264	FLOWER	0.05716126784682274	0.226246782711574
702	FLOWER	0.11239180181707654	0.317037080015455
1031	FLOWER	0.10790634155273438	0.3026047391550882
3102	FLOWER	0.22403378784656525	0.4778903807912554
3314	FLOWER	0.20692922600678035	0.430455071585519
6506	FLOWER	0.11588883293526513	0.30768047486032757
6544	FLOWER	0.1805039303643363	0.40951371618679594
6561	FLOWER	0.0790528410247394	0.2549741864204407
7092	FLOWER	0.170292429625988	0.38914930394717623
7302	FLOWER	0.07726065069437027	0.24691404828003474
7476	FLOWER	0.3286595344543457	0.6011696968759809
7559	FLOWER	0.3725041534219469	0.6510800123214722
7657	FLOWER	0.19784076937607356	0.47010585239955355
7770	FLOWER	0.20968265618596757	0.43515140243938993
7793	FLOWER	0.5246258463178363	0.7714458959443229
7797	FLOWER	0.31409694467272076	0.5354511482375008
8025	FLOWER	0.07429712318948337	0.26942411065101624
8049	FLOWER	0.19410300893442972	0.3999951183795929
8094	FLOWER	0.04623422931347575	0.19848088707242692
8419	FLOWER	0.2760231005293982	0.5327605988298144
8438	FLOWER	0.30172875097819735	0.5583667968000684
8468	FLOWER	0.1389020745243345	0.35603024278368267
8815	FLOWER	0.16126038772719248	0.3857880788190024
8878	FLOWER	0.2736624649592808	0.48672904287065777
9012	FLOWER	0.06804768475038665	0.21199731954506465
10886	FLOWER	0.24709516976560866	0.4696973604815347
11567	FLOWER	0.023706903415066854	0.1963107862642833
12020	FLOWER	0.06500825711659022	0.2323491041149412
12265	FLOWER	0.07643417056117739	0.23650622367858887
12377	FLOWER	0.04198173327105386	0.16545500606298447
16537	FLOWER	0.36346053225653513	0.619971147605351
17898	FLOWER	0.044515952467918396	0.2027052151305335
18467	FLOWER	0.058245835559708733	0.2226539637361254
21363	FLOWER	0.14476314506360463	0.3184391643319811
27440	FLOWER	0.04552038173590388	0.1825360017163413
31219	FLOWER	0.3422255005155291	0.6082794325692313
31276	FLOWER	0.2318319763456072	0.47129319821085247
31283	FLOWER	0.17864961922168732	0.3961103558540344
60998	FLOWER	0.349948165672166	0.6186479244913373
61523	FLOWER	0.40019866824150085	0.6784515040261405
62351	FLOWER	0.0523882196950061	0.20282702147960663
62465	FLOWER	0.12742055739675248	0.3343483124460493
251531	FLOWER	0.3963415196963719	0.6536836624145508
440917	FLOWER	0.14780672107424056	0.39812420095716206
637758	FLOWER	0.3324147505419595	0.6224936672619411
1549025	FLOWER	0.3846892629350935	0.6055276989936829
2733294	FLOWER	0.2884768822363445	0.5132834272725242
5281167	FLOWER	0.19820950073855265	0.46082954321588787
5281168	FLOWER	0.0779923429446561	0.2776636247123991
5318599	FLOWER	0.15131323891026632	0.3817555010318756
5352837	FLOWER	0.22167555136340006	0.4894892232758658
5364231	FLOWER	0.16615939566067287	0.4033920850072588
262	FLOWER	0.10542301620755877	0.30483911292893545
323	FLOWER	0.2034569957426616	0.4084759567465101
750	FLOWER	0.08917106688022614	0.2715543806552887
753	FLOWER	0.07863517903855868	0.26988508658749716
962	FLOWER	0.15289418080023356	0.34960995827402386
5862	FLOWER	0.028932941279241016	0.1625362208911351
5962	FLOWER	0.05948644131422043	0.19061599671840668
6274	FLOWER	0.08519157554422106	0.27667480068547384
6322	FLOWER	0.10654372934784208	0.2978039469037737
6669	FLOWER	0.4402402767113277	0.6015548876353672
7137	FLOWER	0.3582287388188498	0.6222881589617048
15654	FLOWER	0.01437649130821228	0.14785900392702647
62089	FLOWER	0.04822819254228047	0.17374611965247563
853433	FLOWER	0.2277586225952421	0.460152587720326
5371102	FLOWER	0.3011112255709512	0.5849678601537432
10857465	FLOWER	0.4591358389173235	0.6165580323764256
180	CHEMICAL	0.2763220965862274	0.6089869822774615
264	CHEMICAL	0.2680229736225946	0.5667492151260376
702	CHEMICAL	0.22052278901849473	0.5470260466848101
1031	CHEMICAL	0.24679872819355556	0.5735374093055725
3102	CHEMICAL	0.30941674539021086	0.6196684581892831
3314	CHEMICAL	0.26469740910189493	0.5650274668421064
6506	CHEMICAL	0.19402456709316798	0.5150403678417206
6544	CHEMICAL	0.3577472056661333	0.664731536592756
6561	CHEMICAL	0.359927841595241	0.6687106660434178
7092	CHEMICAL	0.2462348576102938	0.5349235279219491
7302	CHEMICAL	0.23818308540752955	0.5414481503622872
7476	CHEMICAL	0.233431447829519	0.5461372647966657
7559	CHEMICAL	0.3348249707903181	0.6468985421316964
7657	CHEMICAL	0.31540328689983915	0.6456216829163688
7770	CHEMICAL	0.28256943821907043	0.5764484320368085
7793	CHEMICAL	0.35856766785894123	0.7153710212026324
7797	CHEMICAL	0.16825931199959346	0.45582359177725656
8025	CHEMICAL	0.29496064356395174	0.6523580721446446
8049	CHEMICAL	0.20146267754690989	0.5110910960606166
8094	CHEMICAL	0.35276768037251066	0.6405027082988194
8419	CHEMICAL	0.19277292915752955	0.49139612913131714
8438	CHEMICAL	0.1877399512699672	0.4777567854949406
8468	CHEMICAL	0.22319376255784715	0.5289946070739201
8815	CHEMICAL	0.2324854007789067	0.5314413734844753
8878	CHEMICAL	0.17990800312587193	0.4578840732574463
9012	CHEMICAL	0.21786026230880193	0.5753256934029716
10886	CHEMICAL	0.19824616185256413	0.506793886423111
11567	CHEMICAL	0.6646392089979989	0.8747993622507367
12020	CHEMICAL	0.385213954108102	0.6940550548689706
12265	CHEMICAL	0.3574456785406385	0.685865947178432
12377	CHEMICAL	0.17626873084477016	0.5618817976542881
16537	CHEMICAL	0.23014371522835322	0.5573049443108695
17898	CHEMICAL	0.2811370832579477	0.6221577610288348
18467	CHEMICAL	0.2726356876747949	0.5918166211673191
21363	CHEMICAL	0.22579626313277654	0.5280656431402478
27440	CHEMICAL	0.2723640650510788	0.6056554572922843
31219	CHEMICAL	0.35413843393325806	0.6703385370118278
31276	CHEMICAL	0.3918401854378836	0.6975987553596497
31283	CHEMICAL	0.19432685204914638	0.49023541808128357
60998	CHEMICAL	0.1943663784435817	0.5045038461685181
61523	CHEMICAL	0.29635740390845705	0.662158557346889
62351	CHEMICAL	0.19834369633878982	0.5268456723008837
62465	CHEMICAL	0.3267336083309991	0.6324112415313721
251531	CHEMICAL	0.1983076227562768	0.5348179340362549
440917	CHEMICAL	0.40171097431864056	0.6946727633476257
637758	CHEMICAL	0.2291841208934784	0.5247421605246407
1549025	CHEMICAL	0.16042693278619222	0.4987797141075134
2733294	CHEMICAL	0.19852646546704428	0.48227474093437195
5281167	CHEMICAL	0.24885248925004685	0.601874828338623
5281168	CHEMICAL	0.30873848284993854	0.6204228571483067
5318599	CHEMICAL	0.38565896238599506	0.695071109703609
5352837	CHEMICAL	0.2951642189707075	0.6174980316843305
5364231	CHEMICAL	0.2305527627468109	0.5772960100855146
262	CHEMICAL	0.3563181757926941	0.6588403241974967
323	CHEMICAL	0.3160511063677924	0.6049935477120536
750	CHEMICAL	0.20838239363261632	0.5065960032599313
753	CHEMICAL	0.3001883200236729	0.5921340584754944
962	CHEMICAL	0.3100713555301939	0.6141501835414341
5862	CHEMICAL	0.1718386560678482	0.4915818529469626
5962	CHEMICAL	0.22530630018029893	0.5302991015570504
6274	CHEMICAL	0.21879964215414865	0.5187133252620697
6322	CHEMICAL	0.2007153651544026	0.5199410361903054
6669	CHEMICAL	0.13375892915896007	0.443593544619424
7137	CHEMICAL	0.17352777613060816	0.4723799909864153
15654	CHEMICAL	0.15487952743257796	0.47862064838409424
62089	CHEMICAL	0.39124129925455364	0.6881148133959089
853433	CHEMICAL	0.27390708667891367	0.5655718701226371
5371102	CHEMICAL	0.33438422637326376	0.6353902646473476
10857465	CHEMICAL	0.2785878287894385	0.6931199090821403
