oID	descriptor	value	sigma
176	INTENSITY/STRENGTH	0.0005854394819055285	0.42440306714602877
240	INTENSITY/STRENGTH	0.5508870099272046	0.6193421227591378
243	INTENSITY/STRENGTH	0.40949285881859915	0.5953904475484576
244	INTENSITY/STRENGTH	0.605350204876491	0.6971244556563241
261	INTENSITY/STRENGTH	0.28890360253197805	0.6090599128178188
325	INTENSITY/STRENGTH	0.1809490429503577	0.6208749839237758
454	INTENSITY/STRENGTH	0.384588965347835	0.6249905909810748
994	INTENSITY/STRENGTH	0.39438624467168537	0.6924201079777309
1030	INTENSITY/STRENGTH	0.07176274912697929	0.46928776587758747
1068	INTENSITY/STRENGTH	0.11815321764775685	0.5216098470347268
6137	INTENSITY/STRENGTH	0.45170446804591585	0.6308734842709133
6505	INTENSITY/STRENGTH	0.3661062057529177	0.5986899563244411
6753	INTENSITY/STRENGTH	0.1510626290525709	0.5646949410438538
7119	INTENSITY/STRENGTH	0.3626195192337036	0.6169158560889108
7288	INTENSITY/STRENGTH	0.3338326726640974	0.6426570160048348
7792	INTENSITY/STRENGTH	0.3196972118956702	0.6580036623137338
8363	INTENSITY/STRENGTH	0.20101731696299144	0.6098154357501439
8785	INTENSITY/STRENGTH	0.5043490358761379	0.7509066888264248
8914	INTENSITY/STRENGTH	0.5407434020723615	0.692362231867654
10797	INTENSITY/STRENGTH	0.1880060817514147	0.5632731659071786
12297	INTENSITY/STRENGTH	0.37570177231516155	0.7160087483269828
13187	INTENSITY/STRENGTH	0.48431811588151114	0.6951595885413033
31246	INTENSITY/STRENGTH	0.41230557220322744	0.6663614852087838
31252	INTENSITY/STRENGTH	0.31170236638614107	0.5878161702837262
61209	INTENSITY/STRENGTH	0.727993871484484	0.7572063463074821
61945	INTENSITY/STRENGTH	0.5703794700758797	0.6253745130130223
62144	INTENSITY/STRENGTH	0.5290958838803428	0.6351868850844247
62374	INTENSITY/STRENGTH	0.691281225000109	0.7103588155337742
62378	INTENSITY/STRENGTH	0.583581268787384	0.7211416278566632
62572	INTENSITY/STRENGTH	0.3969225968633379	0.6305511849267142
78925	INTENSITY/STRENGTH	0.29513464655194965	0.60750070640019
638014	INTENSITY/STRENGTH	0.3137721930231367	0.6614570277077811
643820	INTENSITY/STRENGTH	0.40123528242111206	0.6474579742976597
5362588	INTENSITY/STRENGTH	0.4945156957421984	0.7017518367086139
5365049	INTENSITY/STRENGTH	0.6298701252256121	0.6849715028490339
6429333	INTENSITY/STRENGTH	0.4701089986733028	0.6104655861854553
5780	INTENSITY/STRENGTH	0.2183456090944154	0.5207033327647618
7500	INTENSITY/STRENGTH	0.6016883935247149	0.6680090086800712
439570	INTENSITY/STRENGTH	0.4952136491026197	0.7301185216222491
440967	INTENSITY/STRENGTH	0.42394219977515085	0.6863845842225211
16220109	INTENSITY/STRENGTH	0.5311534915651593	0.658786381993975
176	VALENCE/PLEASANTNESS	0.4958513379096985	0.5407003888062069
240	VALENCE/PLEASANTNESS	0.5025162015642438	0.6446673955236163
243	VALENCE/PLEASANTNESS	0.48564691628728596	0.6154552187238421
244	VALENCE/PLEASANTNESS	0.4102967253753117	0.6548163550240653
261	VALENCE/PLEASANTNESS	0.44396380867276874	0.5773272514343262
325	VALENCE/PLEASANTNESS	0.5668683818408421	0.5792058961732047
454	VALENCE/PLEASANTNESS	0.4785541977201189	0.6070377656391689
994	VALENCE/PLEASANTNESS	0.4827568105288914	0.6345328518322536
1030	VALENCE/PLEASANTNESS	0.4892530994755881	0.5584146721022469
1068	VALENCE/PLEASANTNESS	0.2945579098803656	0.46636101603507996
6137	VALENCE/PLEASANTNESS	0.2637916143451418	0.5657177226884025
6505	VALENCE/PLEASANTNESS	0.35703285677092417	0.5463122044290815
6753	VALENCE/PLEASANTNESS	0.6184999091284615	0.5668216007096427
7119	VALENCE/PLEASANTNESS	0.520201964037759	0.6475053940500531
7288	VALENCE/PLEASANTNESS	0.4224332698753902	0.5985802582332066
7792	VALENCE/PLEASANTNESS	0.5033902696200779	0.6139296463557652
8363	VALENCE/PLEASANTNESS	0.5701847502163478	0.5793073177337646
8785	VALENCE/PLEASANTNESS	0.6087318743978228	0.7237025243895394
8914	VALENCE/PLEASANTNESS	0.5032618173531124	0.6778997097696576
10797	VALENCE/PLEASANTNESS	0.4411764996392386	0.5596213255609784
12297	VALENCE/PLEASANTNESS	0.42230758496693205	0.6473238212721688
13187	VALENCE/PLEASANTNESS	0.6277758479118347	0.6765122158186776
31246	VALENCE/PLEASANTNESS	0.5711331963539124	0.6433308379990714
31252	VALENCE/PLEASANTNESS	0.3977404832839966	0.5678012285913739
61209	VALENCE/PLEASANTNESS	0.48879125714302063	0.6684403845242092
61945	VALENCE/PLEASANTNESS	0.36261274984904696	0.6342123406273978
62144	VALENCE/PLEASANTNESS	0.2503843115908759	0.580957157271249
62374	VALENCE/PLEASANTNESS	0.4373810461589268	0.6576147930962699
62378	VALENCE/PLEASANTNESS	0.6299948436873299	0.7302218164716449
62572	VALENCE/PLEASANTNESS	0.5141942969390324	0.5847166691507611
78925	VALENCE/PLEASANTNESS	0.31748965808323454	0.5561319930212838
638014	VALENCE/PLEASANTNESS	0.6789280942508152	0.5676746709006173
643820	VALENCE/PLEASANTNESS	0.5813775403159005	0.6278046199253627
5362588	VALENCE/PLEASANTNESS	0.5719708119119916	0.6626631958144051
5365049	VALENCE/PLEASANTNESS	0.5819333365985325	0.6547532677650452
6429333	VALENCE/PLEASANTNESS	0.5495849081448146	0.657568063054766
5780	VALENCE/PLEASANTNESS	0.599398842879704	0.5654173237936837
7500	VALENCE/PLEASANTNESS	0.35259720257350374	0.6215457490512303
439570	VALENCE/PLEASANTNESS	0.48127032603536335	0.673561590058463
440967	VALENCE/PLEASANTNESS	0.504972232239587	0.6059472560882568
16220109	VALENCE/PLEASANTNESS	0.5104554423264095	0.6078455873898098
176	BAKERY	0.0888185203075409	0.27863761356898714
240	BAKERY	0.13541639915534429	0.352287300995418
243	BAKERY	0.07381811205829893	0.23693617752620152
244	BAKERY	0.041973915483270376	0.17024580176387513
261	BAKERY	0.07996314764022827	0.2528581661837442
325	BAKERY	0.10705674226794924	0.32520186475345064
454	BAKERY	0.03498165349342993	0.12712872666972025
994	BAKERY	0.18272818199225835	0.4418345647198813
1030	BAKERY	0.08444501140287944	0.25946479397160666
1068	BAKERY	0.03019456804863044	0.15299948837075913
6137	BAKERY	0.06424893758126668	0.23261102395398275
6505	BAKERY	0.060735391452908516	0.13526094970958574
6753	BAKERY	0.09878696075507573	0.28861198254993986
7119	BAKERY	0.04825407213398388	0.2024500263588769
7288	BAKERY	0.05875716358423233	0.17623076694352285
7792	BAKERY	0.05729793118579047	0.15369059039013727
8363	BAKERY	0.050472840134586604	0.20887367853096553
8785	BAKERY	0.0691757473562445	0.21286830944674356
8914	BAKERY	0.022406106681696007	0.06770824587770871
10797	BAKERY	0.05441951206220048	0.18232685859714234
12297	BAKERY	0.04342412443033287	0.12224526437265533
13187	BAKERY	0.08002077415585518	0.25750743065561565
31246	BAKERY	0.08519812247582845	0.2831713386944362
31252	BAKERY	0.11099038379532951	0.3043359901223864
61209	BAKERY	0.2599209355456488	0.5484528541564941
61945	BAKERY	0.1653809675148555	0.48458283713885714
62144	BAKERY	0.1015275280390467	0.3279458965573992
62374	BAKERY	0.10955005777733666	0.2713145251785006
62378	BAKERY	0.0653422474861145	0.24859048639025008
62572	BAKERY	0.07497897637741906	0.2549050727060863
78925	BAKERY	0.0596211382320949	0.2331464077745165
638014	BAKERY	0.05199141055345535	0.2205476611852646
643820	BAKERY	0.06615250770534788	0.17547939930643355
5362588	BAKERY	0.06413994037679263	0.22839988342353276
5365049	BAKERY	0.06987466077719416	0.243945979646274
6429333	BAKERY	0.1032741761633328	0.29694914392062594
5780	BAKERY	0.30616098429475513	0.5112140902451107
7500	BAKERY	0.01987405201154096	0.06390065593378884
439570	BAKERY	0.07125445561749595	0.18416538728134974
440967	BAKERY	0.046154233760067394	0.1474883375423295
16220109	BAKERY	0.033785127103328705	0.16116838689361299
176	SWEET	0.12051291125161308	0.42806853141103474
240	SWEET	0.2646877957241876	0.6195558905601501
243	SWEET	0.19598752898829325	0.5411464316504342
244	SWEET	0.15579167434147426	0.49286688225609915
261	SWEET	0.20024131451334273	0.5131381707532066
325	SWEET	0.17919479736260005	0.4658849111625126
454	SWEET	0.17913118430546351	0.4850032457283565
994	SWEET	0.23503745666572026	0.5854040554591587
1030	SWEET	0.1321783129658018	0.4202670753002167
1068	SWEET	0.02274861266570432	0.15764278705630982
6137	SWEET	0.02772697327392442	0.23385846614837646
6505	SWEET	0.0962449067405292	0.3340884212936674
6753	SWEET	0.25423138056482586	0.5823517867497036
7119	SWEET	0.2225553904260908	0.6087913598333087
7288	SWEET	0.14151474088430405	0.46038857102394104
7792	SWEET	0.17445279019219534	0.5227488705090114
8363	SWEET	0.2611669514860426	0.6140696150915963
8785	SWEET	0.3882345472063337	0.7987940226282392
8914	SWEET	0.175123108284814	0.5152406649930137
10797	SWEET	0.09958767092653684	0.36690818837710787
12297	SWEET	0.14090518121208465	0.4740919513361795
13187	SWEET	0.36965352296829224	0.7627632958548409
31246	SWEET	0.3514050969055721	0.7130975127220154
31252	SWEET	0.10135879048279353	0.41916542393820627
61209	SWEET	0.2863195410796574	0.6787978070122855
61945	SWEET	0.10740152427128383	0.4340778759547642
62144	SWEET	0.02269161439367703	0.22891781159809657
62374	SWEET	0.1659423304455621	0.4930820507662637
62378	SWEET	0.382871150970459	0.8222761920520237
62572	SWEET	0.28031378984451294	0.6235149162156242
78925	SWEET	0.04465497311736856	0.2158304750919342
638014	SWEET	0.3151026836463383	0.6480639236313956
643820	SWEET	0.2174086719751358	0.5748699648039681
5362588	SWEET	0.33443208038806915	0.7041933536529541
5365049	SWEET	0.300142194543566	0.630765071937016
6429333	SWEET	0.2644376392875399	0.6541891779218402
5780	SWEET	0.32566800713539124	0.6310235006468636
7500	SWEET	0.06268999832017082	0.34742798124040875
439570	SWEET	0.13752482937914984	0.47216870529311045
440967	SWEET	0.12491465200270925	0.41327207003320965
16220109	SWEET	0.19370129917349135	0.5064936450549534
176	FRUIT	0.015374245122075081	0.14167179805891855
240	FRUIT	0.116814666560718	0.3731594852038792
243	FRUIT	0.08311221535716738	0.3078376714672361
244	FRUIT	0.07809422298201493	0.31551537769181387
261	FRUIT	0.1489743302975382	0.3438632147652762
325	FRUIT	0.03776239577148642	0.21433813869953156
454	FRUIT	0.17536962458065578	0.4058489714350019
994	FRUIT	0.074275370155062	0.26381868762629374
1030	FRUIT	0.03996002886976514	0.18141998137746537
1068	FRUIT	0.003388581265296255	0.017519681581429074
6137	FRUIT	0.004905985402209418	0.06737920588680676
6505	FRUIT	0.03557908854314259	0.1839641694511686
6753	FRUIT	0.06138717170272555	0.26024727736200604
7119	FRUIT	0.11379278664078031	0.38160111222948345
7288	FRUIT	0.08200387763125556	0.273675194808415
7792	FRUIT	0.1115104364497321	0.32464656233787537
8363	FRUIT	0.10643884858914784	0.33031512584005085
8785	FRUIT	0.3274741364376886	0.6787376148360116
8914	FRUIT	0.17221150866576604	0.43107727595738005
10797	FRUIT	0.047243570908904076	0.18420644530228206
12297	FRUIT	0.10190336326403278	0.3172524188246046
13187	FRUIT	0.3591928354331425	0.6712977119854519
31246	FRUIT	0.32836409551756723	0.5705443365233285
31252	FRUIT	0.02526259794831276	0.13086275649922235
61209	FRUIT	0.1237149355666978	0.33626227719443186
61945	FRUIT	0.012424822098442487	0.07911752217582294
62144	FRUIT	0.011703485356909888	0.07746532027210508
62374	FRUIT	0.05086425399141652	0.24195778157029832
62378	FRUIT	0.339032130581992	0.6898289578301566
62572	FRUIT	0.2517534579549517	0.4908730387687683
78925	FRUIT	0.019454588315316608	0.09196314588189125
638014	FRUIT	0.2149713592869895	0.38829538226127625
643820	FRUIT	0.15585015288421086	0.39641517400741577
5362588	FRUIT	0.36197507807186674	0.6383423124040876
5365049	FRUIT	0.38471304944583345	0.6480909500803266
6429333	FRUIT	0.13353580768619264	0.4088304936885834
5780	FRUIT	0.04748335267816271	0.22776873196874345
7500	FRUIT	0.027373083201902255	0.2005385628768376
439570	FRUIT	0.04736606457403728	0.30158107195581707
440967	FRUIT	0.07193582292113986	0.2605960156236376
16220109	FRUIT	0.243911902819361	0.5069949541773114
176	FISH	0.07758351841143199	0.1453699011887823
240	FISH	0.059947160205670764	0.11626276054552623
243	FISH	0.050882515630551746	0.10235822892614774
244	FISH	0.15652078177247727	0.24728578541960036
261	FISH	0.08126408393893923	0.17044185101985931
325	FISH	0.06445137092045375	0.17247762424605234
454	FISH	0.0607214772275516	0.13167944444077356
994	FISH	0.09306435393435615	0.17918541814599717
1030	FISH	0.07038250512310437	0.1323451974562236
1068	FISH	0.2706192753144673	0.5025112118039813
6137	FISH	0.2407586191381727	0.42874814782823834
6505	FISH	0.09674397430249623	0.19618090987205505
6753	FISH	0.04800965903060777	0.09040268138051033
7119	FISH	0.03837740980088711	0.08921827641980988
7288	FISH	0.04068388683455331	0.14069143576281412
7792	FISH	0.05906995918069567	0.1313787709389414
8363	FISH	0.029710992372461727	0.12175647062914711
8785	FISH	0.034350164766822545	0.08969175389834813
8914	FISH	0.0052862877824476785	0.022885356098413467
10797	FISH	0.08454509611640658	0.2180579294051443
12297	FISH	0.06878657532589776	0.16147591599396297
13187	FISH	0.026558256841131618	0.06680140537875039
31246	FISH	0.042578231277210374	0.08388266872082438
31252	FISH	0.07455540874174663	0.19128444152218954
61209	FISH	0.05908279413623469	0.10953444987535477
61945	FISH	0.17581253605229513	0.3429970570972988
62144	FISH	0.34851689423833576	0.6051714590617588
62374	FISH	0.05492432601749897	0.11411266986812864
62378	FISH	0.019058602329875742	0.06795395165681839
62572	FISH	0.059124790132045746	0.1335215355668749
78925	FISH	0.28803377066339764	0.48954388925007414
638014	FISH	0.047114234417676926	0.11243211584431785
643820	FISH	0.04113772218780858	0.10178909610424723
5362588	FISH	0.060451211141688485	0.12830881667988642
5365049	FISH	0.07876431995204516	0.1588092872074672
6429333	FISH	0.049567615081157	0.09418140298553876
5780	FISH	0.04603677349431174	0.08871776504176003
7500	FISH	0.11763534482036318	0.22762218117713928
439570	FISH	0.04656064270862511	0.1004352266235011
440967	FISH	0.018808897052492415	0.07012058688061577
16220109	FISH	0.08945675513574056	0.20109768850462778
176	GARLIC	0.10017539347921099	0.3002962853227343
240	GARLIC	0.04625152849725315	0.18143638329846518
243	GARLIC	0.0474272399608578	0.17175448153700149
244	GARLIC	0.0815390343112605	0.23297577244894846
261	GARLIC	0.10853919493300575	0.2808150904519217
325	GARLIC	0.08610968770725387	0.2881262046950204
454	GARLIC	0.07580208246197019	0.22674454322883061
994	GARLIC	0.09282209617750985	0.25763835864407675
1030	GARLIC	0.09558590820857457	0.30118371333394733
1068	GARLIC	0.32804531284740995	0.5643707343510219
6137	GARLIC	0.23036240892750875	0.45567284737314495
6505	GARLIC	0.09256866467850548	0.28516485009874615
6753	GARLIC	0.05170277053756373	0.17858131442751204
7119	GARLIC	0.036223413688795905	0.15969892484801157
7288	GARLIC	0.07241202731217657	0.24542764467852457
7792	GARLIC	0.07489841697471482	0.24343480169773102
8363	GARLIC	0.036762011902672906	0.1503278219274112
8785	GARLIC	0.01804021346781935	0.1247497605425971
8914	GARLIC	0.03377286983387811	0.1421421319246292
10797	GARLIC	0.12068979229245867	0.3213335999420711
12297	GARLIC	0.07003896843109812	0.24353247029440744
13187	GARLIC	0.04114299400576523	0.14065018509115493
31246	GARLIC	0.05023203258003507	0.17941161351544516
31252	GARLIC	0.09552949347666331	0.2902301677635738
61209	GARLIC	0.07878517785242625	0.24924221634864807
61945	GARLIC	0.17261257341929845	0.4092441499233246
62144	GARLIC	0.323823196547372	0.5800195591790336
62374	GARLIC	0.06708422409636634	0.17635778231280191
62378	GARLIC	0.01619075850716659	0.11685815772839955
62572	GARLIC	0.0673490512583937	0.20780912893159048
78925	GARLIC	0.39561634404318674	0.5910342122827258
638014	GARLIC	0.03049367613026074	0.1403945737651416
643820	GARLIC	0.05721443997962134	0.20492826189313615
5362588	GARLIC	0.054317897983959744	0.18572148042065756
5365049	GARLIC	0.02457985601254872	0.16582230904272624
6429333	GARLIC	0.054263880742447715	0.1702592521905899
5780	GARLIC	0.048539668055517335	0.19511610908167704
7500	GARLIC	0.08858593979052135	0.2298682119165148
439570	GARLIC	0.08050705811807088	0.20466177591255733
440967	GARLIC	0.0479648874274322	0.17494175476687296
16220109	GARLIC	0.052114635173763545	0.2153188841683524
176	SPICES	0.18858128360339574	0.3892384512083871
240	SPICES	0.2015201108796256	0.4079514060701643
243	SPICES	0.19003728244985854	0.3937116435595921
244	SPICES	0.2131631863968713	0.41070387618882315
261	SPICES	0.14246421200888498	0.34241763183048796
325	SPICES	0.3873229580266135	0.6148801360811506
454	SPICES	0.11454945696251732	0.3063227023397173
994	SPICES	0.2542748046772821	0.5067762647356305
1030	SPICES	0.16689041682652064	0.3708009251526424
1068	SPICES	0.2518641267504011	0.47442157353673664
6137	SPICES	0.175417137997491	0.44913546102387564
6505	SPICES	0.160627367241042	0.37473959582192556
6753	SPICES	0.17261015730244772	0.4039366969040462
7119	SPICES	0.16632216104439326	0.3795474214213235
7288	SPICES	0.13127945895705903	0.3251872318131583
7792	SPICES	0.13588938755648478	0.33900876556124004
8363	SPICES	0.1574553464140211	0.34480432101658415
8785	SPICES	0.12569412695510046	0.3541632081781115
8914	SPICES	0.08102449136120933	0.2627436114209039
10797	SPICES	0.21205090624945505	0.4205072096415928
12297	SPICES	0.14616523257323674	0.35835724217551096
13187	SPICES	0.13721463509968349	0.3508335053920746
31246	SPICES	0.10104039524282728	0.30548083782196045
31252	SPICES	0.14272921638829367	0.3432325678212302
61209	SPICES	0.21098239506993974	0.44149789214134216
61945	SPICES	0.25882682629993986	0.4950200021266937
62144	SPICES	0.27149768812315805	0.5382321860109057
62374	SPICES	0.25247544050216675	0.4835318795272282
62378	SPICES	0.18005361088684627	0.4342424656663622
62572	SPICES	0.12929608672857285	0.3067770983491625
78925	SPICES	0.2958122789859772	0.5485841589314597
638014	SPICES	0.15917618785585677	0.41100843463625225
643820	SPICES	0.14864758189235414	0.34901618531772066
5362588	SPICES	0.12075809921537127	0.31357782227652414
5365049	SPICES	0.1623393510069166	0.34580366952078684
6429333	SPICES	0.19859550254685537	0.4128606787749699
5780	SPICES	0.18928749646459306	0.43798741698265076
7500	SPICES	0.17588261834212712	0.3943604018007006
439570	SPICES	0.28015515208244324	0.5068981732640948
440967	SPICES	0.26126975246838163	0.47548341751098633
16220109	SPICES	0.18174762385232107	0.3643054578985487
176	COLD	0.2800146298749106	0.42725139004843576
240	COLD	0.30752652883529663	0.4619025034563882
243	COLD	0.32133752533367704	0.48882723280361723
244	COLD	0.2937040116105761	0.4537440538406372
261	COLD	0.21525391723428453	0.35813374178750174
325	COLD	0.22568319525037492	0.35974312680108206
454	COLD	0.30261197686195374	0.4597561870302473
994	COLD	0.17991858507905686	0.3238152733870915
1030	COLD	0.25213418688092915	0.4013402419430869
1068	COLD	0.1746330644403185	0.3008921316691807
6137	COLD	0.18635218271187373	0.33670451385634287
6505	COLD	0.2683206243174417	0.4290239087172917
6753	COLD	0.2946402941431318	0.4546736776828766
7119	COLD	0.3939134350844792	0.5707893116133553
7288	COLD	0.3228691518306732	0.44630296315465656
7792	COLD	0.29294966799872263	0.449555903673172
8363	COLD	0.36410708938326153	0.5104318346296038
8785	COLD	0.34224617055484224	0.5068308370453971
8914	COLD	0.44372408730643137	0.612046377999442
10797	COLD	0.2667260468006134	0.3963592903954642
12297	COLD	0.3345537952014378	0.48244450773511616
13187	COLD	0.34195925508226666	0.52940263066973
31246	COLD	0.31139858279909405	0.4728569430964334
31252	COLD	0.22693545477730886	0.3511109735284533
61209	COLD	0.255571791103908	0.40559557931763784
61945	COLD	0.1406035998037883	0.2607503469501223
62144	COLD	0.11843850889376231	0.22186997745718276
62374	COLD	0.3753396953855242	0.5331182394708905
62378	COLD	0.3938629754952022	0.5992293017251151
62572	COLD	0.26928609183856417	0.42862141132354736
78925	COLD	0.1812689538512911	0.3089183270931244
638014	COLD	0.3753116173403604	0.5450034056391034
643820	COLD	0.3150004361357008	0.47133141330310274
5362588	COLD	0.3113785854407719	0.48405258996146067
5365049	COLD	0.26638909535748617	0.4329466904912676
6429333	COLD	0.325925064938409	0.5059183069637844
5780	COLD	0.2944357565471104	0.4445893338748387
7500	COLD	0.36234978267124723	0.5064120292663574
439570	COLD	0.5313624739646912	0.6653760841914585
440967	COLD	0.45117866567202974	0.5931946890694755
16220109	COLD	0.25885057023593355	0.4097637278693063
176	SOUR	0.29905698554856436	0.5104964034897941
240	SOUR	0.2384341721023832	0.43376476424080984
243	SOUR	0.2097574578864234	0.4209910205432347
244	SOUR	0.3171116965157645	0.5342074164322445
261	SOUR	0.38079271571976797	0.58266795533044
325	SOUR	0.17673069664410182	0.42148755277906147
454	SOUR	0.28664358598845346	0.50972432749612
994	SOUR	0.3072375846760614	0.5097278015954154
1030	SOUR	0.2511544610772814	0.4810501422200884
1068	SOUR	0.4123411646911076	0.6765580177307129
6137	SOUR	0.4403001538344792	0.6871048126901899
6505	SOUR	0.4435858258179256	0.6514007364000592
6753	SOUR	0.19867477246693202	0.3914030407156263
7119	SOUR	0.18974316545895167	0.39985377873693195
7288	SOUR	0.27973622935158865	0.4885910749435425
7792	SOUR	0.2456234927688326	0.48145472577639986
8363	SOUR	0.18445987786565507	0.39261187825884136
8785	SOUR	0.27606571997914997	0.5142898602145058
8914	SOUR	0.2211596178156989	0.44951340556144714
10797	SOUR	0.24437888605254038	0.49552143471581594
12297	SOUR	0.2983449910368238	0.5193088012082236
13187	SOUR	0.2101665096623557	0.44981216532843454
31246	SOUR	0.24007810865129744	0.47645484123911175
31252	SOUR	0.270775135074343	0.5042512800012316
61209	SOUR	0.2734626999923161	0.473992577620915
61945	SOUR	0.25866715822901043	0.503731199673244
62144	SOUR	0.383659439427512	0.643348787512098
62374	SOUR	0.31279128789901733	0.5056298971176147
62378	SOUR	0.2221713023526328	0.46266803996903555
62572	SOUR	0.35238271951675415	0.5525627306529454
78925	SOUR	0.40944921118872507	0.6476373502186367
638014	SOUR	0.20764712989330292	0.42673783217157635
643820	SOUR	0.22059700531618937	0.4419357648917607
5362588	SOUR	0.30164917026247295	0.534744850226811
5365049	SOUR	0.2393359158720289	0.42741784027644564
6429333	SOUR	0.1981384434870311	0.4056644695145743
5780	SOUR	0.18015769124031067	0.36675480008125305
7500	SOUR	0.29703518748283386	0.5239040894167764
439570	SOUR	0.24825000762939453	0.4477509473051344
440967	SOUR	0.17769421637058258	0.39408371278217863
16220109	SOUR	0.3126433491706848	0.4773041180201939
176	BURNT	0.09970227522509438	0.37454634479113985
240	BURNT	0.1332277868475233	0.40207503948892864
243	BURNT	0.11478320296321597	0.3637096754142216
244	BURNT	0.1509999664766448	0.43274581858089994
261	BURNT	0.07183244930846351	0.28096480454717365
325	BURNT	0.11573623652969088	0.3992431248937334
454	BURNT	0.09629145371062416	0.34888004830905367
994	BURNT	0.10275978701455253	0.36061472977910725
1030	BURNT	0.10022296756505966	0.3519609868526459
1068	BURNT	0.16993374909673417	0.4509538199220385
6137	BURNT	0.26006734158311573	0.5979525106293815
6505	BURNT	0.12439625497375216	0.42018380761146545
6753	BURNT	0.0815104419099433	0.2897262956414904
7119	BURNT	0.09761762831892286	0.32698797753879
7288	BURNT	0.10739420567240034	0.33248443262917654
7792	BURNT	0.09955070699964251	0.32690639580999103
8363	BURNT	0.0661688010607447	0.24860398258481706
8785	BURNT	0.04854889240648065	0.2677482600722994
8914	BURNT	0.0914708221597331	0.3390967675617763
10797	BURNT	0.12967852077313832	0.3970797061920166
12297	BURNT	0.1048491501382419	0.34542062878608704
13187	BURNT	0.0659984430032117	0.26860805068697247
31246	BURNT	0.07082418937768255	0.2634185254573822
31252	BURNT	0.19309425141130174	0.5026788030351911
61209	BURNT	0.2127852248294013	0.5524459906986782
61945	BURNT	0.35204623000962393	0.7050976072038923
62144	BURNT	0.3684835604258946	0.6920923250062125
62374	BURNT	0.15996295426573073	0.45545938185283114
62378	BURNT	0.06870688285146441	0.2922428718635014
62572	BURNT	0.06604627413409096	0.2690802684852055
78925	BURNT	0.16331139100449427	0.46401155846459524
638014	BURNT	0.07233482599258423	0.2532791367598942
643820	BURNT	0.06793509317295891	0.288931850876127
5362588	BURNT	0.07089877714003835	0.27279151124613626
5365049	BURNT	0.05787580034562519	0.25622151153428213
6429333	BURNT	0.08762455465538162	0.3268532838140215
5780	BURNT	0.1269637495279312	0.4026216523987906
7500	BURNT	0.18465466158730642	0.5139427099909101
439570	BURNT	0.11075684747525624	0.3544491870062692
440967	BURNT	0.11068231293133327	0.3288190449987139
16220109	BURNT	0.07537670646395002	0.3063695303031376
176	ACID	0.20642374668802535	0.38975333315985544
240	ACID	0.24065420031547546	0.4295114151069096
243	ACID	0.2644182507480894	0.45103886297770907
244	ACID	0.3075582725661142	0.5009628023420062
261	ACID	0.19607170139040267	0.35390291469437735
325	ACID	0.16047867281096323	0.334636743579592
454	ACID	0.2935840572629656	0.487552353313991
994	ACID	0.15179868787527084	0.3373332236494337
1030	ACID	0.20184933926377976	0.39609361972127644
1068	ACID	0.28797729526247295	0.4643543405192239
6137	ACID	0.28474421160561697	0.539149454661778
6505	ACID	0.34061677966799053	0.533785492181778
6753	ACID	0.20041872348104203	0.3826102614402771
7119	ACID	0.313444014106478	0.5160521524293082
7288	ACID	0.44732860156467985	0.6115150196211678
7792	ACID	0.252683481999806	0.45343380314963205
8363	ACID	0.18219581884997232	0.369917277778898
8785	ACID	0.2772019590650286	0.49440088868141174
8914	ACID	0.38480385712214876	0.6308070591517857
10797	ACID	0.3271783334868295	0.5158062321799142
12297	ACID	0.43747052550315857	0.6408489601952689
13187	ACID	0.21236312176500047	0.4291754279817854
31246	ACID	0.24339285492897034	0.43617312823023113
31252	ACID	0.31423952111176084	0.4990865205015455
61209	ACID	0.28857592173985075	0.4622510756765093
61945	ACID	0.21744262746402196	0.43834491286958965
62144	ACID	0.2534232607909611	0.5212366921561105
62374	ACID	0.36809145552771433	0.5779458795275006
62378	ACID	0.2789319945233209	0.5081314444541931
62572	ACID	0.1876508550984519	0.3477429151535034
78925	ACID	0.21960718078272684	0.43715846112796236
638014	ACID	0.17790486557143076	0.37526935338974
643820	ACID	0.2142333494765418	0.4183921899114336
5362588	ACID	0.2123949101993016	0.41272319640432087
5365049	ACID	0.13381775149277278	0.3493547524724688
6429333	ACID	0.2258904938186918	0.4165378212928772
5780	ACID	0.24697620102337428	0.393382408789226
7500	ACID	0.639150049005236	0.7834890059062413
439570	ACID	0.4248081403119223	0.6492054632731846
440967	ACID	0.3172007756573813	0.5336512752941677
16220109	ACID	0.20665834631238664	0.4019090107509068
176	WARM	0.2622005556310926	0.4287639047418322
240	WARM	0.39537746565682547	0.5767324566841125
243	WARM	0.34343405280794415	0.5369257543768201
244	WARM	0.3534380921295711	0.5613904339926583
261	WARM	0.27052062111241476	0.4676960962159293
325	WARM	0.373713208096368	0.5588634525026593
454	WARM	0.24666071363857814	0.446675751890455
994	WARM	0.44947585463523865	0.6544106262070792
1030	WARM	0.2908006140163967	0.452798741204398
1068	WARM	0.26409501263073515	0.47190287709236145
6137	WARM	0.37954809835978914	0.6095520598547799
6505	WARM	0.29881500559193747	0.49165432368006023
6753	WARM	0.37780711480549406	0.565282370362963
7119	WARM	0.2887238689831325	0.4959355081830706
7288	WARM	0.22915443778038025	0.4273687260491507
7792	WARM	0.2727614513465336	0.45565601757594515
8363	WARM	0.2746695343937193	0.47290633831705364
8785	WARM	0.34662232228687834	0.5773890103612628
8914	WARM	0.22340884591851914	0.4194858457360949
10797	WARM	0.25733789801597595	0.45790669322013855
12297	WARM	0.2446644582918712	0.4571217766829899
13187	WARM	0.3007698101656778	0.513065538236073
31246	WARM	0.26995389802115305	0.47485415424619404
31252	WARM	0.3036523972238813	0.49882534997803823
61209	WARM	0.4721016160079411	0.6816473177501133
61945	WARM	0.4661120133740561	0.6736628413200378
62144	WARM	0.38221929328782217	0.6341251645769391
62374	WARM	0.4166871905326843	0.61235111951828
62378	WARM	0.3309037515095302	0.5676272000585284
62572	WARM	0.272963285446167	0.48167755774089266
78925	WARM	0.3284074493816921	0.5657246325697217
638014	WARM	0.3433809620993478	0.5292614485536303
643820	WARM	0.26290929104600635	0.4514984701360975
5362588	WARM	0.2864308016640799	0.5063412828104836
5365049	WARM	0.2405321044581277	0.5097493997641972
6429333	WARM	0.3361534944602421	0.5421588165419442
5780	WARM	0.4515095864023481	0.5570199148995536
7500	WARM	0.29070975950786043	0.5241338099752154
439570	WARM	0.3020567553383963	0.4994660360472543
440967	WARM	0.3043632337025234	0.5023970476218632
16220109	WARM	0.22892511316708156	0.47955898301942007
176	MUSKY	0.2718182440314974	0.49624963317598614
240	MUSKY	0.28451548303876606	0.5170701571873256
243	MUSKY	0.2615130564996174	0.4980230927467346
244	MUSKY	0.33659774916512625	0.6054176603044782
261	MUSKY	0.30966593963759287	0.5203185336930412
325	MUSKY	0.2062246267284666	0.4149425881249564
454	MUSKY	0.23701427025454386	0.47193391833986553
994	MUSKY	0.32277908495494295	0.5832661730902535
1030	MUSKY	0.2759570905140468	0.49949725185121807
1068	MUSKY	0.3858294359275273	0.5937328508922032
6137	MUSKY	0.43749367339270456	0.7096068092754909
6505	MUSKY	0.3921856624739511	0.6479166405541557
6753	MUSKY	0.2620822127376284	0.4869536672319685
7119	MUSKY	0.17900907567569188	0.42517352529934477
7288	MUSKY	0.1899563925606864	0.38567534940583365
7792	MUSKY	0.22574576522622788	0.4582837905202593
8363	MUSKY	0.18767872026988439	0.4217843072754996
8785	MUSKY	0.19802685720579966	0.44715828129223417
8914	MUSKY	0.20616284225668227	0.4798826788152967
10797	MUSKY	0.21628324048859732	0.45875485028539387
12297	MUSKY	0.2448352724313736	0.46030767474855694
13187	MUSKY	0.1461669302412442	0.3509387799671718
31246	MUSKY	0.15436698177031108	0.3434703860964094
31252	MUSKY	0.3133896163531712	0.5405714682170323
61209	MUSKY	0.2805122562817165	0.5351630534444537
61945	MUSKY	0.3282896195139204	0.6157325506210327
62144	MUSKY	0.3638756700924465	0.6616078955786568
62374	MUSKY	0.31932120663779123	0.5564787898744855
62378	MUSKY	0.16638436487742833	0.3929875833647592
62572	MUSKY	0.24273520282336644	0.44963657004492624
78925	MUSKY	0.34923858301980154	0.6006842936788287
638014	MUSKY	0.20930981636047363	0.4181672717843737
643820	MUSKY	0.17560744285583496	0.38968432375362944
5362588	MUSKY	0.20006081461906433	0.40309070689337595
5365049	MUSKY	0.09623867166893822	0.29080030747822355
6429333	MUSKY	0.18712668546608516	0.4286919576781137
5780	MUSKY	0.14164763050419943	0.3299019570861544
7500	MUSKY	0.2796438378947122	0.5540928414889744
439570	MUSKY	0.16968001212392533	0.39321855136326384
440967	MUSKY	0.16705997713974544	0.36705322350774494
16220109	MUSKY	0.17460866485323226	0.4031015762260982
176	SWEATY	0.1796616709658078	0.34821117350033354
240	SWEATY	0.1475981261048998	0.30715650958674295
243	SWEATY	0.12666040233203343	0.277483799627849
244	SWEATY	0.1983128168753215	0.38778417451041086
261	SWEATY	0.2355849572590419	0.4300839049475534
325	SWEATY	0.11522694996425084	0.21206154142107284
454	SWEATY	0.13377832727772848	0.31493488379887175
994	SWEATY	0.21352289404187882	0.410795944077628
1030	SWEATY	0.16651571009840285	0.35005833421434673
1068	SWEATY	0.24739795071738108	0.4864261874130794
6137	SWEATY	0.2964808429990496	0.5463229162352425
6505	SWEATY	0.27048273597444805	0.49881631561688017
6753	SWEATY	0.12465935094015938	0.24140459511961257
7119	SWEATY	0.07628634838121277	0.20284138194152287
7288	SWEATY	0.11119603365659714	0.2760313557726996
7792	SWEATY	0.1370206837143217	0.3122067281178066
8363	SWEATY	0.09884456757988248	0.21591117126601084
8785	SWEATY	0.1321164912411145	0.3033210720334734
8914	SWEATY	0.10280695025409971	0.26124364137649536
10797	SWEATY	0.10706283045666558	0.2773363185780389
12297	SWEATY	0.1533872793827738	0.33257411633219036
13187	SWEATY	0.07729925108807427	0.21444819016116007
31246	SWEATY	0.08531521260738373	0.22941166588238307
31252	SWEATY	0.14914052614143916	0.35363357833453585
61209	SWEATY	0.1350012027791568	0.3337681932108743
61945	SWEATY	0.16123739097799575	0.38686337641307283
62144	SWEATY	0.21224634562219893	0.49924815552575247
62374	SWEATY	0.1812679703746523	0.34804498084953855
62378	SWEATY	0.10276351869106293	0.23296333849430084
62572	SWEATY	0.18888629334313528	0.3688468762806484
78925	SWEATY	0.2190896613257272	0.4631808613027845
638014	SWEATY	0.08030265995434352	0.21042121733937943
643820	SWEATY	0.10207211864846093	0.24964697446141923
5362588	SWEATY	0.1355069258383342	0.3135934684957777
5365049	SWEATY	0.07754848631364959	0.2392310734306063
6429333	SWEATY	0.09240628566060748	0.23486118657248362
5780	SWEATY	0.046882321791989465	0.1562493901167597
7500	SWEATY	0.13801291691405432	0.3061662103448595
439570	SWEATY	0.09355760897908892	0.2154452566589628
440967	SWEATY	0.06924045830965042	0.16336125774042948
16220109	SWEATY	0.13399470065321242	0.3164221942424774
176	AMMONIA/URINOUS	0.18756065198353358	0.3129678794315883
240	AMMONIA/URINOUS	0.32545962929725647	0.46086646403585163
243	AMMONIA/URINOUS	0.3125719130039215	0.4412955045700073
244	AMMONIA/URINOUS	0.432458690234593	0.5488996803760529
261	AMMONIA/URINOUS	0.24667945291314805	0.38960543274879456
325	AMMONIA/URINOUS	0.1671076033796583	0.3102385572024754
454	AMMONIA/URINOUS	0.2879594223839896	0.4448496997356415
994	AMMONIA/URINOUS	0.30834607992853436	0.41742702041353497
1030	AMMONIA/URINOUS	0.22329556941986084	0.382185446364539
1068	AMMONIA/URINOUS	0.4150666892528534	0.5292710065841675
6137	AMMONIA/URINOUS	0.46784135699272156	0.6060084530285427
6505	AMMONIA/URINOUS	0.4194446461541312	0.5487447891916547
6753	AMMONIA/URINOUS	0.2491069691521781	0.37169770683561054
7119	AMMONIA/URINOUS	0.30810001705374035	0.44980207085609436
7288	AMMONIA/URINOUS	0.43904508863176617	0.5713501402309963
7792	AMMONIA/URINOUS	0.3004237285682133	0.4523254462650844
8363	AMMONIA/URINOUS	0.21660102478095464	0.31934971043041777
8785	AMMONIA/URINOUS	0.3076928087643215	0.4453603838171278
8914	AMMONIA/URINOUS	0.4358722652707781	0.6143187710217067
10797	AMMONIA/URINOUS	0.3171494262559073	0.4699444515364511
12297	AMMONIA/URINOUS	0.4846260505063193	0.6243614767278943
13187	AMMONIA/URINOUS	0.208501758319991	0.35478760940688
31246	AMMONIA/URINOUS	0.2420297179903303	0.39809500745364595
31252	AMMONIA/URINOUS	0.36106057252202717	0.5116262435913086
61209	AMMONIA/URINOUS	0.37368475113596233	0.4912603795528412
61945	AMMONIA/URINOUS	0.32993332403046743	0.485606495823179
62144	AMMONIA/URINOUS	0.44688410418374197	0.6198260102953229
62374	AMMONIA/URINOUS	0.46581379004887175	0.5966464877128601
62378	AMMONIA/URINOUS	0.29410880378314425	0.4147253547395979
62572	AMMONIA/URINOUS	0.19023549663169043	0.32215483273778645
78925	AMMONIA/URINOUS	0.3610984555312565	0.5044843128749302
638014	AMMONIA/URINOUS	0.22111329862049647	0.31886633379118784
643820	AMMONIA/URINOUS	0.236819503562791	0.3691831997462681
5362588	AMMONIA/URINOUS	0.21883329323359899	0.3619179938520704
5365049	AMMONIA/URINOUS	0.16208166096891677	0.2653291012559618
6429333	AMMONIA/URINOUS	0.2375976081405367	0.3673633933067322
5780	AMMONIA/URINOUS	0.19332540141684668	0.2556610256433487
7500	AMMONIA/URINOUS	0.6561126794133868	0.7467457737241473
439570	AMMONIA/URINOUS	0.43122598528862	0.5808509162494114
440967	AMMONIA/URINOUS	0.3347280025482178	0.480218951191221
16220109	AMMONIA/URINOUS	0.1922034855399813	0.3099402018955776
176	DECAYED	0.08564626957689013	0.2828705885580608
240	DECAYED	0.09886931734425682	0.31543111375399996
243	DECAYED	0.0849900756563459	0.3002794214657375
244	DECAYED	0.16101864193167006	0.4398196211883
261	DECAYED	0.11813826433249883	0.3736212594168527
325	DECAYED	0.06232487144214766	0.2712389124291284
454	DECAYED	0.0818409440772874	0.3072568689073835
994	DECAYED	0.11419842817953654	0.3798920384475163
1030	DECAYED	0.08552520615713936	0.30029938902173725
1068	DECAYED	0.19060970842838287	0.5092019353594098
6137	DECAYED	0.23690431032861983	0.577455861227853
6505	DECAYED	0.13456910316433227	0.39756370868001667
6753	DECAYED	0.06395211283649717	0.28360984155109953
7119	DECAYED	0.05110531992145947	0.24812630031790053
7288	DECAYED	0.07990626671484538	0.32726181404931204
7792	DECAYED	0.07191484581146922	0.29108479619026184
8363	DECAYED	0.05983246916106769	0.25512496701308657
8785	DECAYED	0.09389774288449969	0.3452501595020294
8914	DECAYED	0.04163031333259174	0.21110289437430246
10797	DECAYED	0.07220128125378064	0.29323582564081463
12297	DECAYED	0.10822254525763648	0.3880477377346584
13187	DECAYED	0.062666902584689	0.276862627693585
31246	DECAYED	0.08193970258746829	0.32083505392074585
31252	DECAYED	0.11478022485971451	0.3702960695539202
61209	DECAYED	0.07355158190642085	0.30244608010564533
61945	DECAYED	0.1665492824145726	0.47043387804712566
62144	DECAYED	0.2334375594343458	0.5907972710473197
62374	DECAYED	0.1162448940532548	0.37952169350215365
62378	DECAYED	0.06692722865513392	0.2750323329653059
62572	DECAYED	0.10315539155687604	0.3358915703637259
78925	DECAYED	0.21393917288099015	0.5679632467882973
638014	DECAYED	0.06357682070561818	0.24736281377928598
643820	DECAYED	0.03725777220513139	0.21779921225139073
5362588	DECAYED	0.10532359885317939	0.36219048500061035
5365049	DECAYED	0.0558372645505837	0.24839715233870915
6429333	DECAYED	0.06398375598447663	0.24808494108063833
5780	DECAYED	0.058590807020664215	0.19860936488424027
7500	DECAYED	0.11691164970397949	0.37916955777576994
439570	DECAYED	0.05414851462202413	0.30543138086795807
440967	DECAYED	0.05477949657610485	0.2559013345411846
16220109	DECAYED	0.07128026975052697	0.28674635716847013
176	WOOD	0.3549916744232178	0.5222863129207066
240	WOOD	0.17618460953235626	0.3197986270700182
243	WOOD	0.18350747653416224	0.3283249182360513
244	WOOD	0.1903926623719079	0.40107392413275583
261	WOOD	0.12152163897241865	0.23972215397017343
325	WOOD	0.32249816400664194	0.4918279988425119
454	WOOD	0.22815396317413875	0.40575466411454336
994	WOOD	0.1730560745511736	0.3252688603741782
1030	WOOD	0.2721245863607952	0.42690013136182514
1068	WOOD	0.15077305691582815	0.3121410012245178
6137	WOOD	0.26889089175633024	0.4815968785967146
6505	WOOD	0.2182601477418627	0.4176063665321895
6753	WOOD	0.27031606222902027	0.43254383546965464
7119	WOOD	0.18507092978273118	0.3341238796710968
7288	WOOD	0.12489978436912809	0.2224252394267491
7792	WOOD	0.1926358597619193	0.3754901375089373
8363	WOOD	0.14955017928566253	0.2771819659641811
8785	WOOD	0.09129551904542106	0.24266086305890763
8914	WOOD	0.23780067903654917	0.42782817993845257
10797	WOOD	0.24478570904050553	0.42438943471227375
12297	WOOD	0.1403298761163439	0.27775807891573223
13187	WOOD	0.12683338139738357	0.284861364534923
31246	WOOD	0.07532033483896937	0.165363609790802
31252	WOOD	0.3344888389110565	0.5285104300294604
61209	WOOD	0.27605647274426054	0.439649726663317
61945	WOOD	0.3805774748325348	0.5687312654086522
62144	WOOD	0.1273919152362006	0.28919886691229685
62374	WOOD	0.33941471576690674	0.5140192636421749
62378	WOOD	0.13118711113929749	0.30723245654787334
62572	WOOD	0.12404204479285649	0.2445162513426372
78925	WOOD	0.1407898919922965	0.3002709320613316
638014	WOOD	0.28427159786224365	0.44657125643321444
643820	WOOD	0.1779714333159583	0.341824118580137
5362588	WOOD	0.11683645525148936	0.24461016058921814
5365049	WOOD	0.1162000862615449	0.20708008110523224
6429333	WOOD	0.17704265458243235	0.3407075490270342
5780	WOOD	0.30813814061028616	0.4759946720940726
7500	WOOD	0.21085025370121002	0.3775231880801065
439570	WOOD	0.2831321060657501	0.4502820202282497
440967	WOOD	0.3264200304235731	0.4721416234970093
16220109	WOOD	0.16969723786626542	0.2904970347881317
176	GRASS	0.1194668220622199	0.27347383328846525
240	GRASS	0.06147676546658788	0.19320961833000183
243	GRASS	0.06207847808088575	0.1819633905376707
244	GRASS	0.10871373755591256	0.26625455703054157
261	GRASS	0.059920252433844974	0.19899935381753103
325	GRASS	0.13373508942978724	0.3252349538462503
454	GRASS	0.14166018792561122	0.3186411942754473
994	GRASS	0.07541916093655995	0.19905857528959
1030	GRASS	0.08814662269183568	0.22355004932199204
1068	GRASS	0.03448900261095592	0.15110152321202414
6137	GRASS	0.046137391456535885	0.17737205965178354
6505	GRASS	0.04856364828135286	0.20107972409043992
6753	GRASS	0.15335406256573542	0.3114575445652008
7119	GRASS	0.09149406531027385	0.2674449639660971
7288	GRASS	0.06611396372318268	0.19204608031681605
7792	GRASS	0.13654582628182002	0.3153696060180664
8363	GRASS	0.07623009117586273	0.20660527050495148
8785	GRASS	0.11358005340610232	0.30194102440561565
8914	GRASS	0.1429955916745322	0.30983160010405947
10797	GRASS	0.11085759422608785	0.2836874510560717
12297	GRASS	0.094108413372721	0.2602708509990147
13187	GRASS	0.14766172426087515	0.33171009165900095
31246	GRASS	0.07504538287009511	0.18636721585478103
31252	GRASS	0.09872758122427124	0.281712463923863
61209	GRASS	0.030081136418240412	0.15838397507156646
61945	GRASS	0.07416093189801488	0.2536856234073639
62144	GRASS	0.021370775997638702	0.13666241616010666
62374	GRASS	0.10791027545928955	0.28059424247060505
62378	GRASS	0.13493264679397857	0.3291714404310499
62572	GRASS	0.09337135723658971	0.24694790158952987
78925	GRASS	0.05511252582073212	0.17938090647969926
638014	GRASS	0.24804727094514029	0.4903509148529598
643820	GRASS	0.2126816404717309	0.41392775092806133
5362588	GRASS	0.1660937922341483	0.3361224787575858
5365049	GRASS	0.4012721819537027	0.5776606798171997
6429333	GRASS	0.10251624350036893	0.28584821096488405
5780	GRASS	0.06923963874578476	0.21622918546199799
7500	GRASS	0.06046730439577784	0.208693157349314
439570	GRASS	0.16407068286623275	0.38426483954702106
440967	GRASS	0.21397595959050314	0.4278117503438677
16220109	GRASS	0.3277717190129416	0.5174630752631596
176	FLOWER	0.09172321004526955	0.2794781071799142
240	FLOWER	0.16760573855468205	0.4129221439361572
243	FLOWER	0.18317791180951254	0.42363377128328594
244	FLOWER	0.16268476950270788	0.38233902198927744
261	FLOWER	0.11648091567414147	0.3348247451441629
325	FLOWER	0.1601433221782957	0.3955627679824829
454	FLOWER	0.15428445168903895	0.37074919257845196
994	FLOWER	0.14795980815376555	0.3737717994621822
1030	FLOWER	0.10811371569122587	0.3158438077994755
1068	FLOWER	0.044525756899799616	0.17546259505408152
6137	FLOWER	0.02130143716931343	0.11331059890133995
6505	FLOWER	0.06524074503353663	0.23768680010523116
6753	FLOWER	0.37068437678473337	0.5506950616836548
7119	FLOWER	0.25107070803642273	0.5178887716361454
7288	FLOWER	0.07298585772514343	0.27492542777742657
7792	FLOWER	0.25453372086797443	0.4944989170346941
8363	FLOWER	0.326851167849132	0.5894223536763873
8785	FLOWER	0.39354526570865084	0.6816649436950684
8914	FLOWER	0.19148309103080205	0.43536258595330374
10797	FLOWER	0.08169045246073178	0.297183204974447
12297	FLOWER	0.10027319033231054	0.32668815766062054
13187	FLOWER	0.26619994001729147	0.5545979397637504
31246	FLOWER	0.19544652742998941	0.4408849690641676
31252	FLOWER	0.051047385803290775	0.2077671033995492
61209	FLOWER	0.08522020067487444	0.2606568570647921
61945	FLOWER	0.05715686561805861	0.16029378452471324
62144	FLOWER	-0.0004942161696297782	0.08838490928922381
62374	FLOWER	0.12448789392198835	0.29615384127412525
62378	FLOWER	0.3762325091021402	0.6743823885917664
62572	FLOWER	0.18294861699853623	0.4066752663680485
78925	FLOWER	0.05577548699719565	0.19281639265162603
638014	FLOWER	0.4682206000600542	0.6701548269816807
643820	FLOWER	0.3177157597882407	0.556289689881461
5362588	FLOWER	0.2190786131790706	0.4648191843714033
5365049	FLOWER	0.2384388702256339	0.47126069239207674
6429333	FLOWER	0.24456421818052018	0.5104718421186719
5780	FLOWER	0.07845397080693926	0.33938373412404743
7500	FLOWER	0.0721016704503979	0.23688144023929322
439570	FLOWER	0.11069706720965249	0.35667229124477934
440967	FLOWER	0.15556098414318903	0.39353538836751667
16220109	FLOWER	0.19852477737835475	0.4144824062074934
176	CHEMICAL	0.14848664722272328	0.42973561372075764
240	CHEMICAL	0.26350673181670053	0.5234212705067226
243	CHEMICAL	0.32383282269750324	0.5712417193821498
244	CHEMICAL	0.32572212389537264	0.5890892744064331
261	CHEMICAL	0.18020369112491608	0.477874151297978
325	CHEMICAL	0.14094345378024237	0.40582674741744995
454	CHEMICAL	0.3170160140310015	0.6134452479226249
994	CHEMICAL	0.1328578240105084	0.4012813227517264
1030	CHEMICAL	0.19361597725323268	0.48211322511945454
1068	CHEMICAL	0.1564378866127559	0.4781647707734789
6137	CHEMICAL	0.20908301642962865	0.5424070102827889
6505	CHEMICAL	0.3036196104117802	0.5845562560217721
6753	CHEMICAL	0.2265963852405548	0.5027734466961452
7119	CHEMICAL	0.35986714703696115	0.6473084262439183
7288	CHEMICAL	0.5072404657091413	0.7590801290103367
7792	CHEMICAL	0.27178498463971273	0.5601726685251508
8363	CHEMICAL	0.27515906521252226	0.5360931072916303
8785	CHEMICAL	0.2968583106994629	0.6316142507961818
8914	CHEMICAL	0.48242753744125366	0.796052839074816
10797	CHEMICAL	0.31832051490034374	0.5900900874819074
12297	CHEMICAL	0.4904962692941938	0.7593489204134259
13187	CHEMICAL	0.25959708222321104	0.5810232162475586
31246	CHEMICAL	0.3019948048251016	0.620296333517347
31252	CHEMICAL	0.29335762347493854	0.565017078604017
61209	CHEMICAL	0.26453024787562235	0.5338097172124046
61945	CHEMICAL	0.17167917958327703	0.4655179721968515
62144	CHEMICAL	0.1820367787565504	0.5083560347557068
62374	CHEMICAL	0.4133555676255907	0.6637343764305115
62378	CHEMICAL	0.30884718894958496	0.6419895035879952
62572	CHEMICAL	0.2065392690045493	0.48280899013791767
78925	CHEMICAL	0.13258460589817592	0.4661667261804853
638014	CHEMICAL	0.20641198541436875	0.5275564704622541
643820	CHEMICAL	0.24587983531611307	0.5291399785450527
5362588	CHEMICAL	0.2523478376013892	0.5683092900684902
5365049	CHEMICAL	0.1976347416639328	0.48482617310115267
6429333	CHEMICAL	0.24813065145696914	0.5386454633304051
5780	CHEMICAL	0.1918293216398784	0.4082925489970616
7500	CHEMICAL	0.6872132165091378	0.8686113698141915
439570	CHEMICAL	0.48705077171325684	0.7657112223761422
440967	CHEMICAL	0.4206489111695971	0.6784469485282898
16220109	CHEMICAL	0.21897179101194655	0.48746349130358013
