oID	descriptor	value	sigma
180	INTENSITY/STRENGTH	0.14911664490188872	0.520218448979514
264	INTENSITY/STRENGTH	0.3775653200490134	0.6791401675769261
702	INTENSITY/STRENGTH	0.02296659563268934	0.45930396233286175
1031	INTENSITY/STRENGTH	0.10599890670606069	0.49518180744988577
3102	INTENSITY/STRENGTH	0.2664807545287268	0.6194433655057635
3314	INTENSITY/STRENGTH	0.36846405267715454	0.655130752495357
6506	INTENSITY/STRENGTH	0.19824151694774628	0.558062915291105
6544	INTENSITY/STRENGTH	0.6215445910181318	0.6907672200884137
6561	INTENSITY/STRENGTH	0.2092385994536536	0.5523442029953003
7092	INTENSITY/STRENGTH	0.3856957469667707	0.6390682884625026
7302	INTENSITY/STRENGTH	0.4896931052207947	0.6714106457574027
7476	INTENSITY/STRENGTH	0.42118686863354277	0.6059730308396476
7559	INTENSITY/STRENGTH	0.45950458305222647	0.7442916035652161
7657	INTENSITY/STRENGTH	0.35389342052595957	0.64994158915111
7770	INTENSITY/STRENGTH	0.5216279583317893	0.6908316527094159
7793	INTENSITY/STRENGTH	0.34689597146851675	0.6101475528308323
7797	INTENSITY/STRENGTH	0.511814683675766	0.6513417703764779
8025	INTENSITY/STRENGTH	0.24321491164820536	0.5784562911306109
8049	INTENSITY/STRENGTH	0.14529271104506084	0.4909455478191376
8094	INTENSITY/STRENGTH	0.35945325664111544	0.6216208594185966
8419	INTENSITY/STRENGTH	0.5376062818935939	0.6426141091755458
8438	INTENSITY/STRENGTH	0.41343487586293903	0.5940839733396258
8468	INTENSITY/STRENGTH	0.2478333796773638	0.576125008719308
8815	INTENSITY/STRENGTH	0.2284510454961232	0.5931094118527004
8878	INTENSITY/STRENGTH	0.5508156503949847	0.6526659641947065
9012	INTENSITY/STRENGTH	0.5367722596440997	0.6395913532802037
10886	INTENSITY/STRENGTH	0.3900684714317322	0.6727800284113202
11567	INTENSITY/STRENGTH	0.5148147472313472	0.7075349262782505
12020	INTENSITY/STRENGTH	0.18588135923658097	0.547229106937136
12265	INTENSITY/STRENGTH	0.2716466635465622	0.5834177051271711
12377	INTENSITY/STRENGTH	0.37392967513629366	0.5538461804389954
16537	INTENSITY/STRENGTH	0.23157086968421936	0.674190104007721
17898	INTENSITY/STRENGTH	0.5176086170332772	0.6286656515938895
18467	INTENSITY/STRENGTH	0.33077302149363924	0.5708384428705487
21363	INTENSITY/STRENGTH	0.45151775649615694	0.683389697756086
27440	INTENSITY/STRENGTH	0.5851032223020282	0.7442612307412284
31219	INTENSITY/STRENGTH	0.3906645391668592	0.6492662259510585
31276	INTENSITY/STRENGTH	0.4977915585041046	0.6872508014951434
31283	INTENSITY/STRENGTH	0.15130753176552908	0.5168950131961277
60998	INTENSITY/STRENGTH	0.4042372192655291	0.7009026067597526
61523	INTENSITY/STRENGTH	0.4193783700466156	0.6850530164582389
62351	INTENSITY/STRENGTH	0.30498734542301725	0.5838381818362645
62465	INTENSITY/STRENGTH	0.3938299630369459	0.6422053830964225
251531	INTENSITY/STRENGTH	0.15431925973721913	0.5506206282547542
440917	INTENSITY/STRENGTH	0.41198388167790007	0.6175651039396014
637758	INTENSITY/STRENGTH	0.43987263100487844	0.7368991715567452
1549025	INTENSITY/STRENGTH	0.19590405906949723	0.4963392402444567
2733294	INTENSITY/STRENGTH	0.6135827132633754	0.6995762671743121
5281167	INTENSITY/STRENGTH	0.45867436272757395	0.7113745127405439
5281168	INTENSITY/STRENGTH	0.41595532638686045	0.6454726457595825
5318599	INTENSITY/STRENGTH	0.5771959040846143	0.674194199698312
5352837	INTENSITY/STRENGTH	0.5385438118662152	0.6755552547318595
5364231	INTENSITY/STRENGTH	0.6571134924888611	0.6530938574245998
262	INTENSITY/STRENGTH	0.1466532243149621	0.5042399338313511
323	INTENSITY/STRENGTH	0.39579807434763226	0.6579055956431797
750	INTENSITY/STRENGTH	0.212996278490339	0.495064697095326
753	INTENSITY/STRENGTH	0.1745266712137631	0.5273782781192234
962	INTENSITY/STRENGTH	0.14357481790440424	0.5141961319105965
5862	INTENSITY/STRENGTH	0.3218365694795336	0.5912878257887704
5962	INTENSITY/STRENGTH	0.3820601148264749	0.6070843594414848
6274	INTENSITY/STRENGTH	0.11079268849321774	0.4496223671095712
6322	INTENSITY/STRENGTH	0.08808319004518646	0.4490640802042825
6669	INTENSITY/STRENGTH	0.1242206511752946	0.5752843490668705
7137	INTENSITY/STRENGTH	0.6665300982339042	0.7245437928608486
15654	INTENSITY/STRENGTH	0.3131806765283857	0.6273401379585266
62089	INTENSITY/STRENGTH	0.442111964736666	0.6152440735271999
853433	INTENSITY/STRENGTH	0.5179479377610343	0.6880232266017369
5371102	INTENSITY/STRENGTH	0.23286569331373488	0.6611301984105792
10857465	INTENSITY/STRENGTH	0.3622415576662336	0.7270621912819999
180	VALENCE/PLEASANTNESS	0.416024455002376	0.5413101996694293
264	VALENCE/PLEASANTNESS	0.2746717099632536	0.4957358113356999
702	VALENCE/PLEASANTNESS	0.4713123270443508	0.5378821236746651
1031	VALENCE/PLEASANTNESS	0.455110388142722	0.5504877311842782
3102	VALENCE/PLEASANTNESS	0.4743680613381522	0.6273346628461566
3314	VALENCE/PLEASANTNESS	0.6115563767296928	0.5967226624488831
6506	VALENCE/PLEASANTNESS	0.3992055909974234	0.5256250160081046
6544	VALENCE/PLEASANTNESS	0.40439689585140776	0.5893039703369141
6561	VALENCE/PLEASANTNESS	0.3851224609783718	0.5411499398095267
7092	VALENCE/PLEASANTNESS	0.585781284740993	0.6463024616241455
7302	VALENCE/PLEASANTNESS	0.4339100250176021	0.6390669516154698
7476	VALENCE/PLEASANTNESS	0.6748197249003819	0.5961177604539054
7559	VALENCE/PLEASANTNESS	0.5608130437987191	0.7039537685258048
7657	VALENCE/PLEASANTNESS	0.40631808979170664	0.6078239509037563
7770	VALENCE/PLEASANTNESS	0.6265543784414019	0.6293563161577497
7793	VALENCE/PLEASANTNESS	0.6133779202188764	0.609077947480338
7797	VALENCE/PLEASANTNESS	0.7081813556807381	0.6109744310379028
8025	VALENCE/PLEASANTNESS	0.47786085520471844	0.5888803941862923
8049	VALENCE/PLEASANTNESS	0.5166196993419102	0.512853741645813
8094	VALENCE/PLEASANTNESS	0.37436515518597197	0.5302239528724125
8419	VALENCE/PLEASANTNESS	0.7869973352977208	0.49978001202855793
8438	VALENCE/PLEASANTNESS	0.728547990322113	0.5541627917970929
8468	VALENCE/PLEASANTNESS	0.6002185429845538	0.5703884278024945
8815	VALENCE/PLEASANTNESS	0.5636243649891445	0.6123519965580532
8878	VALENCE/PLEASANTNESS	0.7155604958534241	0.5772898963519505
9012	VALENCE/PLEASANTNESS	0.2421758153608867	0.554976088660104
10886	VALENCE/PLEASANTNESS	0.5743466530527387	0.6220756258283343
11567	VALENCE/PLEASANTNESS	0.44692888855934143	0.6610435588019234
12020	VALENCE/PLEASANTNESS	0.4168003073760441	0.551775302205767
12265	VALENCE/PLEASANTNESS	0.35719541140965055	0.5302265669618335
12377	VALENCE/PLEASANTNESS	0.3315559966223581	0.574326000043324
16537	VALENCE/PLEASANTNESS	0.5377403667994908	0.5797947304589408
17898	VALENCE/PLEASANTNESS	0.40625045129231047	0.6424602781023298
18467	VALENCE/PLEASANTNESS	0.4465783153261457	0.6005978158542088
21363	VALENCE/PLEASANTNESS	0.3462515047618321	0.545802823134831
27440	VALENCE/PLEASANTNESS	0.33430141636303495	0.636494517326355
31219	VALENCE/PLEASANTNESS	0.546937712601253	0.6268605760165623
31276	VALENCE/PLEASANTNESS	0.6609547053064618	0.6573548827852521
31283	VALENCE/PLEASANTNESS	0.48040931139673504	0.5195615887641907
60998	VALENCE/PLEASANTNESS	0.4761348366737366	0.6540695939745221
61523	VALENCE/PLEASANTNESS	0.5166907438210079	0.6322528379304069
62351	VALENCE/PLEASANTNESS	0.33026219265801565	0.5455307449613299
62465	VALENCE/PLEASANTNESS	0.5059902582849775	0.6156178201947894
251531	VALENCE/PLEASANTNESS	0.5634917957442147	0.5838717562811715
440917	VALENCE/PLEASANTNESS	0.4977720464978899	0.6043026276997158
637758	VALENCE/PLEASANTNESS	0.6420705914497375	0.6374868835721698
1549025	VALENCE/PLEASANTNESS	0.5255313685962132	0.5306129029818943
2733294	VALENCE/PLEASANTNESS	0.6764766914503915	0.6707243238176618
5281167	VALENCE/PLEASANTNESS	0.5161703910146441	0.6612571648189
5281168	VALENCE/PLEASANTNESS	0.3884832901614053	0.5914413332939148
5318599	VALENCE/PLEASANTNESS	0.507246025971004	0.6357773883002145
5352837	VALENCE/PLEASANTNESS	0.5358760740075793	0.6533299088478088
5364231	VALENCE/PLEASANTNESS	0.45775720477104187	0.6069752403667995
262	VALENCE/PLEASANTNESS	0.45833095482417513	0.571822030203683
323	VALENCE/PLEASANTNESS	0.5896452495029995	0.6315306339945111
750	VALENCE/PLEASANTNESS	0.5060380782399859	0.6025610991886684
753	VALENCE/PLEASANTNESS	0.4850170612335205	0.5863989336150033
962	VALENCE/PLEASANTNESS	0.47924367019108366	0.575361430644989
5862	VALENCE/PLEASANTNESS	0.3813734139714922	0.5987623078482491
5962	VALENCE/PLEASANTNESS	0.3612106612750462	0.5928161570004055
6274	VALENCE/PLEASANTNESS	0.485741342817034	0.591756786618914
6322	VALENCE/PLEASANTNESS	0.43734180075781687	0.5616082804543632
6669	VALENCE/PLEASANTNESS	0.6348681194441659	0.5626904623849052
7137	VALENCE/PLEASANTNESS	0.8287039484296527	0.6069838234356472
15654	VALENCE/PLEASANTNESS	0.4450316769736154	0.6134676252092633
62089	VALENCE/PLEASANTNESS	0.2765150559800012	0.4883132108620235
853433	VALENCE/PLEASANTNESS	0.7111246756144932	0.588698148727417
5371102	VALENCE/PLEASANTNESS	0.4965420237609318	0.6035427280834743
10857465	VALENCE/PLEASANTNESS	0.5165023633411953	0.614000141620636
180	BAKERY	0.057672981172800064	0.16697185167244502
264	BAKERY	0.03776060949478831	0.15332446353776114
702	BAKERY	0.07744267582893372	0.2263482234307698
1031	BAKERY	0.07235824742487498	0.22034030726977757
3102	BAKERY	0.053273849721465795	0.23048134360994613
3314	BAKERY	0.2406000473669597	0.48227812136922565
6506	BAKERY	0.0802299055669989	0.20101040388856614
6544	BAKERY	0.051312562344329696	0.14358965413911
6561	BAKERY	0.04956742163215365	0.17265379854610988
7092	BAKERY	0.14293214359453746	0.3942696068968092
7302	BAKERY	0.09794597966330391	0.2956069665295737
7476	BAKERY	0.15621265981878554	0.3591641996588026
7559	BAKERY	0.0748606835092817	0.22582939905779703
7657	BAKERY	0.0448492592466729	0.1617124399968556
7770	BAKERY	0.12702782452106476	0.3537593526499612
7793	BAKERY	0.07552761371646609	0.22919150974069322
7797	BAKERY	0.1032315833227975	0.32444643122809275
8025	BAKERY	0.08851518907717296	0.2647003446306501
8049	BAKERY	0.11435996634619576	0.3335802214486258
8094	BAKERY	0.020309945435396264	0.08525817362325532
8419	BAKERY	0.49051708408764433	0.6994542905262539
8438	BAKERY	0.34609102989946094	0.565749636718205
8468	BAKERY	0.2248699175459998	0.3784706549985068
8815	BAKERY	0.09156833908387593	0.2891012579202652
8878	BAKERY	0.111716947385243	0.3192894331046513
9012	BAKERY	0.07499577530792781	0.2661263346672058
10886	BAKERY	0.07954974525741168	0.2654197897229876
11567	BAKERY	0.07637814006635121	0.2160502736057554
12020	BAKERY	0.04362026256109987	0.14806103174175536
12265	BAKERY	0.07416454596178872	0.2014572492667607
12377	BAKERY	0.04420835777584996	0.19883615842887334
16537	BAKERY	0.035074906423687935	0.12993127959115164
17898	BAKERY	0.1784630183662687	0.497823885508946
18467	BAKERY	0.15264880337885448	0.4358923946108137
21363	BAKERY	0.025194657168218067	0.11442218720912933
27440	BAKERY	0.12580043183905737	0.3026718816586903
31219	BAKERY	0.045695103971021514	0.2033619795526777
31276	BAKERY	0.11980388739279338	0.3370187963758196
31283	BAKERY	0.15959517657756805	0.4199959465435573
60998	BAKERY	0.07500495814851352	0.26487527787685394
61523	BAKERY	0.04283664508589676	0.13510142692497798
62351	BAKERY	0.08211738190480641	0.2565415863479887
62465	BAKERY	0.16461090530667985	0.3498914795262473
251531	BAKERY	0.045648781316620965	0.19953231939247676
440917	BAKERY	0.04347984945135457	0.10811935524855341
637758	BAKERY	0.12462099641561508	0.3420165181159973
1549025	BAKERY	0.06199086670364652	0.21153208400521958
2733294	BAKERY	0.09180146721856934	0.2670375577041081
5281167	BAKERY	0.03634565456637314	0.1597311177424022
5281168	BAKERY	0.015658797031002387	0.10256208266530718
5318599	BAKERY	0.04967395668583257	0.1449582970568112
5352837	BAKERY	0.06690031290054321	0.18901188032967703
5364231	BAKERY	0.0991273181779044	0.2387665339878627
262	BAKERY	0.06887628350939069	0.21146183993135179
323	BAKERY	0.18766385316848755	0.4445059725216457
750	BAKERY	0.138571920139449	0.3770980494362967
753	BAKERY	0.09970671789986747	0.26815560460090637
962	BAKERY	0.04199696199170181	0.14714401108878
5862	BAKERY	0.1271281178508486	0.3736705013683864
5962	BAKERY	0.07164700222866875	0.23968203791550227
6274	BAKERY	0.06319735491914409	0.23147043585777283
6322	BAKERY	0.05544117731707437	0.2246509449822562
6669	BAKERY	0.09543361834117345	0.2912125608750752
7137	BAKERY	0.4869642172540937	0.7951534049851554
15654	BAKERY	0.17434818191187723	0.45937743357249666
62089	BAKERY	0.012919743146215166	0.04529523689832006
853433	BAKERY	0.3636618639741625	0.6119902048792157
5371102	BAKERY	0.026416672127587453	0.14070303738117218
10857465	BAKERY	0.03202003426849842	0.198404923081398
180	SWEET	0.0863681887941701	0.34923098768506733
264	SWEET	0.05514862122280257	0.3291384492601667
702	SWEET	0.11805870596851621	0.3847030656678336
1031	SWEET	0.12819078032459533	0.40063012072018217
3102	SWEET	0.17217789590358734	0.5403272211551666
3314	SWEET	0.28971064516476225	0.6438136441367013
6506	SWEET	0.12240165152720042	0.3826148808002472
6544	SWEET	0.12565826624631882	0.3966667524405888
6561	SWEET	0.09380921029618808	0.37335445625441416
7092	SWEET	0.2635961728436606	0.6469237634113857
7302	SWEET	0.14544090628623962	0.4972184641020639
7476	SWEET	0.40644275290625437	0.7261200206620353
7559	SWEET	0.3271913528442383	0.7285644497190203
7657	SWEET	0.13168721965381078	0.44119228635515484
7770	SWEET	0.503474508013044	0.8079626730510167
7793	SWEET	0.2645841453756605	0.6390506965773446
7797	SWEET	0.5178290477820805	0.8113079241343907
8025	SWEET	0.19186929294041224	0.5140668664659772
8049	SWEET	0.20416452416351863	0.49710420199802946
8094	SWEET	0.10347819008997508	0.3310851071562086
8419	SWEET	0.6229778443064008	0.8400022728102547
8438	SWEET	0.5117184392043522	0.7980681913239616
8468	SWEET	0.28048226663044523	0.5893117955752781
8815	SWEET	0.1759898407118661	0.49093058705329895
8878	SWEET	0.5638892437730517	0.7942949959209987
9012	SWEET	0.027059498109987805	0.21113131088869913
10886	SWEET	0.354338709797178	0.7031140072005135
11567	SWEET	0.1507186240383557	0.4916003346443176
12020	SWEET	0.08880717786295074	0.3649556168488094
12265	SWEET	0.06552374788693019	0.3157119793551309
12377	SWEET	0.040527617292744775	0.17910793317215784
16537	SWEET	0.15698370124612535	0.4671119749546051
17898	SWEET	0.15249008046729223	0.5634758216994149
18467	SWEET	0.1366172188094684	0.50581237248012
21363	SWEET	0.10688189736434392	0.352660779442106
27440	SWEET	0.09978048184088298	0.3938576025622232
31219	SWEET	0.3109943057809557	0.6780685867582049
31276	SWEET	0.5129923735346112	0.8403001342500959
31283	SWEET	0.16498139819928578	0.4530299518789564
60998	SWEET	0.2085815668106079	0.5969408835683551
61523	SWEET	0.16304478687899454	0.4991783840315683
62351	SWEET	0.06456174382141658	0.24335021844932012
62465	SWEET	0.178731198821749	0.47882936682019916
251531	SWEET	0.20420165359973907	0.5636760762759617
440917	SWEET	0.0947485842875072	0.3548214946474348
637758	SWEET	0.3876030743122101	0.7361197301319667
1549025	SWEET	0.17234140315226146	0.4620532052857535
2733294	SWEET	0.46949854493141174	0.7882594636508397
5281167	SWEET	0.17421703253473556	0.5375357951436724
5281168	SWEET	0.09021455315606934	0.3636270080293928
5318599	SWEET	0.2122287984405245	0.5290986342089516
5352837	SWEET	0.21119544548647745	0.5547024522508893
5364231	SWEET	0.194193320614951	0.4994423346860068
262	SWEET	0.12522204220294952	0.4109670988151005
323	SWEET	0.2849402938570295	0.7016642434256417
750	SWEET	0.1767438863004957	0.5091540047100612
753	SWEET	0.1496212418590273	0.45783508249691557
962	SWEET	0.11502266143049512	0.40913109694208416
5862	SWEET	0.10841887018510274	0.37842819520405363
5962	SWEET	0.09066468051501683	0.3558648611818041
6274	SWEET	0.09487089195421763	0.38684853485652376
6322	SWEET	0.07319713596786771	0.326859963791711
6669	SWEET	0.26566017099789213	0.6198495285851615
7137	SWEET	0.6506071090698242	0.8892984475408282
15654	SWEET	0.1419525220990181	0.4818186121327536
62089	SWEET	0.03164727134363992	0.17506943749529974
853433	SWEET	0.45081319979258944	0.7779077802385602
5371102	SWEET	0.1401809709412711	0.4653716725962503
10857465	SWEET	0.19488380210740225	0.5273546406200954
180	FRUIT	0.02370237186551094	0.15770509732621057
264	FRUIT	0.054106734693050385	0.22850939418588365
702	FRUIT	0.0382866949907371	0.1618717419249671
1031	FRUIT	0.050440597747053416	0.19706725009850093
3102	FRUIT	0.06265635415911674	0.2696942218712398
3314	FRUIT	0.06226014505539622	0.2790320983954838
6506	FRUIT	0.03610588077987943	0.20337016454764775
6544	FRUIT	0.05656939212765012	0.2299386454480035
6561	FRUIT	0.036515096202492714	0.20905257974352157
7092	FRUIT	0.08818917136107172	0.32767465710639954
7302	FRUIT	0.05602328958255904	0.23502426275185176
7476	FRUIT	0.16049447123493468	0.4205742265496935
7559	FRUIT	0.24511945034776414	0.5547928639820644
7657	FRUIT	0.07451404897230011	0.2624116710254124
7770	FRUIT	0.4734546457018171	0.6854696699551174
7793	FRUIT	0.16414596140384674	0.3854685000010899
7797	FRUIT	0.5539111239569527	0.7971225295748029
8025	FRUIT	0.10394289504204478	0.2957775081907
8049	FRUIT	0.0938312400664602	0.2552852886063712
8094	FRUIT	0.09411503268139702	0.2570547716958182
8419	FRUIT	0.17397333149399077	0.3904129011290414
8438	FRUIT	0.14481016035590852	0.39814877935818266
8468	FRUIT	0.03382659251136439	0.24647259073598043
8815	FRUIT	0.037149702331849506	0.21801785273211344
8878	FRUIT	0.5866424781935555	0.7834016680717468
9012	FRUIT	0.014794468879699707	0.10190619581512042
10886	FRUIT	0.3459544224398477	0.5974953600338527
11567	FRUIT	0.08086488129837173	0.29952700223241535
12020	FRUIT	0.032544907448547225	0.17782938054629735
12265	FRUIT	0.014996616435902459	0.1022742550287928
12377	FRUIT	-0.033552205456154685	0.07597586885094643
16537	FRUIT	0.13084414707762854	0.38208102328436716
17898	FRUIT	0.03136312695486205	0.1294521912932396
18467	FRUIT	0.029830629006028175	0.11971505731344223
21363	FRUIT	0.06160040864987033	0.24145981243678502
27440	FRUIT	0.05169384500810078	0.23255454642432077
31219	FRUIT	0.2578929364681244	0.5370334429400307
31276	FRUIT	0.47843741519110544	0.7146536196981158
31283	FRUIT	0.043537940829992294	0.174730441399983
60998	FRUIT	0.08054702276630062	0.3107202095644815
61523	FRUIT	0.16339004465511867	0.4190075865813664
62351	FRUIT	0.036880066352231164	0.11302834163819041
62465	FRUIT	0.015648307544844493	0.19982521023069108
251531	FRUIT	0.08009269354598862	0.2739583935056414
440917	FRUIT	0.0530107282102108	0.26136222907475065
637758	FRUIT	0.20881445280143193	0.45524838992527555
1549025	FRUIT	0.11618818076593536	0.30747899413108826
2733294	FRUIT	0.5375052860804966	0.8066955208778381
5281167	FRUIT	0.20638280255453928	0.47963911294937134
5281168	FRUIT	0.10537415689655713	0.3355622632162912
5318599	FRUIT	0.24529760437352316	0.4945959278515407
5352837	FRUIT	0.24448607861995697	0.4981754847935268
5364231	FRUIT	0.18061427559171403	0.39483814580099924
262	FRUIT	0.043242099827953746	0.20008919494492666
323	FRUIT	0.09936651906796864	0.3541902686868395
750	FRUIT	0.05409093147941998	0.1851189966712679
753	FRUIT	0.044414853144969256	0.18697085125105722
962	FRUIT	0.038971951231360435	0.19878382555076055
5862	FRUIT	0.0442915428429842	0.126471931380885
5962	FRUIT	0.01548476330935955	0.11903157298054014
6274	FRUIT	-0.010404232091137342	0.08873792311974935
6322	FRUIT	0.007124667721135276	0.06181238272360393
6669	FRUIT	0.0681713383112635	0.3065875917673111
7137	FRUIT	0.18418896198272705	0.44116295661245075
15654	FRUIT	0.030812146408217295	0.1540698760322162
62089	FRUIT	0.0219787915370294	0.08979106800896781
853433	FRUIT	0.09136636980942317	0.34295388630458284
5371102	FRUIT	0.07348297323499407	0.27179936851773945
10857465	FRUIT	0.05079073937875884	0.24322656648499624
180	FISH	0.06895491001861435	0.164898082613945
264	FISH	0.151217163673469	0.3133541941642761
702	FISH	0.08926738053560257	0.176594717161996
1031	FISH	0.08875895770532745	0.16846549298082078
3102	FISH	0.05799665834222521	0.12155776577336448
3314	FISH	0.07016307754176003	0.13432552346161433
6506	FISH	0.0899972819856235	0.18245834750788553
6544	FISH	0.05377780379993575	0.14736643646444594
6561	FISH	0.09175314115626472	0.1985811505998884
7092	FISH	0.03389841052038329	0.08458268802080836
7302	FISH	0.06954450479575566	0.1359178407916001
7476	FISH	0.010642711073160172	0.053443515939371924
7559	FISH	0.05480560580534594	0.12146476336887904
7657	FISH	0.09792509887899671	0.19606606236525945
7770	FISH	0.049733107909560204	0.08816145147596087
7793	FISH	0.03848849343402045	0.09732187326465334
7797	FISH	0.030982650816440582	0.05166948852794511
8025	FISH	0.06652413840804781	0.14270170671599253
8049	FISH	0.0441272176269974	0.11587491205760411
8094	FISH	0.08027606031724385	0.19665520744664328
8419	FISH	0.03807881926851613	0.06467742951852935
8438	FISH	0.017138675653508732	0.061000454638685496
8468	FISH	0.044322892757398744	0.08196148223110608
8815	FISH	0.06770682813865798	0.1432931891509465
8878	FISH	0.03497694938310555	0.0684948478426252
9012	FISH	0.31884644286973135	0.5586017966270447
10886	FISH	0.05074203519948891	0.10887366213968822
11567	FISH	0.0324112634573664	0.09994759463838168
12020	FISH	0.06425188109278679	0.17369507678917476
12265	FISH	0.11678171690021243	0.2873266871486391
12377	FISH	0.35835895793778555	0.5163608023098537
16537	FISH	0.0776396979178701	0.19206907280853816
17898	FISH	0.08146038545029503	0.19757178212915147
18467	FISH	0.07716764722551618	0.19805510767868587
21363	FISH	0.10628678649663925	0.2303962962968009
27440	FISH	0.17674560419150762	0.3690618744918278
31219	FISH	0.040489754506519864	0.09646208371434893
31276	FISH	0.03570289856621197	0.06137044568146978
31283	FISH	0.03466777663145747	0.17560091401849473
60998	FISH	0.08086611756256648	0.17032210954598018
61523	FISH	0.11151838196175438	0.21948022182498658
62351	FISH	0.22296672207968576	0.42859686272484915
62465	FISH	0.08900274868522372	0.1749428425516401
251531	FISH	0.03292422156248774	0.10471952919449125
440917	FISH	0.059389379407678335	0.16778813941138132
637758	FISH	0.024543173078979765	0.098557568022183
1549025	FISH	0.06311964722616333	0.1451359795672553
2733294	FISH	0.05679011291691235	0.07508584697331701
5281167	FISH	0.09036211137260709	0.19612953705447062
5281168	FISH	0.12562986782618932	0.25816585762160166
5318599	FISH	0.07150677219033241	0.13980728760361671
5352837	FISH	0.08514875386442457	0.1674006889973368
5364231	FISH	0.09050833114555903	0.19066985164369857
262	FISH	0.06171994124140058	0.1235033433352198
323	FISH	0.029164906591176987	0.07962828714932714
750	FISH	0.060260899631040435	0.11123262984412056
753	FISH	0.05687847946371351	0.11583416376795087
962	FISH	0.04413864681763308	0.10467830513204847
5862	FISH	0.17817278419222152	0.33976092083113535
5962	FISH	0.1283184705036027	0.2260412531239646
6274	FISH	0.04476488221968923	0.10281139026795115
6322	FISH	0.10004808860165733	0.21996684159551347
6669	FISH	0.054247072498713224	0.10946127772331238
7137	FISH	0.034483090309160094	0.0639111404972417
15654	FISH	0.07600477071745056	0.2112897549356733
62089	FISH	0.08738336712121964	0.20215210957186563
853433	FISH	0.044569352375609536	0.08017910963722638
5371102	FISH	0.03627430647611618	0.13230866619518825
10857465	FISH	0.05052861571311951	0.11509619653224945
180	GARLIC	0.09523807944996017	0.30001941536154064
264	GARLIC	0.1402407086321286	0.34655642935207914
702	GARLIC	0.12141320960862297	0.3430385206426893
1031	GARLIC	0.115968185876097	0.3256131666047232
3102	GARLIC	0.06639406883290835	0.2057661328996931
3314	GARLIC	0.07380088205848422	0.22795810444014414
6506	GARLIC	0.1032737238066537	0.3022213024752481
6544	GARLIC	0.049205683703933446	0.2044504029410226
6561	GARLIC	0.1127883153302329	0.3250570808138166
7092	GARLIC	0.07390749294842992	0.19193885794707707
7302	GARLIC	0.08231164515018463	0.25079898961952757
7476	GARLIC	0.014957562621150697	0.10350329162819046
7559	GARLIC	0.03446212091616222	0.16151608526706696
7657	GARLIC	0.09375326920832906	0.25364052184990477
7770	GARLIC	0.050914976213659556	0.16311636992863246
7793	GARLIC	0.06288552443896021	0.21333148862634385
7797	GARLIC	0.03652578272989818	0.10388052995715823
8025	GARLIC	0.0999855888741357	0.2902819301400866
8049	GARLIC	0.0738483417247023	0.2596856291804995
8094	GARLIC	0.10046183850084033	0.2698813272374017
8419	GARLIC	0.00927063955792359	0.09659883113844055
8438	GARLIC	0.015096246664013182	0.10649436659046582
8468	GARLIC	0.03821853468460696	0.15668913189853942
8815	GARLIC	0.11901918479374476	0.2752088861806052
8878	GARLIC	0.03984490329665797	0.1047626765710967
9012	GARLIC	0.29622314657483784	0.5143157328878131
10886	GARLIC	0.052277058362960815	0.1793656540768487
11567	GARLIC	0.0601474509707519	0.19673417721475875
12020	GARLIC	0.10371454592261996	0.2986198195389339
12265	GARLIC	0.14123516849109105	0.353674054145813
12377	GARLIC	0.5589379753385272	0.6929692711148944
16537	GARLIC	0.07236606840576444	0.26383877864905764
17898	GARLIC	0.10871339376483645	0.30730823959623066
18467	GARLIC	0.1148031119789396	0.3399374186992645
21363	GARLIC	0.07787606332983289	0.25509308704308103
27440	GARLIC	0.18196526489087514	0.3877877507890974
31219	GARLIC	0.041898910754493306	0.15597885421344213
31276	GARLIC	0.03408166952431202	0.13439207949808665
31283	GARLIC	0.08136169825281415	0.282720685005188
60998	GARLIC	0.07943279136504446	0.22964746611458914
61523	GARLIC	0.08371610726628985	0.2613518536090851
62351	GARLIC	0.2521177721875055	0.4987010359764099
62465	GARLIC	0.08857097796031407	0.26040532333510263
251531	GARLIC	0.04699868602412088	0.1693486730967249
440917	GARLIC	0.12053789730582919	0.2695010666336332
637758	GARLIC	0.045050319816385	0.1361811107822827
1549025	GARLIC	0.1343220482979502	0.2823928679738726
2733294	GARLIC	0.02540097864610808	0.11153487116098404
5281167	GARLIC	0.06969168303268296	0.23096255319459097
5281168	GARLIC	0.12352106933082853	0.29405561089515686
5318599	GARLIC	0.06993671719517026	0.18820613090481078
5352837	GARLIC	0.08153638882296425	0.2065149290221078
5364231	GARLIC	0.08695809436695916	0.22284568846225739
262	GARLIC	0.07900959040437426	0.2537799711738314
323	GARLIC	0.05969710701278278	0.17932134015219553
750	GARLIC	0.0825554680611406	0.27972908105169025
753	GARLIC	0.0775310147021498	0.28076020947524477
962	GARLIC	0.0641956478357315	0.23182949423789978
5862	GARLIC	0.18878325713532312	0.44404604179518564
5962	GARLIC	0.10690840759447642	0.30110628264290945
6274	GARLIC	0.07413472767387118	0.25310871856553213
6322	GARLIC	0.11969394236803055	0.34245694960866657
6669	GARLIC	0.04639802793306964	0.18659420950072153
7137	GARLIC	0.031522366617407115	0.12203898600169591
15654	GARLIC	0.12739439947264536	0.3574624274458204
62089	GARLIC	0.09721998976809638	0.2829502522945404
853433	GARLIC	0.04743845281856401	0.16288055266652787
5371102	GARLIC	0.0548668908221381	0.20371285719530924
10857465	GARLIC	0.021727442741394043	0.13494982996157237
180	SPICES	0.159726225904056	0.3559284678527287
264	SPICES	0.11585677202258791	0.31562485865184237
702	SPICES	0.18130060604640416	0.3836526998451778
1031	SPICES	0.16225220475878036	0.36673447489738464
3102	SPICES	0.1750094379697527	0.38192123600414823
3314	SPICES	0.41013650809015545	0.6359420844486782
6506	SPICES	0.15846277347632817	0.36244605268750874
6544	SPICES	0.22909551007407053	0.46430384687014986
6561	SPICES	0.1470928234713418	0.34951489738055636
7092	SPICES	0.3227124384471348	0.5774686081068856
7302	SPICES	0.1688278615474701	0.37628282393727985
7476	SPICES	0.20531452553612844	0.4280325600079128
7559	SPICES	0.14639069885015488	0.3642647649560656
7657	SPICES	0.1509648018649646	0.35898764218602863
7770	SPICES	0.10125715285539627	0.3084291900907244
7793	SPICES	0.14396737728800094	0.35148815172059195
7797	SPICES	0.10543029329606465	0.3044241028172629
8025	SPICES	0.1517579917396818	0.3550723833697183
8049	SPICES	0.12857225750173842	0.31583917140960693
8094	SPICES	0.1365857720375061	0.33408389346940176
8419	SPICES	0.2701291867664882	0.5570357186453683
8438	SPICES	0.22552761222634995	0.48232186266354155
8468	SPICES	0.23442288381712778	0.4541281121117728
8815	SPICES	0.4214430408818381	0.6054403441292899
8878	SPICES	0.10186105860131127	0.2970030776091984
9012	SPICES	0.2656265688794	0.5145730035645621
10886	SPICES	0.11280931745256696	0.3146556828703199
11567	SPICES	0.1808485005583082	0.4023911782673427
12020	SPICES	0.17609476617404393	0.3766808935574123
12265	SPICES	0.15997140961033957	0.38034719228744507
12377	SPICES	0.3612712579114096	0.6075264811515808
16537	SPICES	0.21745577880314418	0.4366700393812997
17898	SPICES	0.17169404242719924	0.3784908822604588
18467	SPICES	0.20099409350327083	0.42198694178036283
21363	SPICES	0.14357689661639078	0.34613944377217976
27440	SPICES	0.2220674944775445	0.46780708006450106
31219	SPICES	0.1292948222586087	0.3411054015159607
31276	SPICES	0.09327431448868342	0.30086357465812136
31283	SPICES	0.15394135883876256	0.34504691192082
60998	SPICES	0.1651879655463355	0.3730033338069916
61523	SPICES	0.17021833998816355	0.36367909823145184
62351	SPICES	0.24759442678519658	0.47702828475407194
62465	SPICES	0.3719726800918579	0.6093823228563581
251531	SPICES	0.1570748154606138	0.3394822691168104
440917	SPICES	0.2749055325984955	0.49060592906815664
637758	SPICES	0.2123095840215683	0.4077091131891523
1549025	SPICES	0.1045018413237163	0.299655556678772
2733294	SPICES	0.10614985227584839	0.2876781736101423
5281167	SPICES	0.1648161762527057	0.38756297315870014
5281168	SPICES	0.15753175531114852	0.3798272098813738
5318599	SPICES	0.13583839258977345	0.3226513777460371
5352837	SPICES	0.15801388025283813	0.36132981947490145
5364231	SPICES	0.21056242712906428	0.39812893526894705
262	SPICES	0.14234305918216705	0.33589219621249605
323	SPICES	0.27006569291864124	0.525405057838985
750	SPICES	0.180308855005673	0.42654162645339966
753	SPICES	0.16172331997326442	0.37013810873031616
962	SPICES	0.16061457565852574	0.35551017097064425
5862	SPICES	0.20728865904467447	0.47261594023023334
5962	SPICES	0.14351028416837966	0.3932720252445766
6274	SPICES	0.17009415583951132	0.4117228090763092
6322	SPICES	0.16261522684778487	0.4065030813217163
6669	SPICES	0.10479181366307395	0.33533752816064016
7137	SPICES	0.47040052924837383	0.7627004129546029
15654	SPICES	0.23998865272317613	0.4758296310901642
62089	SPICES	0.12152877130678721	0.3425018404211317
853433	SPICES	0.4575191651071821	0.6928092241287231
5371102	SPICES	0.21340899808066233	0.4337608686515263
10857465	SPICES	0.17435415940625326	0.4395280395235334
180	COLD	0.29358636907168795	0.4264539991106306
264	COLD	0.1636092151914324	0.2984811280454908
702	COLD	0.21726552716323308	0.3571547738143376
1031	COLD	0.21828766805785044	0.36631139687129427
3102	COLD	0.30389587368283955	0.4835694858006069
3314	COLD	0.29365655354091097	0.4522216320037842
6506	COLD	0.20846262999943324	0.36578295486313955
6544	COLD	0.3448734070573534	0.47991826704570223
6561	COLD	0.22307519827570235	0.3707623396600996
7092	COLD	0.31608144300324575	0.4711512156895229
7302	COLD	0.3349085237298693	0.5016085377761296
7476	COLD	0.3690262564590999	0.539618832724435
7559	COLD	0.2750234305858612	0.427883186510631
7657	COLD	0.2894679180213383	0.44432632837976727
7770	COLD	0.28782512886183603	0.44520871128354755
7793	COLD	0.29193518842969624	0.45150756410190035
7797	COLD	0.2989219129085541	0.47647108350481304
8025	COLD	0.2509878341640745	0.39069915243557524
8049	COLD	0.2569641811507089	0.40579594458852497
8094	COLD	0.21764824007238662	0.3415552292551313
8419	COLD	0.2370489537715912	0.4105456130845206
8438	COLD	0.3025254692350115	0.4929096443312509
8468	COLD	0.34289497562817167	0.4995101732867105
8815	COLD	0.32377212388174875	0.46978584783417837
8878	COLD	0.28959510581833975	0.464725524187088
9012	COLD	0.11159172015530723	0.23431619363171713
10886	COLD	0.2792352778570993	0.43791977422577993
11567	COLD	0.4317255573613303	0.5642534026077816
12020	COLD	0.2605477550200054	0.4050968289375305
12265	COLD	0.22172239422798157	0.3357215736593519
12377	COLD	0.17873036222798483	0.3087853789329529
16537	COLD	0.35723254084587097	0.5000748889786857
17898	COLD	0.19356870012623922	0.33751701031412396
18467	COLD	0.20339725272996084	0.3527613197054182
21363	COLD	0.2114070781639644	0.3467680982181004
27440	COLD	0.12200398317405156	0.24775981903076172
31219	COLD	0.3134306711809976	0.47780260869434904
31276	COLD	0.3208358032362802	0.47426327211516245
31283	COLD	0.21920577330248697	0.3381520467145102
60998	COLD	0.21559823410851614	0.37026458978652954
61523	COLD	0.25858294325215475	0.4091465302876064
62351	COLD	0.1357997709086963	0.25446051572050365
62465	COLD	0.305128629718508	0.45973593848092215
251531	COLD	0.35028008052280973	0.4971300959587097
440917	COLD	0.5378188831465585	0.6370282854352679
637758	COLD	0.3330304707799639	0.4589785933494568
1549025	COLD	0.18887474281447275	0.328852185181209
2733294	COLD	0.31472831112997873	0.4891663236277444
5281167	COLD	0.2538205534219742	0.42177910464150564
5281168	COLD	0.21134322030203684	0.3564450740814209
5318599	COLD	0.2841886707714626	0.443173063652856
5352837	COLD	0.2579337592635836	0.4234316051006317
5364231	COLD	0.24258721726281302	0.3953141059194292
262	COLD	0.3059027280126299	0.44585616673742023
323	COLD	0.3237512196813311	0.49902486375399996
750	COLD	0.30015720214162556	0.43938978229250225
753	COLD	0.28382968051092966	0.4411210971219199
962	COLD	0.3584092003958566	0.5063660783427102
5862	COLD	0.20347392984798976	0.3287523559161595
5962	COLD	0.2713265461581094	0.42638314196041655
6274	COLD	0.38033238904816763	0.5429028528077262
6322	COLD	0.3627768499510629	0.5216604045459202
6669	COLD	0.26438083818980623	0.41632705501147677
7137	COLD	0.22863888101918356	0.39304167883736746
15654	COLD	0.14042257836886815	0.24388588113444193
62089	COLD	0.2390262633562088	0.3689304505075727
853433	COLD	0.28672892280987333	0.45100114600999014
5371102	COLD	0.34990632959774565	0.5121673686163766
10857465	COLD	0.32706568922315327	0.5190232608999524
180	SOUR	0.317332067659923	0.5274874653135028
264	SOUR	0.6710200650351388	0.7656247871262687
702	SOUR	0.28897710357393536	0.5189914533070156
1031	SOUR	0.3097973806517465	0.5333579523222787
3102	SOUR	0.19802832390580857	0.42697189109666006
3314	SOUR	0.14235559212309973	0.3518621495791844
6506	SOUR	0.45639462981905254	0.6545480915478298
6544	SOUR	0.3479452431201935	0.5307434371539524
6561	SOUR	0.41099005937576294	0.6101210968835014
7092	SOUR	0.15356225626809256	0.3424471318721771
7302	SOUR	0.2665656507015228	0.5074752526623862
7476	SOUR	0.15302003920078278	0.3297967995916094
7559	SOUR	0.3019914712224688	0.5292095627103534
7657	SOUR	0.26186148822307587	0.4932346429143633
7770	SOUR	0.28540484820093426	0.49892118998936247
7793	SOUR	0.1821200954062598	0.4096464216709137
7797	SOUR	0.20395692331450327	0.4329718691962106
8025	SOUR	0.3047395007950919	0.5200180070740836
8049	SOUR	0.2624715907233102	0.4626347380025046
8094	SOUR	0.42849714841161457	0.6004532064710345
8419	SOUR	0.16072722843715123	0.29331072313444956
8438	SOUR	0.14894269406795502	0.2951389742749078
8468	SOUR	0.17577115978513444	0.35213097078459604
8815	SOUR	0.16072618748460496	0.3993713344846453
8878	SOUR	0.20817477149622782	0.43627558861460003
9012	SOUR	0.36824993576322285	0.610073949609484
10886	SOUR	0.27998118315424236	0.49956787484032766
11567	SOUR	0.21827856131962367	0.43250746386391775
12020	SOUR	0.2814281369958605	0.5077099459511893
12265	SOUR	0.2934321335383824	0.5447197471346173
12377	SOUR	0.37254993830408367	0.6168678402900696
16537	SOUR	0.2893123967306955	0.4990430048533848
17898	SOUR	0.28409692857946667	0.4947295827525003
18467	SOUR	0.23760078421660832	0.45913536633763996
21363	SOUR	0.4726188225405557	0.6253740957805088
27440	SOUR	0.38308449728148325	0.5987845999853951
31219	SOUR	0.26145827557359425	0.487423232623509
31276	SOUR	0.22934782717909133	0.4663321375846863
31283	SOUR	0.23306651839188167	0.4495841179575239
60998	SOUR	0.2779409544808524	0.5113037526607513
61523	SOUR	0.2959859243461064	0.5149894782475063
62351	SOUR	0.32025247386523653	0.584322418485369
62465	SOUR	0.18022559583187103	0.41068628430366516
251531	SOUR	0.1525222041777202	0.36502960324287415
440917	SOUR	0.3293181232043675	0.5524911028998238
637758	SOUR	0.18957066535949707	0.41177875655038015
1549025	SOUR	0.2982697103704725	0.4983937016555241
2733294	SOUR	0.24636881904942648	0.48359910930906025
5281167	SOUR	0.2819023643221174	0.5070490666798183
5281168	SOUR	0.4040297142096928	0.5872824362346104
5318599	SOUR	0.27574968125138966	0.49158523763929096
5352837	SOUR	0.2520425000361034	0.47528022953442167
5364231	SOUR	0.34081783464976717	0.5206118438925061
262	SOUR	0.2498151042631694	0.46571829489299227
323	SOUR	0.142250694334507	0.3126263746193477
750	SOUR	0.24230344593524933	0.4754361254828317
753	SOUR	0.25681348357881817	0.48193574377468656
962	SOUR	0.2179154178925923	0.4363939123494284
5862	SOUR	0.33358125601496014	0.5901847566877093
5962	SOUR	0.35911295243671965	0.5936165877750942
6274	SOUR	0.2597891879933221	0.4933927484921047
6322	SOUR	0.2776361916746412	0.5247146529810769
6669	SOUR	0.19639029460293905	0.3878764808177948
7137	SOUR	0.13477868799652373	0.2669295647314617
15654	SOUR	0.22510117079530442	0.4478281353201185
62089	SOUR	0.4350730265889849	0.6232513189315796
853433	SOUR	0.13016159406730107	0.3043948050056185
5371102	SOUR	0.18503094145229884	0.40216993008341106
10857465	SOUR	0.2901384234428406	0.49746747953551157
180	BURNT	0.10527420789003372	0.33932057448795866
264	BURNT	0.07470089569687843	0.33244918499674114
702	BURNT	0.09411816777927536	0.3312592761857169
1031	BURNT	0.08972192342792239	0.32078846437590464
3102	BURNT	0.11306099167891911	0.34681736145700726
3314	BURNT	0.16650994973523275	0.4509660133293697
6506	BURNT	0.1003117146236556	0.3469159092221941
6544	BURNT	0.1184049163545881	0.3907709462302072
6561	BURNT	0.08766596338578633	0.330689753804888
7092	BURNT	0.1110127153141158	0.35081389972141813
7302	BURNT	0.16347311011382512	0.4710426926612854
7476	BURNT	0.058899580634066036	0.25925213524273466
7559	BURNT	0.06283655496580261	0.26297131180763245
7657	BURNT	0.13155357646090643	0.39115895118032185
7770	BURNT	0.03994639217853546	0.21153947285243443
7793	BURNT	0.06632637817944799	0.266021660396031
7797	BURNT	0.058276553239141195	0.2137347949402673
8025	BURNT	0.08685041431869779	0.28275215200015474
8049	BURNT	0.09418281487056188	0.3389447714601244
8094	BURNT	0.11991704893963677	0.38187279871531893
8419	BURNT	0.10507261646645409	0.31747626406805857
8438	BURNT	0.08579857753855842	0.3075773077351706
8468	BURNT	0.11740195964063917	0.3780784606933594
8815	BURNT	0.125879739012037	0.42033027751105173
8878	BURNT	0.060932056180068424	0.20957607243742263
9012	BURNT	0.3217788551534925	0.6344073074204581
10886	BURNT	0.058679921818631034	0.247371107339859
11567	BURNT	0.14886361360549927	0.4007429565702166
12020	BURNT	0.10800457639353615	0.3441124643598284
12265	BURNT	0.17628891978945052	0.46163205589566914
12377	BURNT	0.15281452983617783	0.4909821195261819
16537	BURNT	0.0837662358369146	0.3057182516370501
17898	BURNT	0.23676392010280065	0.5776491420609611
18467	BURNT	0.20333940642220633	0.5226848466055733
21363	BURNT	0.07948465698531695	0.3464756054537637
27440	BURNT	0.24883922508784703	0.5977871332849775
31219	BURNT	0.07334737053939275	0.28428150926317486
31276	BURNT	0.04476057844502585	0.20886951897825515
31283	BURNT	0.17325259957994735	0.4515791875975473
60998	BURNT	0.10605204637561526	0.30652445554733276
61523	BURNT	0.08969640412500926	0.33172345587185453
62351	BURNT	0.23556227556296758	0.5332424598080772
62465	BURNT	0.21173590421676636	0.5521679094859532
251531	BURNT	0.07265258101480347	0.28310450485774447
440917	BURNT	0.09016820948038783	0.3074289219720023
637758	BURNT	0.0628303371902023	0.21373058216912405
1549025	BURNT	0.11421574013573783	0.3615989557334355
2733294	BURNT	0.05359948053956032	0.23021151764052256
5281167	BURNT	0.08111753846917834	0.31613272428512573
5281168	BURNT	0.1058009820325034	0.367317510502679
5318599	BURNT	0.08890388533473015	0.3348806841032846
5352837	BURNT	0.08092966143574033	0.3135439966406141
5364231	BURNT	0.10254517729793276	0.37496878845351084
262	BURNT	0.09501942247152328	0.3369027716772897
323	BURNT	0.12502928716795786	0.37173242228371756
750	BURNT	0.14212594287736074	0.4338399256978716
753	BURNT	0.11852372650589262	0.3705615316118513
962	BURNT	0.10182682637657438	0.35415487204279217
5862	BURNT	0.23853813111782074	0.5588133249964032
5962	BURNT	0.1737515138728278	0.4984750577381679
6274	BURNT	0.12313721435410636	0.4549333495753152
6322	BURNT	0.14455536433628627	0.4876195916107723
6669	BURNT	0.05581620442015784	0.24174981244972774
7137	BURNT	0.12142871213810784	0.3068330841405051
15654	BURNT	0.20997506380081177	0.5227219717843192
62089	BURNT	0.1732760156903948	0.48317653366497587
853433	BURNT	0.15089079099042074	0.40164656724248615
5371102	BURNT	0.09887325870139259	0.34700447746685575
10857465	BURNT	0.09189047238656453	0.2791525253227779
180	ACID	0.3219871393271855	0.5049235352448055
264	ACID	0.18886571271078928	0.3536411779267447
702	ACID	0.19709062789167678	0.3859185917036874
1031	ACID	0.20959062235695974	0.40168905683926176
3102	ACID	0.2493763118982315	0.4565651076180594
3314	ACID	0.15837347507476807	0.3035492854458945
6506	ACID	0.2563403866120747	0.4156265003340585
6544	ACID	0.36659786105155945	0.5612318345478603
6561	ACID	0.2635746385369982	0.44023142967905315
7092	ACID	0.20118895173072815	0.4009209317820413
7302	ACID	0.3622082642146519	0.5547751869474139
7476	ACID	0.19503081909247807	0.3894264783178057
7559	ACID	0.2196349778345653	0.43024584650993347
7657	ACID	0.3589681897844587	0.545823233468192
7770	ACID	0.15752428876502172	0.33489443148885456
7793	ACID	0.18118024723870413	0.36434364318847656
7797	ACID	0.11146883985825948	0.29556067075048176
8025	ACID	0.2446308434009552	0.4312479964324406
8049	ACID	0.19118779046194895	0.3346126973628998
8094	ACID	0.24515676498413086	0.42358277099473135
8419	ACID	0.11345599698168891	0.2656405248812267
8438	ACID	0.16578573201383864	0.34225904515811373
8468	ACID	0.22445157170295715	0.40670027903148104
8815	ACID	0.2301264362675803	0.38444267426218304
8878	ACID	0.10535453579255513	0.2658100149461201
9012	ACID	0.2718052331890379	0.5039068034717015
10886	ACID	0.17027928360870906	0.3490968176296779
11567	ACID	0.4655783006123134	0.6500058429581779
12020	ACID	0.34573217800685335	0.5309274920395443
12265	ACID	0.3945084810256958	0.5770588687488011
12377	ACID	0.21561197085039957	0.42880004218646456
16537	ACID	0.28778418047087534	0.4747580417564937
17898	ACID	0.21753533397402083	0.43431402104241507
18467	ACID	0.21149062471730368	0.39777563299451557
21363	ACID	0.20806291699409485	0.39388966134616304
27440	ACID	0.3297254868916103	0.5665960907936096
31219	ACID	0.24538800758974894	0.4313166269234249
31276	ACID	0.19085872705493653	0.3954836428165436
31283	ACID	0.20342953290258134	0.31576850584575106
60998	ACID	0.20201499973024642	0.4068325843129839
61523	ACID	0.22398805831159865	0.4423387944698334
62351	ACID	0.22149240331990377	0.4288159268242972
62465	ACID	0.21380183100700378	0.41070970467158724
251531	ACID	0.17962132394313812	0.3716232989515577
440917	ACID	0.44062736204692293	0.6291580029896328
637758	ACID	0.12900362802403315	0.3366929590702057
1549025	ACID	0.1700624099799565	0.29511275461741854
2733294	ACID	0.12758214346000127	0.33512729832104277
5281167	ACID	0.24090581919465745	0.4619253192629133
5281168	ACID	0.2981579772063664	0.4935740828514099
5318599	ACID	0.2488674031836646	0.4483679064682552
5352837	ACID	0.2225419580936432	0.42568857754979816
5364231	ACID	0.22937299524034774	0.43086028950554983
262	ACID	0.27707141637802124	0.46787112951278687
323	ACID	0.22120961121150426	0.38681293385369436
750	ACID	0.23684266635349818	0.41309082082339693
753	ACID	0.25968788138457705	0.45295446259634836
962	ACID	0.2956754096916744	0.49732709356716703
5862	ACID	0.21300783540521348	0.4351403457777841
5962	ACID	0.2902532092162541	0.511961064168385
6274	ACID	0.2898505926132202	0.511595857994897
6322	ACID	0.289881489106587	0.49885088205337524
6669	ACID	0.16320653898375376	0.31503939841474804
7137	ACID	0.09256216138601303	0.24940125431333268
15654	ACID	0.18640296161174774	0.3616493833916528
62089	ACID	0.3448168081896646	0.5337387110505786
853433	ACID	0.1228023235286985	0.2671379361833845
5371102	ACID	0.2443276047706604	0.4456465797764914
10857465	ACID	0.22876699268817902	0.4460971398012979
180	WARM	0.23213499571595872	0.4056847265788487
264	WARM	0.31901305488177706	0.5492119874273028
702	WARM	0.2634413880961282	0.4261192636830466
1031	WARM	0.2656204572745732	0.4354958236217499
3102	WARM	0.2971802609307425	0.49712055921554565
3314	WARM	0.4658872016838619	0.652495631149837
6506	WARM	0.2904488444328308	0.47531571984291077
6544	WARM	0.34303330523627146	0.5612496733665466
6561	WARM	0.24451240471431188	0.4282895582062857
7092	WARM	0.4120577446052006	0.6094139984675816
7302	WARM	0.3008928256375449	0.4937577503068106
7476	WARM	0.37173054473740713	0.5436412606920514
7559	WARM	0.3657878765038082	0.5892900824546814
7657	WARM	0.2647195884159633	0.4682703529085432
7770	WARM	0.30165636965206694	0.5256962946483067
7793	WARM	0.294820385319846	0.4687032571860722
7797	WARM	0.3141637018748692	0.5369342182363782
8025	WARM	0.2462228536605835	0.4335934519767761
8049	WARM	0.29825746587344576	0.4701981118747166
8094	WARM	0.30105634672301157	0.49087050557136536
8419	WARM	0.6066570111683437	0.7035961491721017
8438	WARM	0.49313588653291973	0.6113384366035461
8468	WARM	0.4057053455284664	0.5480634825570243
8815	WARM	0.34779476693698336	0.5374595735754285
8878	WARM	0.334039820092065	0.5476716245923724
9012	WARM	0.37360756737845285	0.6202104347092765
10886	WARM	0.2764225517000471	0.48526850768498014
11567	WARM	0.295171924999782	0.5094267981392997
12020	WARM	0.23515217857701437	0.4152282987322126
12265	WARM	0.25684196395533426	0.46014571615627836
12377	WARM	0.3254347486155374	0.5483620422227042
16537	WARM	0.22203248313495091	0.42746189662388395
17898	WARM	0.3833623230457306	0.5826655200549534
18467	WARM	0.35086999194962637	0.5422999347959246
21363	WARM	0.3287872331483023	0.5358136892318726
27440	WARM	0.3989505171775818	0.647684497492654
31219	WARM	0.3156441833291735	0.5348297357559204
31276	WARM	0.28853085211345125	0.5177342636244637
31283	WARM	0.3718296800340925	0.5476299694606236
60998	WARM	0.3931929511683328	0.5780021463121686
61523	WARM	0.24842434695788793	0.4554048946925572
62351	WARM	0.35169256584984915	0.5587805765015739
62465	WARM	0.4594498872756958	0.6440210683005196
251531	WARM	0.25105665624141693	0.44932661737714497
440917	WARM	0.19132415418113982	0.3343994915485382
637758	WARM	0.33550913419042316	0.5295200262750898
1549025	WARM	0.325379878282547	0.49487209745815824
2733294	WARM	0.3130908991609301	0.5495464120592389
5281167	WARM	0.27519199677876066	0.5064279394490379
5281168	WARM	0.26314692412103924	0.48765414101736887
5318599	WARM	0.29338409645216806	0.5041474316801343
5352837	WARM	0.29718526772090365	0.5152070011411395
5364231	WARM	0.33485005370208193	0.5442576621259961
262	WARM	0.2614121586084366	0.43393019267490934
323	WARM	0.46706710542951313	0.6615658402442932
750	WARM	0.3541569582053593	0.5149630648749215
753	WARM	0.2836406912122454	0.43895539215632845
962	WARM	0.23909642015184676	0.4195142558642796
5862	WARM	0.3810119799205235	0.5813706687518528
5962	WARM	0.3528401255607605	0.5513602580342974
6274	WARM	0.2724761366844177	0.4400761468069894
6322	WARM	0.2603485754558018	0.42345850808279856
6669	WARM	0.3666231759956905	0.5665133254868644
7137	WARM	0.6527401464326041	0.7891826374190194
15654	WARM	0.41518052986689974	0.616402907030923
62089	WARM	0.329806319304875	0.5359108533178057
853433	WARM	0.5666357832295554	0.7313175031117031
5371102	WARM	0.24074106557028635	0.420331529208592
10857465	WARM	0.36521190830639433	0.5625533035823277
180	MUSKY	0.2778446546622685	0.48457243612834383
264	MUSKY	0.6080455609730312	0.782114565372467
702	MUSKY	0.2987281084060669	0.5049490247453962
1031	MUSKY	0.3030362469809396	0.5083744100161961
3102	MUSKY	0.23625754884311131	0.4817175396851131
3314	MUSKY	0.14513334738356726	0.3449442514351436
6506	MUSKY	0.37260462982313974	0.6099124039922442
6544	MUSKY	0.31354723445006777	0.5516390204429626
6561	MUSKY	0.3573066507066999	0.569295951298305
7092	MUSKY	0.159384514604296	0.36047794989177157
7302	MUSKY	0.2645598607403891	0.5087658677782331
7476	MUSKY	0.10950504456247602	0.32541479808943613
7559	MUSKY	0.24626432997839792	0.5086685419082642
7657	MUSKY	0.26739719084330965	0.5131956211158207
7770	MUSKY	0.15469183240618026	0.34048580697604586
7793	MUSKY	0.15236174847398484	0.3755293573651995
7797	MUSKY	0.10016389244369098	0.26568146475723814
8025	MUSKY	0.22149892151355743	0.4175216257572174
8049	MUSKY	0.22367605141230992	0.4503630612577711
8094	MUSKY	0.4171379932335445	0.6212020686694554
8419	MUSKY	0.09741930716804095	0.23536047552313125
8438	MUSKY	0.09882823377847672	0.2801041901111603
8468	MUSKY	0.17952416837215424	0.3814032333237784
8815	MUSKY	0.14917482222829545	0.3411148914269039
8878	MUSKY	0.11256331258586474	0.2905103181089674
9012	MUSKY	0.37765022260802134	0.6789394617080688
10886	MUSKY	0.19677546620368958	0.3992945168699537
11567	MUSKY	0.18226070276328496	0.40380597966057913
12020	MUSKY	0.23280535638332367	0.45282549943242756
12265	MUSKY	0.29133809890065876	0.520959905215672
12377	MUSKY	0.2936291013445173	0.5441193836075919
16537	MUSKY	0.18727547143186843	0.42587413106645855
17898	MUSKY	0.33623693670545307	0.5906753880637032
18467	MUSKY	0.27902514806815554	0.5245667355401176
21363	MUSKY	0.5120329643998828	0.6949882933071682
27440	MUSKY	0.3720302326338632	0.6382166147232056
31219	MUSKY	0.2191744808639799	0.4488891618592398
31276	MUSKY	0.10049079252140862	0.28591881905283245
31283	MUSKY	0.22104831678526743	0.46415697251047405
60998	MUSKY	0.30299830436706543	0.5525688103267125
61523	MUSKY	0.21641268687588827	0.45869514771870207
62351	MUSKY	0.3279550203255245	0.5808513845716204
62465	MUSKY	0.23490820399352483	0.48448062794549124
251531	MUSKY	0.17511806104864394	0.39911151358059477
440917	MUSKY	0.18730335150446212	0.40695611919675556
637758	MUSKY	0.1726978314774377	0.41843787687165396
1549025	MUSKY	0.21047444428716386	0.44434334550585064
2733294	MUSKY	0.1182736126439912	0.3055146890027182
5281167	MUSKY	0.19538177336965287	0.4402048332350595
5281168	MUSKY	0.3189054472105844	0.5664919018745422
5318599	MUSKY	0.2221344496522631	0.45690653579575674
5352837	MUSKY	0.18286610288279398	0.4199483394622803
5364231	MUSKY	0.2675431157861437	0.4864805340766907
262	MUSKY	0.255308598279953	0.463429114648274
323	MUSKY	0.19743267553193228	0.4437119024140494
750	MUSKY	0.23201610573700496	0.48150913204465595
753	MUSKY	0.23372296350342886	0.449903347662517
962	MUSKY	0.22047643789223262	0.43405661838395254
5862	MUSKY	0.30792192050388884	0.572273850440979
5962	MUSKY	0.38383796385356356	0.6484173706599644
6274	MUSKY	0.24569806456565857	0.5125680650983538
6322	MUSKY	0.2688258226428713	0.5411433322089059
6669	MUSKY	0.3057264728205545	0.547404944896698
7137	MUSKY	0.052021161786147525	0.17044638097286224
15654	MUSKY	0.28488122139658245	0.5345511095864433
62089	MUSKY	0.48879739216395784	0.6951752986226764
853433	MUSKY	0.09959868022373744	0.24883600643702916
5371102	MUSKY	0.2037375739642552	0.42533717836652485
10857465	MUSKY	0.3317939894539969	0.5896254863057818
180	SWEATY	0.17861055582761765	0.3636109232902527
264	SWEATY	0.5407872838633401	0.7478629861559186
702	SWEATY	0.1931516890014921	0.37882777197020395
1031	SWEATY	0.19787451837744033	0.3870416411331722
3102	SWEATY	0.10884145753724235	0.2663781600339072
3314	SWEATY	0.035014135496956963	0.10440432280302048
6506	SWEATY	0.27896745928696226	0.502746160541262
6544	SWEATY	0.2099563330411911	0.3766469189098903
6561	SWEATY	0.25356139881270273	0.46531711305890766
7092	SWEATY	0.08064411793436323	0.16985569362129485
7302	SWEATY	0.13220200261899404	0.34604894689151217
7476	SWEATY	0.05091075333101409	0.13569939242941992
7559	SWEATY	0.15836075161184585	0.35073130471365793
7657	SWEATY	0.1341323565159525	0.32209086418151855
7770	SWEATY	0.122083594756467	0.2615309315068381
7793	SWEATY	0.07906367949077062	0.23187514075211116
7797	SWEATY	0.051833655153002055	0.1737667875630515
8025	SWEATY	0.14839082530566625	0.31956730995859417
8049	SWEATY	0.14360107907227107	0.3098051335130419
8094	SWEATY	0.2930513024330139	0.49735836471830097
8419	SWEATY	0.02143575463976179	0.073038535458701
8438	SWEATY	0.03701165744236538	0.08338979738099235
8468	SWEATY	0.047218739454235346	0.14763251266309194
8815	SWEATY	0.07703821041754313	0.14650489283459528
8878	SWEATY	0.05426245502063206	0.185746573976108
9012	SWEATY	0.2097527448620115	0.47936874628067017
10886	SWEATY	0.13508652789252146	0.30544338481766836
11567	SWEATY	0.07148748157279831	0.21616253895418985
12020	SWEATY	0.13612225438867295	0.3150603643485478
12265	SWEATY	0.15590335428714752	0.35240050298827036
12377	SWEATY	0.15602493711880275	0.39852969135556904
16537	SWEATY	0.10723668443305152	0.2704319102423532
17898	SWEATY	0.15172248440129416	0.40273055859974455
18467	SWEATY	0.12329902393477303	0.32595084820474896
21363	SWEATY	0.38792205708367483	0.5946024826594761
27440	SWEATY	0.1955285370349884	0.43904687677110943
31219	SWEATY	0.12426464366061347	0.2767175776617868
31276	SWEATY	0.0652858732002122	0.1919346387897219
31283	SWEATY	0.14480119624308177	0.32535079973084585
60998	SWEATY	0.1844926689352308	0.3917516214506967
61523	SWEATY	0.14781637489795685	0.33432949440819876
62351	SWEATY	0.17478672521454947	0.4058138941015516
62465	SWEATY	0.0737126421715532	0.18672305984156473
251531	SWEATY	0.06991192113075938	0.18827376408236368
440917	SWEATY	0.10909475279705864	0.25746711024216246
637758	SWEATY	0.110231414437294	0.24457366551671708
1549025	SWEATY	0.14652553626469203	0.34146180748939514
2733294	SWEATY	0.08199224088873182	0.24238535123211996
5281167	SWEATY	0.1291710553424699	0.3179613947868347
5281168	SWEATY	0.20353008380958013	0.42497433083398
5318599	SWEATY	0.1304014559303011	0.3144969003541129
5352837	SWEATY	0.1054304369858333	0.283837297133037
5364231	SWEATY	0.16600080685956137	0.3585072457790375
262	SWEATY	0.15047515290124075	0.3279167967183249
323	SWEATY	0.07590008154511452	0.16995917473520553
750	SWEATY	0.14458060690334865	0.3399169317313603
753	SWEATY	0.13284594459193094	0.31199695808546885
962	SWEATY	0.10265955595033509	0.25351681879588533
5862	SWEATY	0.20531891286373138	0.4416900021689279
5962	SWEATY	0.26599494900022236	0.4898821541241237
6274	SWEATY	0.13250967540911265	0.3232488972800119
6322	SWEATY	0.161188183086259	0.36982289382389616
6669	SWEATY	0.18432297238281795	0.3185609493936811
7137	SWEATY	0.006767787039279938	0.045976243913173676
15654	SWEATY	0.1383542503629412	0.3350657991000584
62089	SWEATY	0.3271986757005964	0.5465487539768219
853433	SWEATY	0.018269650638103485	0.04381475704056876
5371102	SWEATY	0.09675721717732293	0.2287165650299617
10857465	SWEATY	0.19707600559507096	0.34404455763953073
180	AMMONIA/URINOUS	0.33645597100257874	0.48367723396846224
264	AMMONIA/URINOUS	0.402179947921208	0.5367067158222198
702	AMMONIA/URINOUS	0.22973368636199407	0.3894825109413692
1031	AMMONIA/URINOUS	0.24540633814675467	0.40187173656054903
3102	AMMONIA/URINOUS	0.30795995252473013	0.45790489656584604
3314	AMMONIA/URINOUS	0.1396333607179778	0.28113798797130585
6506	AMMONIA/URINOUS	0.3023674019745418	0.42508551478385925
6544	AMMONIA/URINOUS	0.43294245856148855	0.5727687648364476
6561	AMMONIA/URINOUS	0.29533558658191134	0.4333076477050781
7092	AMMONIA/URINOUS	0.2317754328250885	0.36364735450063435
7302	AMMONIA/URINOUS	0.3796101382800511	0.5269266537257603
7476	AMMONIA/URINOUS	0.1835071189062936	0.2727824662412916
7559	AMMONIA/URINOUS	0.3328236256326948	0.4637840305055891
7657	AMMONIA/URINOUS	0.4285212244306292	0.5692870276314872
7770	AMMONIA/URINOUS	0.18953543262822287	0.33668360114097595
7793	AMMONIA/URINOUS	0.21732043368475779	0.33758399741990225
7797	AMMONIA/URINOUS	0.12409889804465431	0.22175693086215428
8025	AMMONIA/URINOUS	0.2640375239508493	0.4082760385104588
8049	AMMONIA/URINOUS	0.1671711408666202	0.2766759363668306
8094	AMMONIA/URINOUS	0.32276926721845356	0.4608062761170523
8419	AMMONIA/URINOUS	0.13465041560786112	0.2030758879014424
8438	AMMONIA/URINOUS	0.16246427169867925	0.22254175799233572
8468	AMMONIA/URINOUS	0.20103340170213155	0.29258141773087637
8815	AMMONIA/URINOUS	0.18423654777663095	0.3238959865910666
8878	AMMONIA/URINOUS	0.11856479623488017	0.2147020889180047
9012	AMMONIA/URINOUS	0.43082802636282785	0.5664146968296596
10886	AMMONIA/URINOUS	0.204144401209695	0.3503299823829106
11567	AMMONIA/URINOUS	0.4731798768043518	0.6101431591170174
12020	AMMONIA/URINOUS	0.3469348464693342	0.49720718605177744
12265	AMMONIA/URINOUS	0.44259547761508394	0.5896521253245217
12377	AMMONIA/URINOUS	0.310257545539311	0.4634483882359096
16537	AMMONIA/URINOUS	0.2623587931905474	0.37204397150448393
17898	AMMONIA/URINOUS	0.3188557965414865	0.466040632554463
18467	AMMONIA/URINOUS	0.26501365644591196	0.41590642503329683
21363	AMMONIA/URINOUS	0.4595712976796286	0.5939680593354362
27440	AMMONIA/URINOUS	0.4216563105583191	0.5702574338231768
31219	AMMONIA/URINOUS	0.27061378742967335	0.3927351108619145
31276	AMMONIA/URINOUS	0.1951509416103363	0.35458176476614817
31283	AMMONIA/URINOUS	0.16784772383315222	0.2595374158450535
60998	AMMONIA/URINOUS	0.408224812575749	0.5358836267675672
61523	AMMONIA/URINOUS	0.2553960808685848	0.3892591042178018
62351	AMMONIA/URINOUS	0.31429446595055716	0.45176794273512705
62465	AMMONIA/URINOUS	0.24972954179559434	0.4531408080032894
251531	AMMONIA/URINOUS	0.18832132433141982	0.3030866427080972
440917	AMMONIA/URINOUS	0.3545693499701364	0.516029839004789
637758	AMMONIA/URINOUS	0.18986420333385468	0.29010503206934246
1549025	AMMONIA/URINOUS	0.1916915231517383	0.30486439381326946
2733294	AMMONIA/URINOUS	0.15929822410855973	0.27436393925121855
5281167	AMMONIA/URINOUS	0.25017334307943073	0.394731913294111
5281168	AMMONIA/URINOUS	0.3051153761999948	0.46375475185258047
5318599	AMMONIA/URINOUS	0.2621444932052067	0.40350922090666635
5352837	AMMONIA/URINOUS	0.22156000563076564	0.3667392304965428
5364231	AMMONIA/URINOUS	0.26509471024785725	0.3905444528375353
262	AMMONIA/URINOUS	0.3012550302914211	0.4561664717538016
323	AMMONIA/URINOUS	0.2809051530701773	0.37730391536440167
750	AMMONIA/URINOUS	0.24641239855970656	0.3866571273122515
753	AMMONIA/URINOUS	0.2651749295847757	0.40984464968953815
962	AMMONIA/URINOUS	0.30264671785490854	0.45132764748164583
5862	AMMONIA/URINOUS	0.33465373516082764	0.4834532354559217
5962	AMMONIA/URINOUS	0.41436444435800823	0.5553161246435983
6274	AMMONIA/URINOUS	0.2573659526450293	0.39365840383938383
6322	AMMONIA/URINOUS	0.3110875827925546	0.4472761537347521
6669	AMMONIA/URINOUS	0.25885473617485594	0.3869335225650242
7137	AMMONIA/URINOUS	0.10104917255895478	0.17082623605217254
15654	AMMONIA/URINOUS	0.26153184260640827	0.41821499381746563
62089	AMMONIA/URINOUS	0.4680700259549277	0.5976172089576721
853433	AMMONIA/URINOUS	0.10092917936188835	0.21902827279908316
5371102	AMMONIA/URINOUS	0.28192475012370516	0.4108142341886248
10857465	AMMONIA/URINOUS	0.3984262006623404	0.49836065087999615
180	DECAYED	0.09871488703148705	0.32072764209338595
264	DECAYED	0.300498685666493	0.6051258359636579
702	DECAYED	0.08907262980937958	0.3078661050115313
1031	DECAYED	0.09936126853738513	0.3280297943523952
3102	DECAYED	0.07383796998432704	0.29701519438198637
3314	DECAYED	0.07158297779304641	0.28127090845789227
6506	DECAYED	0.127049129988466	0.3809480369091034
6544	DECAYED	0.12794436514377594	0.3825472721031734
6561	DECAYED	0.12980306042092188	0.3904003586087908
7092	DECAYED	0.05082157201000622	0.2352708237511771
7302	DECAYED	0.0969375701887267	0.3419330545834133
7476	DECAYED	0.026995148775832995	0.15739080096994126
7559	DECAYED	0.10883814841508865	0.371337354183197
7657	DECAYED	0.09312740926231657	0.34628007667405264
7770	DECAYED	0.09310463496616908	0.327522622687476
7793	DECAYED	0.03293405659496784	0.20247035792895726
7797	DECAYED	0.05711544305086136	0.24822957175118582
8025	DECAYED	0.08821755115474973	0.3061741718224117
8049	DECAYED	0.07035111476268087	0.25313712656497955
8094	DECAYED	0.16785504668951035	0.4267853966781071
8419	DECAYED	0.05302905903330871	0.1460923978260585
8438	DECAYED	0.03205332266432898	0.13601080647536687
8468	DECAYED	0.07179988335285868	0.2393424745116915
8815	DECAYED	0.048656538661037176	0.2638038843870163
8878	DECAYED	0.06597781500646047	0.2667694113084248
9012	DECAYED	0.23629985111100332	0.5730976206915719
10886	DECAYED	0.09683360372270856	0.3262115291186741
11567	DECAYED	0.08079464307853154	0.32943799665996004
12020	DECAYED	0.08535070610897881	0.3101957440376282
12265	DECAYED	0.12116542564971107	0.377596846648625
12377	DECAYED	0.21607722767761775	0.5739845207759312
16537	DECAYED	0.03280843820955072	0.25992247675146374
17898	DECAYED	0.14138617472989218	0.4223139115742275
18467	DECAYED	0.10696748537676674	0.3521722597735269
21363	DECAYED	0.22233850402491434	0.5118203376020704
27440	DECAYED	0.17731035607201712	0.5158844590187073
31219	DECAYED	0.09092643431254796	0.32239982060023714
31276	DECAYED	0.07332423435790199	0.30671205265181406
31283	DECAYED	0.07796859102589744	0.28861166323934284
60998	DECAYED	0.11290921696594783	0.38072531138147625
61523	DECAYED	0.06856642876352582	0.2869580494506018
62351	DECAYED	0.1650058435542243	0.4850185683795384
62465	DECAYED	0.09639076037066323	0.3630905747413635
251531	DECAYED	0.04315049893089703	0.22926749076162065
440917	DECAYED	0.06936715969017573	0.2499782911368779
637758	DECAYED	0.06914642719285828	0.2815569681780679
1549025	DECAYED	0.06998416355678014	0.2826514350516455
2733294	DECAYED	0.08083223657948631	0.28764658527714865
5281167	DECAYED	0.0801092301096235	0.3254121584551675
5281168	DECAYED	0.12923158066613333	0.3910673643861498
5318599	DECAYED	0.0817376407129424	0.30543369906289236
5352837	DECAYED	0.0729152714567525	0.30001636488097055
5364231	DECAYED	0.10966724795954567	0.34652777654784067
262	DECAYED	0.09083092319113868	0.3101325588566916
323	DECAYED	0.03424215902175222	0.25270797099385944
750	DECAYED	0.07602754873888833	0.2552517184189388
753	DECAYED	0.0799298956990242	0.2809969995703016
962	DECAYED	0.06513417352523122	0.2788286251681192
5862	DECAYED	0.14541590639523097	0.42298794644219534
5962	DECAYED	0.1652976678950446	0.4474506548472813
6274	DECAYED	0.08452868993793215	0.29599085663046154
6322	DECAYED	0.10038969346455165	0.33490330832345144
6669	DECAYED	0.06441974533455712	0.3200214079448155
7137	DECAYED	0.043615262157150676	0.13593564927577972
15654	DECAYED	0.10765117087534495	0.36658052035740446
62089	DECAYED	0.20365006583077566	0.4611399216311319
853433	DECAYED	0.05870582535862923	0.21462441980838776
5371102	DECAYED	0.03614103687661035	0.25418607677732197
10857465	DECAYED	0.1246580428310803	0.37613870416368755
180	WOOD	0.23475257839475358	0.3970947819096701
264	WOOD	0.08680862507649831	0.21158455737999507
702	WOOD	0.22457503420966013	0.3802453279495239
1031	WOOD	0.19865402579307556	0.3405530410153525
3102	WOOD	0.20562870161873953	0.36777927194322857
3314	WOOD	0.32768810646874563	0.52088320681027
6506	WOOD	0.20351652801036835	0.3715508111885616
6544	WOOD	0.22728090839726584	0.3904452919960022
6561	WOOD	0.19760888602052415	0.3544356141771589
7092	WOOD	0.2265554964542389	0.37035264713423593
7302	WOOD	0.3200552080358778	0.499653833253043
7476	WOOD	0.14196426847151347	0.2669152042695454
7559	WOOD	0.10935926224504199	0.2662044678415571
7657	WOOD	0.17929666382925852	0.36197847553661894
7770	WOOD	0.004117933767182487	0.07430249080061913
7793	WOOD	0.1456022092274257	0.29671622599874226
7797	WOOD	0.07053634790437562	0.18534147526536668
8025	WOOD	0.12424381077289581	0.22589844252382005
8049	WOOD	0.21007124015263148	0.3601368452821459
8094	WOOD	0.26925201288291384	0.423875276531492
8419	WOOD	0.15347669912236078	0.33969968983105253
8438	WOOD	0.14833850519997732	0.29379572187151226
8468	WOOD	0.357021336044584	0.531548832144056
8815	WOOD	0.3339885813849313	0.47665674345833914
8878	WOOD	0.06633980944752693	0.1629442498087883
9012	WOOD	0.16276728255408152	0.33925183756010874
10886	WOOD	0.08458503761461802	0.19049026284899032
11567	WOOD	0.21477162625108445	0.3523194193840027
12020	WOOD	0.1959648153611592	0.35659792167799814
12265	WOOD	0.2369683406182698	0.40970671602657865
12377	WOOD	0.13984526587384088	0.3288716035229819
16537	WOOD	0.26564268129212515	0.43361032009124756
17898	WOOD	0.3729493021965027	0.5682064465114048
18467	WOOD	0.34141623973846436	0.5424858246530805
21363	WOOD	0.15530162836824143	0.3216092416218349
27440	WOOD	0.28453117183276583	0.5189809416021619
31219	WOOD	0.12371943784611565	0.2674031938825335
31276	WOOD	0.004292656268392291	0.0764028930238315
31283	WOOD	0.2694516820566995	0.4714719993727548
60998	WOOD	0.16029428158487594	0.2965291866234371
61523	WOOD	0.2123757004737854	0.38091837082590374
62351	WOOD	0.2091614156961441	0.3925188524382455
62465	WOOD	0.4232502962861742	0.6279766729899815
251531	WOOD	0.2027249080794198	0.33595120906829834
440917	WOOD	0.3887158376829965	0.5131004665579114
637758	WOOD	0.102519690990448	0.22593300896031515
1549025	WOOD	0.24400691262313298	0.42105862498283386
2733294	WOOD	0.06982112835560526	0.19465861575944082
5281167	WOOD	0.190672510436603	0.3605758249759674
5281168	WOOD	0.23305274971893855	0.41775281940187725
5318599	WOOD	0.20301312421049392	0.38260264907564434
5352837	WOOD	0.17652676786695207	0.35914599895477295
5364231	WOOD	0.2297658302954265	0.3784878211362021
262	WOOD	0.20817195517676218	0.35730464117867605
323	WOOD	0.25391995693956104	0.4078949306692396
750	WOOD	0.32286582248551504	0.4981459975242615
753	WOOD	0.2647025372300829	0.427660060780389
962	WOOD	0.2581424457686288	0.4241776977266584
5862	WOOD	0.2380019554070064	0.4163931267602103
5962	WOOD	0.35858056374958586	0.5587066411972046
6274	WOOD	0.5266571811267308	0.7167888964925494
6322	WOOD	0.4880228340625763	0.68681800365448
6669	WOOD	0.16797920422894613	0.31794820513044086
7137	WOOD	0.19232967708792006	0.35829293727874756
15654	WOOD	0.285670987197331	0.48473391362598967
62089	WOOD	0.32019456795283724	0.5068843109267098
853433	WOOD	0.26547436841896604	0.458685964345932
5371102	WOOD	0.26548520794936586	0.4439306174005781
10857465	WOOD	0.36411990438188824	0.5648661255836487
180	GRASS	0.09125776216387749	0.2428686022758484
264	GRASS	0.009878001042774745	0.14997497626713344
702	GRASS	0.07670361335788455	0.21502673625946045
1031	GRASS	0.0703798702784947	0.20667430332728795
3102	GRASS	0.08155385085514613	0.23286559113434382
3314	GRASS	0.061637114201273234	0.22550801932811737
6506	GRASS	0.05510034625019346	0.19797940339360917
6544	GRASS	0.12383777861084257	0.27652086317539215
6561	GRASS	0.07182920085532325	0.21562924768243516
7092	GRASS	0.06337882711419038	0.22625734550612314
7302	GRASS	0.0866091288626194	0.24541726282664708
7476	GRASS	0.07837550129209246	0.24543424802167074
7559	GRASS	0.1326449332492692	0.3137833135468619
7657	GRASS	0.09533597528934479	0.2731348190988813
7770	GRASS	0.04254533616559846	0.14155375425304687
7793	GRASS	0.1496106173310961	0.3145037463733128
7797	GRASS	0.1573145283120019	0.3040116386754172
8025	GRASS	0.06247240198510034	0.20427309615271433
8049	GRASS	0.05026087963155338	0.1881225279399327
8094	GRASS	0.12596702043499267	0.2498346588441304
8419	GRASS	0.06901046793375697	0.20668512369905198
8438	GRASS	0.05315376339214189	0.20206757528441294
8468	GRASS	0.10778698431594032	0.2692477362496512
8815	GRASS	0.10042387566396169	0.30845204847199575
8878	GRASS	0.10646687128714152	0.2245840643133436
9012	GRASS	0.06697397599262851	0.237057306936809
10886	GRASS	0.10717350563832692	0.25284044444561005
11567	GRASS	0.09800944264445986	0.24898330654416764
12020	GRASS	0.08843394581760679	0.24926244148186275
12265	GRASS	0.07196798175573349	0.23146552911826543
12377	GRASS	0.08087033512336868	0.22683761801038468
16537	GRASS	0.2594527857644217	0.509600145476205
17898	GRASS	0.08667842724493571	0.25305091057504925
18467	GRASS	0.0847856615270887	0.2534057732139315
21363	GRASS	0.07495448419025966	0.17509301432541438
27440	GRASS	0.15183471994740622	0.3576484961169107
31219	GRASS	0.06155365652271679	0.22043942766530172
31276	GRASS	0.05532608128019741	0.1448408386537007
31283	GRASS	0.04503022639879158	0.16512479313782283
60998	GRASS	0.10189626046589442	0.2370931782892772
61523	GRASS	0.30606127211025785	0.549117658819471
62351	GRASS	0.08377688590969358	0.24048090406826564
62465	GRASS	0.09818385328565325	0.2545086656297956
251531	GRASS	0.1106686219573021	0.2557318551199777
440917	GRASS	0.20909020730427333	0.44750985503196716
637758	GRASS	0.0833761032138552	0.22503437101840973
1549025	GRASS	0.09050525299140386	0.2135484027011054
2733294	GRASS	0.24624587169715337	0.4161660841533116
5281167	GRASS	0.34067200337137493	0.5744089313915798
5281168	GRASS	0.23216334198202407	0.441568774836404
5318599	GRASS	0.24639116014753068	0.4419601091316768
5352837	GRASS	0.2904049094234194	0.5040970146656036
5364231	GRASS	0.226252943277359	0.386148887021201
262	GRASS	0.07423269801906177	0.1995373943022319
323	GRASS	0.05050927826336452	0.20095143147877284
750	GRASS	0.0842432975769043	0.20861858980996267
753	GRASS	0.08942549356392451	0.23042788888726914
962	GRASS	0.09685435784714562	0.24724254224981582
5862	GRASS	0.04462730485413756	0.1477293074131012
5962	GRASS	0.09359057779823031	0.23802890522139414
6274	GRASS	0.15145948103496007	0.32322261588914053
6322	GRASS	0.14237527336393083	0.3173272567135947
6669	GRASS	0.13972814806870051	0.2607142733676093
7137	GRASS	0.04094026317553861	0.1892901829310826
15654	GRASS	0.0764052825314658	0.2147511009659086
62089	GRASS	0.06929615725364004	0.15450545506817953
853433	GRASS	0.028333567348974093	0.18308475187846593
5371102	GRASS	0.1715599000453949	0.3529520332813263
10857465	GRASS	0.2535834674324308	0.4859001934528351
180	FLOWER	0.05473443706120763	0.24541640281677246
264	FLOWER	0.06824913833822523	0.22212691392217362
702	FLOWER	0.09761552246553558	0.312493805374418
1031	FLOWER	0.10088121252400535	0.30949017831257414
3102	FLOWER	0.19020395832402365	0.4531265114034925
3314	FLOWER	0.12252460952316012	0.3892205698149545
6506	FLOWER	0.07217672999416079	0.2655401655605861
6544	FLOWER	0.11435924630079951	0.277392783335277
6561	FLOWER	0.061351695763213296	0.24378401041030884
7092	FLOWER	0.1921598889998027	0.4473285334450858
7302	FLOWER	0.08277584186622075	0.24417660066059657
7476	FLOWER	0.37326028091566904	0.632296451500484
7559	FLOWER	0.36302351525851656	0.657885764326368
7657	FLOWER	0.14383989359651292	0.36242043120520456
7770	FLOWER	0.22842196481568472	0.4748701368059431
7793	FLOWER	0.38538274594715666	0.6290392279624939
7797	FLOWER	0.29529363342693876	0.5639992271150861
8025	FLOWER	0.09202439550842557	0.3239126631191799
8049	FLOWER	0.1344208408679281	0.34741795488766264
8094	FLOWER	0.07596362754702568	0.251435250043869
8419	FLOWER	0.2608096386705126	0.5720265763146537
8438	FLOWER	0.2768198869058064	0.5654342344829014
8468	FLOWER	0.16764179936477117	0.4130094051361084
8815	FLOWER	0.12681969042335237	0.3611847587994167
8878	FLOWER	0.2903656916958945	0.5342738330364227
9012	FLOWER	0.038333440465586524	0.15497304712023055
10886	FLOWER	0.23621532959597452	0.4913141131401062
11567	FLOWER	0.09332080451505524	0.3105971472603934
12020	FLOWER	0.060671900532075336	0.27127752133778166
12265	FLOWER	0.04030552240354674	0.18848993735654013
12377	FLOWER	0.0776656051831586	0.22574745331491744
16537	FLOWER	0.2275788869176592	0.4829338278089251
17898	FLOWER	0.06736548830355917	0.19361927466733114
18467	FLOWER	0.07682763891560691	0.23113484042031424
21363	FLOWER	0.12748449615069798	0.2886254297835486
27440	FLOWER	0.05158837725009237	0.2010664301259177
31219	FLOWER	0.30012923904827665	0.5731531551906041
31276	FLOWER	0.25283019670418333	0.5085888973304203
31283	FLOWER	0.07636199412601334	0.24707082765442984
60998	FLOWER	0.2755103366715567	0.5517666595322746
61523	FLOWER	0.2574954352208546	0.5033752194472721
62351	FLOWER	0.06869894585439137	0.20280187683446066
62465	FLOWER	0.08109097076313836	0.2975067751748221
251531	FLOWER	0.3067494566951479	0.5525127819606236
440917	FLOWER	0.05554372125438282	0.26862997881003786
637758	FLOWER	0.34336618866239277	0.625410122530801
1549025	FLOWER	0.23492485284805298	0.4767270301069532
2733294	FLOWER	0.31814868109566824	0.5646051934787205
5281167	FLOWER	0.21705784967967443	0.47890191844531466
5281168	FLOWER	0.1146995552948543	0.3298546246119908
5318599	FLOWER	0.20242674223014287	0.413858847958701
5352837	FLOWER	0.22988747911793844	0.4615423083305359
5364231	FLOWER	0.11376274802855083	0.3031587174960545
262	FLOWER	0.10617674354996	0.30266225763729643
323	FLOWER	0.189716813819749	0.48037760172571453
750	FLOWER	0.08325032783406121	0.2764231732913426
753	FLOWER	0.0835631149155753	0.29516744187899996
962	FLOWER	0.14012870405401504	0.33914651189531597
5862	FLOWER	0.049295706408364434	0.18478097021579742
5962	FLOWER	0.06914210585611207	0.20745586497443064
6274	FLOWER	0.09416150195258004	0.22966223529406957
6322	FLOWER	0.07489552934254919	0.21165838837623596
6669	FLOWER	0.5110456432615008	0.6612214956964765
7137	FLOWER	0.2651088663509914	0.5425430578844888
15654	FLOWER	0.08957881001489502	0.23701881510870798
62089	FLOWER	0.017358265284981047	0.1279293798974582
853433	FLOWER	0.1569096680198397	0.47141686507633757
5371102	FLOWER	0.18052348707403457	0.4209890067577362
10857465	FLOWER	0.29286472712244305	0.4877981458391462
180	CHEMICAL	0.3111997906650816	0.587443973336901
264	CHEMICAL	0.11340194195508957	0.41171315738133024
702	CHEMICAL	0.16813911284719193	0.46671944856643677
1031	CHEMICAL	0.19124882348946162	0.49853049005780903
3102	CHEMICAL	0.29366726534707205	0.5775802390916007
3314	CHEMICAL	0.16265261386122024	0.42554542422294617
6506	CHEMICAL	0.20016738133771078	0.48028735603605
6544	CHEMICAL	0.4220100939273834	0.6519851854869297
6561	CHEMICAL	0.23845488045896804	0.5239888259342739
7092	CHEMICAL	0.23577954939433507	0.4866583858217512
7302	CHEMICAL	0.3593472497803824	0.6579694066728864
7476	CHEMICAL	0.24680483554090774	0.5139308742114476
7559	CHEMICAL	0.23357885224478586	0.5548492499760219
7657	CHEMICAL	0.36513778141566683	0.6263870852334159
7770	CHEMICAL	0.2126257164137704	0.5218578491892133
7793	CHEMICAL	0.2132627900157656	0.48183520776884897
7797	CHEMICAL	0.17252803700310843	0.4806223085948399
8025	CHEMICAL	0.2690928152629307	0.573958192552839
8049	CHEMICAL	0.16955448154892241	0.4277989651475634
8094	CHEMICAL	0.23458746927125113	0.532161261354174
8419	CHEMICAL	0.11486621094601494	0.2700558028050831
8438	CHEMICAL	0.17778312414884567	0.38417365295546396
8468	CHEMICAL	0.2537319702761514	0.4702109396457672
8815	CHEMICAL	0.18611139910561697	0.49342689343861174
8878	CHEMICAL	0.1515920524086271	0.4636168139321463
9012	CHEMICAL	0.1943610225405012	0.5067088007926941
10886	CHEMICAL	0.20747762705598558	0.506258658000401
11567	CHEMICAL	0.5655094981193542	0.7970596977642604
12020	CHEMICAL	0.35851917948041645	0.6338158931050982
12265	CHEMICAL	0.36974844336509705	0.6213819810322353
12377	CHEMICAL	0.11487180313893727	0.46654226950236727
16537	CHEMICAL	0.26278331875801086	0.547667418207441
17898	CHEMICAL	0.20928469938891275	0.4814199379512242
18467	CHEMICAL	0.19571518472262792	0.4640649514538901
21363	CHEMICAL	0.23118120219026292	0.5203665026596614
27440	CHEMICAL	0.26059332489967346	0.566585898399353
31219	CHEMICAL	0.26599580475262236	0.5760900207928249
31276	CHEMICAL	0.2722125543015344	0.590913040297372
31283	CHEMICAL	0.16329866967030934	0.3750381427151816
60998	CHEMICAL	0.21002958714962006	0.5246142063822065
61523	CHEMICAL	0.19405751994677953	0.49956423895699636
62351	CHEMICAL	0.14359655337674276	0.47525517855371746
62465	CHEMICAL	0.25671781386647907	0.5346885664122445
251531	CHEMICAL	0.2529909078563963	0.5109553635120392
440917	CHEMICAL	0.423668099301202	0.6337856480053493
637758	CHEMICAL	0.18514815398624965	0.492164637361254
1549025	CHEMICAL	0.12304872061525073	0.3882141666752951
2733294	CHEMICAL	0.2062708522592272	0.5179344075066703
5281167	CHEMICAL	0.24767476533140456	0.5558877502168927
5281168	CHEMICAL	0.26261564237730844	0.5720211863517761
5318599	CHEMICAL	0.2735473002706255	0.5662593160356794
5352837	CHEMICAL	0.23542003333568573	0.5345744490623474
5364231	CHEMICAL	0.2275736459663936	0.5149977377482823
262	CHEMICAL	0.3017727775233133	0.5792845402445111
323	CHEMICAL	0.2553948930331639	0.5086726290839059
750	CHEMICAL	0.19526435009070806	0.45941814354487825
753	CHEMICAL	0.2598970574992044	0.5543093255587986
962	CHEMICAL	0.34828025102615356	0.6197091000420707
5862	CHEMICAL	0.1437337707195963	0.44801431468554903
5962	CHEMICAL	0.2352100270135062	0.5500449027333941
6274	CHEMICAL	0.25806249039513723	0.554664603301457
6322	CHEMICAL	0.2104489334992	0.5122598622526441
6669	CHEMICAL	0.19388612466199057	0.4494671566145761
7137	CHEMICAL	0.07627169042825699	0.30712326083864483
15654	CHEMICAL	0.1656779104045459	0.41616612672805786
62089	CHEMICAL	0.34174215367862154	0.6298898543630328
853433	CHEMICAL	0.12389105345521655	0.38481293831552776
5371102	CHEMICAL	0.3004691813673292	0.5493199569838387
10857465	CHEMICAL	0.23413914016314916	0.5660713570458549
