oID	descriptor	value	sigma
180	INTENSITY/STRENGTH	0.20229903714997427	0.6024514096123832
264	INTENSITY/STRENGTH	0.4040677121707371	0.7455536041940961
702	INTENSITY/STRENGTH	0.15276235980646952	0.5635428258350917
1031	INTENSITY/STRENGTH	0.18211940356663295	0.5969326666423252
3102	INTENSITY/STRENGTH	0.26572939114911215	0.5970481719289508
3314	INTENSITY/STRENGTH	0.27533839430127827	0.6027951836585999
6506	INTENSITY/STRENGTH	0.10619265426482473	0.5283474155834743
6544	INTENSITY/STRENGTH	0.48539420110838755	0.709390469959804
6561	INTENSITY/STRENGTH	0.37699535489082336	0.6869592581476484
7092	INTENSITY/STRENGTH	0.3567331646169935	0.6529145325933184
7302	INTENSITY/STRENGTH	0.36363233838762554	0.6297985315322876
7476	INTENSITY/STRENGTH	0.45835492440632414	0.7121544395174298
7559	INTENSITY/STRENGTH	0.587604250226702	0.8017196314675468
7657	INTENSITY/STRENGTH	0.3556975637163435	0.6428771529878888
7770	INTENSITY/STRENGTH	0.49694938744817463	0.7360929761614118
7793	INTENSITY/STRENGTH	0.5183611299310412	0.6639419879232135
7797	INTENSITY/STRENGTH	0.5930227254118238	0.7410560931478228
8025	INTENSITY/STRENGTH	0.2494937309197017	0.6521607978003365
8049	INTENSITY/STRENGTH	0.1678414408649717	0.6187142644609723
8094	INTENSITY/STRENGTH	0.5212868962969098	0.7660284212657383
8419	INTENSITY/STRENGTH	0.45440914801188875	0.6724043318203518
8438	INTENSITY/STRENGTH	0.3573092349937984	0.6489749891417367
8468	INTENSITY/STRENGTH	0.14750230205910547	0.5699886168752398
8815	INTENSITY/STRENGTH	0.30524652770587374	0.6693286725452968
8878	INTENSITY/STRENGTH	0.4389034254210336	0.6569297909736633
9012	INTENSITY/STRENGTH	0.5510282303605761	0.7134423085621425
10886	INTENSITY/STRENGTH	0.32290887406894137	0.6710496289389474
11567	INTENSITY/STRENGTH	0.6231433153152466	0.7086352620806012
12020	INTENSITY/STRENGTH	0.36684816224234446	0.7398356625011989
12265	INTENSITY/STRENGTH	0.24659372440406255	0.630874250616346
12377	INTENSITY/STRENGTH	0.5306221417018345	0.7756486790520805
16537	INTENSITY/STRENGTH	0.3681451252528599	0.6894409486225673
17898	INTENSITY/STRENGTH	0.43177670666149687	0.705431376184736
18467	INTENSITY/STRENGTH	0.2937437423637935	0.6239510008266994
21363	INTENSITY/STRENGTH	0.4111042959349496	0.7102580921990531
27440	INTENSITY/STRENGTH	0.583692559174129	0.8156118137495858
31219	INTENSITY/STRENGTH	0.37524657590048655	0.7285546745572772
31276	INTENSITY/STRENGTH	0.5509458141667503	0.7913208518709455
31283	INTENSITY/STRENGTH	0.13652394179786956	0.5944313492093768
60998	INTENSITY/STRENGTH	0.3739082557814462	0.6913181373051235
61523	INTENSITY/STRENGTH	0.5048060842922756	0.8458688344274249
62351	INTENSITY/STRENGTH	0.42102249605315073	0.7168507150241307
62465	INTENSITY/STRENGTH	0.2659436932631901	0.5745271614619664
251531	INTENSITY/STRENGTH	0.09545313141175679	0.584708537374224
440917	INTENSITY/STRENGTH	0.5247634266104017	0.587008535861969
637758	INTENSITY/STRENGTH	0.3850729295185634	0.7285070930208478
1549025	INTENSITY/STRENGTH	0.3332502373627254	0.6626240525926862
2733294	INTENSITY/STRENGTH	0.6129854832376752	0.7531724401882717
5281167	INTENSITY/STRENGTH	0.5850097026143756	0.7890979732785907
5281168	INTENSITY/STRENGTH	0.5686852889401572	0.7675712193761554
5318599	INTENSITY/STRENGTH	0.6960956965173993	0.7840314252035958
5352837	INTENSITY/STRENGTH	0.6704336149351937	0.7545819793428693
5364231	INTENSITY/STRENGTH	0.5662340436662946	0.6691633803503854
262	INTENSITY/STRENGTH	0.1976580364363534	0.5998430848121643
323	INTENSITY/STRENGTH	0.44898211530276705	0.6855814712388175
750	INTENSITY/STRENGTH	0.13251525642616407	0.5517007665974754
753	INTENSITY/STRENGTH	0.17433429615838186	0.5479547807148525
962	INTENSITY/STRENGTH	0.11679848922150475	0.5359308208738055
5862	INTENSITY/STRENGTH	0.23714026808738708	0.6064311351094928
5962	INTENSITY/STRENGTH	0.26511342397757937	0.6374582392828805
6274	INTENSITY/STRENGTH	0.07532384086932455	0.5230030374867576
6322	INTENSITY/STRENGTH	0.14432366085903986	0.5475911114897046
6669	INTENSITY/STRENGTH	0.03793365455099514	0.5085054891450065
7137	INTENSITY/STRENGTH	0.4904043972492218	0.7288611105510167
15654	INTENSITY/STRENGTH	0.49412944061415537	0.7270117657525199
62089	INTENSITY/STRENGTH	0.4640037332262312	0.7155053104673114
853433	INTENSITY/STRENGTH	0.36000669854027884	0.679647079535893
5371102	INTENSITY/STRENGTH	0.16358386086566107	0.6515331779207502
10857465	INTENSITY/STRENGTH	0.2677210846117565	0.7042029840605599
180	VALENCE/PLEASANTNESS	0.5318465147699628	0.5732501574925014
264	VALENCE/PLEASANTNESS	0.3268691280058452	0.5425586657864707
702	VALENCE/PLEASANTNESS	0.5824083941323417	0.574437507561275
1031	VALENCE/PLEASANTNESS	0.5355366468429565	0.5755639842578343
3102	VALENCE/PLEASANTNESS	0.46887621709278654	0.5870686854634967
3314	VALENCE/PLEASANTNESS	0.6759516256196159	0.5996522392545428
6506	VALENCE/PLEASANTNESS	0.6001932535852704	0.5880690046719143
6544	VALENCE/PLEASANTNESS	0.4644684536116464	0.6332230653081622
6561	VALENCE/PLEASANTNESS	0.4220418121133532	0.5595736248152596
7092	VALENCE/PLEASANTNESS	0.6054103119032723	0.6060295530727932
7302	VALENCE/PLEASANTNESS	0.4708203077316284	0.5675140534128461
7476	VALENCE/PLEASANTNESS	0.6015017288071769	0.6811000023569379
7559	VALENCE/PLEASANTNESS	0.613626309803554	0.720598646572658
7657	VALENCE/PLEASANTNESS	0.4396631419658661	0.588525686945234
7770	VALENCE/PLEASANTNESS	0.6580460752759661	0.6649516820907593
7793	VALENCE/PLEASANTNESS	0.6723339642797198	0.6928675259862628
7797	VALENCE/PLEASANTNESS	0.7803490076746259	0.6806573782648359
8025	VALENCE/PLEASANTNESS	0.5437313318252563	0.6095036779131208
8049	VALENCE/PLEASANTNESS	0.57667418888637	0.5842093655041286
8094	VALENCE/PLEASANTNESS	0.34159100481442045	0.5316740529877799
8419	VALENCE/PLEASANTNESS	0.8200987832886832	0.5444085470267704
8438	VALENCE/PLEASANTNESS	0.7028770021029881	0.5936160428183419
8468	VALENCE/PLEASANTNESS	0.6427954861095974	0.5841508848326546
8815	VALENCE/PLEASANTNESS	0.5596770133290973	0.606448096888406
8878	VALENCE/PLEASANTNESS	0.7428844571113586	0.6127179520470756
9012	VALENCE/PLEASANTNESS	0.2925723833697183	0.5477688823427472
10886	VALENCE/PLEASANTNESS	0.6168069328580584	0.616660509790693
11567	VALENCE/PLEASANTNESS	0.42808974214962553	0.6354118755885533
12020	VALENCE/PLEASANTNESS	0.44181545291628155	0.5897608654839652
12265	VALENCE/PLEASANTNESS	0.4772759718554361	0.5601650731904166
12377	VALENCE/PLEASANTNESS	0.32771533727645874	0.573498513017382
16537	VALENCE/PLEASANTNESS	0.6648309230804443	0.6032367944717407
17898	VALENCE/PLEASANTNESS	0.43441757559776306	0.6529733623777118
18467	VALENCE/PLEASANTNESS	0.4704004781586783	0.6083352480615888
21363	VALENCE/PLEASANTNESS	0.3021163046360016	0.541845794234957
27440	VALENCE/PLEASANTNESS	0.3403160997799465	0.614054765020098
31219	VALENCE/PLEASANTNESS	0.6585526296070644	0.6389920285769871
31276	VALENCE/PLEASANTNESS	0.633378403527396	0.7429337671824864
31283	VALENCE/PLEASANTNESS	0.5855950883456639	0.5635128787585667
60998	VALENCE/PLEASANTNESS	0.5901107106889997	0.6526206987244743
61523	VALENCE/PLEASANTNESS	0.5297630429267883	0.6972427538463047
62351	VALENCE/PLEASANTNESS	0.4057068909917559	0.5856295994349888
62465	VALENCE/PLEASANTNESS	0.4926765816552298	0.6410855991499764
251531	VALENCE/PLEASANTNESS	0.6011832441602435	0.5705625499997821
440917	VALENCE/PLEASANTNESS	0.6458208901541573	0.5806833335331508
637758	VALENCE/PLEASANTNESS	0.6307002135685512	0.6311673521995544
1549025	VALENCE/PLEASANTNESS	0.6265648007392883	0.6076617070606777
2733294	VALENCE/PLEASANTNESS	0.6622073905808585	0.7111608896936689
5281167	VALENCE/PLEASANTNESS	0.47822390709604534	0.6497639162199838
5281168	VALENCE/PLEASANTNESS	0.36978422318186077	0.5400652970586505
5318599	VALENCE/PLEASANTNESS	0.4523620179721287	0.6360139676502773
5352837	VALENCE/PLEASANTNESS	0.48747080990246366	0.63495386498315
5364231	VALENCE/PLEASANTNESS	0.5894367439406258	0.6426517878259931
262	VALENCE/PLEASANTNESS	0.5498555643217904	0.5862715329442706
323	VALENCE/PLEASANTNESS	0.6062929630279541	0.6328808920724052
750	VALENCE/PLEASANTNESS	0.6169487067631313	0.5948038016046796
753	VALENCE/PLEASANTNESS	0.6189258439200265	0.5939809679985046
962	VALENCE/PLEASANTNESS	0.644515403679439	0.5894002062933785
5862	VALENCE/PLEASANTNESS	0.4833848476409912	0.5787597043173653
5962	VALENCE/PLEASANTNESS	0.4317129594939096	0.5820847834859576
6274	VALENCE/PLEASANTNESS	0.5704305342265538	0.6087811078344073
6322	VALENCE/PLEASANTNESS	0.49024459293910433	0.5776150056294033
6669	VALENCE/PLEASANTNESS	0.6957088538578579	0.5522831763539996
7137	VALENCE/PLEASANTNESS	0.7120313474110195	0.6879756280354091
15654	VALENCE/PLEASANTNESS	0.4170249359948294	0.6505853704043797
62089	VALENCE/PLEASANTNESS	0.30476193342890057	0.4667965769767761
853433	VALENCE/PLEASANTNESS	0.7171655637877328	0.6405406423977443
5371102	VALENCE/PLEASANTNESS	0.5186782819884164	0.5438217265265328
10857465	VALENCE/PLEASANTNESS	0.6081624797412327	0.5762133172580174
180	BAKERY	0.0836938928280558	0.28101680534226553
264	BAKERY	0.04410338907369545	0.17422817753893988
702	BAKERY	0.0993650034070015	0.3508628351347787
1031	BAKERY	0.07691700330802373	0.30359052973134176
3102	BAKERY	0.010039008355566434	0.13534921727010182
3314	BAKERY	0.16243468012128556	0.4792707306998117
6506	BAKERY	0.10082391010863441	0.3374109012739999
6544	BAKERY	0.014435804582067899	0.15298443606921605
6561	BAKERY	0.04167746965374265	0.17292620560952596
7092	BAKERY	0.09779164407934461	0.3792074961321695
7302	BAKERY	0.09461059527737754	0.2792821228504181
7476	BAKERY	0.06927840677755219	0.3301478624343872
7559	BAKERY	0.022546046280435154	0.24952592594282968
7657	BAKERY	0.017204352787562778	0.14958812296390533
7770	BAKERY	0.09730730737958636	0.3572707346507481
7793	BAKERY	0.0340709774089711	0.22483025916985103
7797	BAKERY	0.08632413085017886	0.4029688707419804
8025	BAKERY	0.08608960040978023	0.3162041945116861
8049	BAKERY	0.09599012030022484	0.30956482674394337
8094	BAKERY	0.029729310157043592	0.11953752168587276
8419	BAKERY	0.3713363153593881	0.6383627142224994
8438	BAKERY	0.19373916515282222	0.47713515162467957
8468	BAKERY	0.1499353594013623	0.4322042337485722
8815	BAKERY	0.07233989398394312	0.2724923917225429
8878	BAKERY	0.11545005866459437	0.4238117124353136
9012	BAKERY	0.04508506905819688	0.2303590944835118
10886	BAKERY	0.04628323098378522	0.26118303835392
11567	BAKERY	0.03341379335948399	0.15625707911593573
12020	BAKERY	0.037130728363990784	0.19122032608304704
12265	BAKERY	0.0582381183547633	0.23979516114507402
12377	BAKERY	0.04113106642450605	0.1658208199909755
16537	BAKERY	0.021126161462494304	0.1668192914554051
17898	BAKERY	0.16960676653044565	0.45123943260737825
18467	BAKERY	0.13560984602996282	0.3680111723286765
21363	BAKERY	0.022341332797493254	0.14751084361757552
27440	BAKERY	0.09686748470578875	0.3300630918570927
31219	BAKERY	0.061074379831552505	0.27435347012111116
31276	BAKERY	0.05630859360098839	0.28164232628686087
31283	BAKERY	0.15973338271890367	0.39975227628435406
60998	BAKERY	0.0009466840752533504	0.21862073242664337
61523	BAKERY	0.015277519023844175	0.12426482460328511
62351	BAKERY	0.06188984481351716	0.24330231547355652
62465	BAKERY	0.10689024307898112	0.3739726756300245
251531	BAKERY	0.010875770822167397	0.13232985671077455
440917	BAKERY	0.05043700550283704	0.21992431793894088
637758	BAKERY	0.09562302167926516	0.36076841609818594
1549025	BAKERY	0.06771039111273629	0.27568788826465607
2733294	BAKERY	0.03856928274035454	0.26560374030045103
5281167	BAKERY	0.04734260429229055	0.19695305611406053
5281168	BAKERY	0.034505964655961306	0.10855803319386073
5318599	BAKERY	0.04280973012958254	0.16302835941314697
5352837	BAKERY	0.06476112348692757	0.2143820502928325
5364231	BAKERY	0.07761220687202044	0.2889955980437143
262	BAKERY	0.07819149909274918	0.2816162428685597
323	BAKERY	0.14430503227881022	0.4451814719608852
750	BAKERY	0.17854165605136327	0.4751666103090559
753	BAKERY	0.12146750092506409	0.37671171341623577
962	BAKERY	0.09632991147892815	0.34637123346328735
5862	BAKERY	0.12242897067751203	0.39906937735421316
5962	BAKERY	0.0743761355323451	0.3031129240989685
6274	BAKERY	0.1030082670705659	0.3491422235965729
6322	BAKERY	0.0708786706839289	0.2814956328698567
6669	BAKERY	0.15429902502468654	0.4428849390574864
7137	BAKERY	0.18705716942037856	0.5499861453260694
15654	BAKERY	0.15745266101190022	0.4775360992976597
62089	BAKERY	0.016925555786916187	0.08422759654266494
853433	BAKERY	0.1845001663480486	0.5285959839820862
5371102	BAKERY	-0.0060602181724139625	0.08933400682040624
10857465	BAKERY	0.0702087932399341	0.3025893952165331
180	SWEET	0.19824116783482687	0.5101933819907052
264	SWEET	0.11517091680850301	0.3949898140771048
702	SWEET	0.2192348348242896	0.526461626802172
1031	SWEET	0.19009975450379507	0.4986444924558912
3102	SWEET	0.15373851358890533	0.4946916273662022
3314	SWEET	0.33894090141568867	0.6314748099872044
6506	SWEET	0.24959087797573634	0.5826135618346078
6544	SWEET	0.1712433248758316	0.5317275438989911
6561	SWEET	0.15302736844335282	0.4493886147226606
7092	SWEET	0.29063463636807035	0.6639371854918343
7302	SWEET	0.19061262692723954	0.5123598277568817
7476	SWEET	0.3017905524798802	0.7484908444540841
7559	SWEET	0.3480918066842215	0.8062326652663094
7657	SWEET	0.14200002806527273	0.45036499415125164
7770	SWEET	0.511222128357206	0.8808897052492414
7793	SWEET	0.3137768145118441	0.7098628878593445
7797	SWEET	0.5883691268307822	0.9213664787156242
8025	SWEET	0.22304846346378326	0.571412375995091
8049	SWEET	0.2673525171620505	0.6049004026821682
8094	SWEET	0.09705646655389241	0.3331549508231027
8419	SWEET	0.5760677627154759	0.8542202881404332
8438	SWEET	0.4241457538945334	0.798180273600987
8468	SWEET	0.317129054239818	0.6670250722340175
8815	SWEET	0.21611228585243225	0.5236250587872097
8878	SWEET	0.5780887007713318	0.864119461604527
9012	SWEET	0.07760869658419065	0.22356849695955003
10886	SWEET	0.32532942295074463	0.6721216440200806
11567	SWEET	0.16521876624652318	0.522684382540839
12020	SWEET	0.14911338686943054	0.47119741780417307
12265	SWEET	0.1485345352973257	0.45098351155008587
12377	SWEET	0.06948513963392802	0.17619942554405757
16537	SWEET	0.3018392452171871	0.6644986186708722
17898	SWEET	0.16737719305924006	0.5331807775156838
18467	SWEET	0.16862015639032638	0.5077252515724727
21363	SWEET	0.08211736061743327	0.339545550090926
27440	SWEET	0.10836886188813619	0.3805537394114903
31219	SWEET	0.3872188372271402	0.8010475976126534
31276	SWEET	0.4256495918546404	0.856646614415305
31283	SWEET	0.23591393445219314	0.5521238446235657
60998	SWEET	0.24671150531087602	0.6705744862556458
61523	SWEET	0.18335215534482682	0.5088270136288234
62351	SWEET	0.11223696864077023	0.3026012991155897
62465	SWEET	0.1680878752044269	0.44821906089782715
251531	SWEET	0.23067318967410497	0.5844618678092957
440917	SWEET	0.2732227402073996	0.6224433694566999
637758	SWEET	0.3876099075589861	0.806510695389339
1549025	SWEET	0.287352911063603	0.6063571742602757
2733294	SWEET	0.41580416900771006	0.7739536421639579
5281167	SWEET	0.18849506974220276	0.5228438036782401
5281168	SWEET	0.1228856114404542	0.3694658364568438
5318599	SWEET	0.1742967665195465	0.5184424902711596
5352837	SWEET	0.20311983568327768	0.5319596358707973
5364231	SWEET	0.2714950144290924	0.606533374105181
262	SWEET	0.21590364298650197	0.5523970382554191
323	SWEET	0.3268133018698011	0.7360469358307975
750	SWEET	0.27695039766175406	0.6511922308376857
753	SWEET	0.27809008743081776	0.6190131902694702
962	SWEET	0.29305715220315115	0.6619442190442767
5862	SWEET	0.18649870582989284	0.4980473050049373
5962	SWEET	0.14613852543490274	0.4622544390814645
6274	SWEET	0.19760585682732718	0.5538941238607679
6322	SWEET	0.14475343482834951	0.45511562057903837
6669	SWEET	0.31265769260270254	0.6878182973180499
7137	SWEET	0.40276671733175007	0.79929632799966
15654	SWEET	0.15640726579087122	0.4646290583269937
62089	SWEET	0.06267754467470306	0.2632294148206711
853433	SWEET	0.3801720568111965	0.7212144477026803
5371102	SWEET	0.16611260388578689	0.47347819805145264
10857465	SWEET	0.25599675306252073	0.6364376289503915
180	FRUIT	0.11881022155284882	0.25964183679648806
264	FRUIT	0.10111874448401588	0.21374572387763432
702	FRUIT	0.10642624220677785	0.2509968344654356
1031	FRUIT	0.10536481440067291	0.2426139840057918
3102	FRUIT	0.07378082828862327	0.22726094084126608
3314	FRUIT	0.13417491742542811	0.32177567056247164
6506	FRUIT	0.13649247799600875	0.2987446401800428
6544	FRUIT	0.10592928635222572	0.30324921224798473
6561	FRUIT	0.10964324963944298	0.2569007096546037
7092	FRUIT	0.14836765080690384	0.3751926634992872
7302	FRUIT	0.09061432416949954	0.25482661383492605
7476	FRUIT	0.19911301348890578	0.4744169158594949
7559	FRUIT	0.2782742700406483	0.5925324559211731
7657	FRUIT	0.08271381312182971	0.2285886470760618
7770	FRUIT	0.47365788902555195	0.7089799727712359
7793	FRUIT	0.23788185843399592	0.45314934849739075
7797	FRUIT	0.6569747797080449	0.8447386452129909
8025	FRUIT	0.14568200707435608	0.306577131152153
8049	FRUIT	0.1712906232901982	0.3554010646683829
8094	FRUIT	0.10785603842564992	0.25107431411743164
8419	FRUIT	0.19334160004343307	0.4606520916734423
8438	FRUIT	0.20468549643244063	0.45127010345458984
8468	FRUIT	0.13097490902457917	0.3405267723969051
8815	FRUIT	0.12165795692375728	0.29647484847477507
8878	FRUIT	0.5806245165211814	0.7561006546020508
9012	FRUIT	0.03330904857388565	0.09921700028436524
10886	FRUIT	0.30350219139031004	0.5303810323987689
11567	FRUIT	0.11318037552492959	0.31834331367697033
12020	FRUIT	0.0969301765518529	0.2543750809771674
12265	FRUIT	0.08898990388427462	0.21736504776137217
12377	FRUIT	0.054860951378941536	0.1283773338156087
16537	FRUIT	0.25908523372241427	0.5276530512741634
17898	FRUIT	0.06459309054272515	0.1478290632367134
18467	FRUIT	0.06751980260014534	0.17479426945958818
21363	FRUIT	0.044335818982550075	0.11869444219129426
27440	FRUIT	0.06011237949132919	0.13751577639154025
31219	FRUIT	0.3004196286201477	0.5910096338817051
31276	FRUIT	0.40006113052368164	0.6947787489209857
31283	FRUIT	0.09949264781815666	0.24787697196006775
60998	FRUIT	0.17098005754607065	0.43125360352652414
61523	FRUIT	0.1764764583536557	0.3998475500515529
62351	FRUIT	0.079729791198458	0.17703030471290862
62465	FRUIT	0.05987764336168766	0.1728814606155668
251531	FRUIT	0.10349319822021893	0.2972133755683899
440917	FRUIT	0.17167762773377554	0.4355747401714325
637758	FRUIT	0.23651514095919474	0.506493649312428
1549025	FRUIT	0.2637726068496704	0.5312327487128121
2733294	FRUIT	0.550086225782122	0.7546715310641697
5281167	FRUIT	0.21189308166503906	0.45867432015282766
5281168	FRUIT	0.13510418363979884	0.31765004779611317
5318599	FRUIT	0.19428160786628723	0.4265567021710532
5352837	FRUIT	0.2167277250971113	0.44986144985471455
5364231	FRUIT	0.3412661467279707	0.5827536455222538
262	FRUIT	0.12388061732053757	0.2903923498732703
323	FRUIT	0.15814594605139323	0.413681549685342
750	FRUIT	0.11283736143793378	0.298681303858757
753	FRUIT	0.15037550457886287	0.3313931269305093
962	FRUIT	0.14197214586394175	0.3482116758823395
5862	FRUIT	0.09158697085721153	0.2233753161770957
5962	FRUIT	0.09733530879020691	0.22268237173557281
6274	FRUIT	0.08507707608597619	0.23151361303670065
6322	FRUIT	0.08083997507180486	0.19820277392864227
6669	FRUIT	0.08423257778797831	0.26041415120874134
7137	FRUIT	0.1727725693157741	0.4454250633716583
15654	FRUIT	0.05544299738747733	0.13556106388568878
62089	FRUIT	0.06539399762238775	0.161984061556203
853433	FRUIT	0.14727122549499785	0.40519427401678904
5371102	FRUIT	0.10722825250455312	0.2661635386092322
10857465	FRUIT	0.15438808287893022	0.3883246396269117
180	FISH	0.038097956616963656	0.14514643592493875
264	FISH	0.09473680292389222	0.29641290434769224
702	FISH	0.043659615463444164	0.1631636768579483
1031	FISH	0.05696539341339043	0.17982785935912812
3102	FISH	0.04425132620547499	0.14588159109864915
3314	FISH	0.03171244130602905	0.12979934577431
6506	FISH	0.04092943774802344	0.1371545610683305
6544	FISH	0.02702022170914071	0.09126015646117074
6561	FISH	0.06542382602180753	0.18905784402574813
7092	FISH	0.03227213623800448	0.11018359554665429
7302	FISH	0.03328566439449787	0.12348604095833642
7476	FISH	0.01702014130673238	0.07376272497432572
7559	FISH	0.07883046567440033	0.16313290383134568
7657	FISH	0.09124882838555745	0.23457684687205724
7770	FISH	0.0237346278237445	0.08616162570459503
7793	FISH	0.022880629370255128	0.05043783437992845
7797	FISH	0.006347864067980221	0.07732574588486127
8025	FISH	0.04980830741780145	0.15222940274647304
8049	FISH	0.032051676751247475	0.1131495897259031
8094	FISH	0.10640462913683482	0.23352911855493272
8419	FISH	0.007185981076742921	0.06590751026357923
8438	FISH	0.009583771361836366	0.06642367344881807
8468	FISH	0.017368380645556108	0.10035945900848933
8815	FISH	0.0533272424446685	0.19509606489113399
8878	FISH	0.005145274634872164	0.07641026750206947
9012	FISH	0.34238147948469433	0.5898466152804238
10886	FISH	0.03464511821844748	0.11956850971494402
11567	FISH	0.009376288657741887	0.06766656174191407
12020	FISH	0.06361967644521169	0.18840195664337703
12265	FISH	0.05620865497205939	0.1804525245513235
12377	FISH	0.39407716797930853	0.648904583283833
16537	FISH	0.04895063862204552	0.11753848088639123
17898	FISH	0.06535503800426211	0.18028692262513296
18467	FISH	0.05003565017666135	0.15930375456809998
21363	FISH	0.08398426643439702	0.24345379642077855
27440	FISH	0.19525000878742763	0.3850307230438505
31219	FISH	0.0315389521420002	0.08701167734605926
31276	FISH	0.03741127598498549	0.10801109458718981
31283	FISH	0.04373595278177943	0.14078181662729808
60998	FISH	0.04655147210827896	0.12601192934172495
61523	FISH	0.12712300568819046	0.24065139038222177
62351	FISH	0.2473222411104611	0.47940694860049654
62465	FISH	0.08832222861903054	0.2466955759695598
251531	FISH	0.023492537838007723	0.08642911964229175
440917	FISH	0.02684640165950571	0.04392548517457077
637758	FISH	0.0282283824469362	0.12041618887867246
1549025	FISH	0.040124310712729185	0.12678678333759308
2733294	FISH	0.03475946054926941	0.12184338803802218
5281167	FISH	0.12590233768735612	0.26369913135256084
5281168	FISH	0.1377466129405158	0.29260334372520447
5318599	FISH	0.10922769457101822	0.19511281166757857
5352837	FISH	0.11168346873351506	0.22720339255673544
5364231	FISH	0.07580183552844184	0.1613010178719248
262	FISH	0.032542695956570764	0.12858395278453827
323	FISH	0.008646679776055472	0.06642003463847297
750	FISH	0.03536430985799858	0.13143042368548258
753	FISH	0.039913161524704525	0.12910029079232896
962	FISH	0.019607287033327987	0.08786507908787046
5862	FISH	0.10782237723469734	0.2739397031920297
5962	FISH	0.09831539967230388	0.24407711625099182
6274	FISH	0.059999286596264155	0.17298470437526703
6322	FISH	0.0856109799018928	0.22039191211972917
6669	FISH	0.0011537520747099603	0.05788768934352057
7137	FISH	0.06826224497386388	0.18252548575401306
15654	FISH	0.1423670475238136	0.3235141932964325
62089	FISH	0.08852555283478328	0.1964169293642044
853433	FISH	0.04413618706166744	0.14563552609511785
5371102	FISH	0.05096585010843618	0.1777936965227127
10857465	FISH	0.008662955569369453	0.01985214597412518
180	GARLIC	0.06950871885887214	0.2660276549203055
264	GARLIC	0.08172140536563736	0.33306888171604704
702	GARLIC	0.10425230754273278	0.3212020141737802
1031	GARLIC	0.10521874576807022	0.32304357630865915
3102	GARLIC	0.040594430906432014	0.19406973038400924
3314	GARLIC	0.04625324000205312	0.1974851063319615
6506	GARLIC	0.06661946805460113	0.2643312620265143
6544	GARLIC	0.01826146032129015	0.17342934225286757
6561	GARLIC	0.07058609489883695	0.27065383536475046
7092	GARLIC	0.035607377865484784	0.1865341386624745
7302	GARLIC	0.048735883619104116	0.22467002272605896
7476	GARLIC	0.014702163636684418	0.14175185986927577
7559	GARLIC	0.03716043382883072	0.16044814671788896
7657	GARLIC	0.06311853336436409	0.24516217410564423
7770	GARLIC	0.014924587947981698	0.14059659732239588
7793	GARLIC	0.025552852345364436	0.14851347037724086
7797	GARLIC	-0.008593314992530006	0.1165148275239127
8025	GARLIC	0.09361402583973748	0.27890798449516296
8049	GARLIC	0.06261788574712616	0.25723843702248167
8094	GARLIC	0.08315320472632136	0.27206859418324064
8419	GARLIC	0.003388315306178161	0.1158045061997005
8438	GARLIC	0.014668828940817289	0.16457528940268926
8468	GARLIC	0.03246657497116497	0.21233685740402766
8815	GARLIC	0.0675051100552082	0.25254554407937185
8878	GARLIC	-0.0016999848719154085	0.14501061396939413
9012	GARLIC	0.3133192551987512	0.5560540982655117
10886	GARLIC	0.043575942782419066	0.20212485109056746
11567	GARLIC	-0.0037713181227445602	0.12070125713944435
12020	GARLIC	0.062165667435952594	0.27290767431259155
12265	GARLIC	0.08060358517936297	0.2885134220123291
12377	GARLIC	0.4658201166561672	0.6906896233558655
16537	GARLIC	0.0430626959672996	0.19101823014872416
17898	GARLIC	0.07332970255187579	0.3029224489416395
18467	GARLIC	0.062001822250229974	0.2736226831163679
21363	GARLIC	0.04115446869816099	0.23646203322069986
27440	GARLIC	0.17745195861373628	0.42528188654354643
31219	GARLIC	0.01585110223719052	0.16184959879943303
31276	GARLIC	0.021995149286729947	0.16741568275860377
31283	GARLIC	0.07593608115400587	0.28610832350594656
60998	GARLIC	0.030870613242898668	0.19961333061967576
61523	GARLIC	0.0820550120302609	0.2523152679204941
62351	GARLIC	0.30387070029973984	0.5362920079912458
62465	GARLIC	0.07820092460938863	0.24740309800420487
251531	GARLIC	0.02300234990460532	0.17623387702873775
440917	GARLIC	0.03257668151387146	0.18869784048625401
637758	GARLIC	0.008170091414025851	0.16138138728482382
1549025	GARLIC	0.04797894135117531	0.2283355806555067
2733294	GARLIC	0.013947500182049615	0.16121492854186467
5281167	GARLIC	0.07152774238160678	0.25397055063928875
5281168	GARLIC	0.07384191985641207	0.2614719122648239
5318599	GARLIC	0.04889098608068058	0.20214049092360906
5352837	GARLIC	0.0612738026039941	0.2247199181999479
5364231	GARLIC	0.056450571066566875	0.18012383580207825
262	GARLIC	0.05618550202676228	0.2352688546691622
323	GARLIC	0.0018256567418575287	0.14102516323328018
750	GARLIC	0.05783766454883984	0.2624290351356779
753	GARLIC	0.060842291585036685	0.23719730334622519
962	GARLIC	0.03346923525844302	0.19408561502184188
5862	GARLIC	0.14353027141519956	0.37353330850601196
5962	GARLIC	0.08548160748822349	0.3061301750796182
6274	GARLIC	0.0677873928632055	0.2832865629877363
6322	GARLIC	0.08708676003984042	0.314017470393862
6669	GARLIC	0.020473447096134936	0.18519383668899536
7137	GARLIC	0.043878265257392614	0.19512619503906795
15654	GARLIC	0.18604243227413722	0.43018037932259695
62089	GARLIC	0.06578926635640008	0.2709697548832212
853433	GARLIC	0.03804989930774484	0.17450617253780365
5371102	GARLIC	0.05536356142589024	0.22618232241698674
10857465	GARLIC	0.008954537234136037	0.15717266287122453
180	SPICES	0.16401358161653792	0.37086562173707144
264	SPICES	0.10337842149393899	0.28548976353236605
702	SPICES	0.20211899706295558	0.419875259910311
1031	SPICES	0.18291960869516646	0.39413864271981375
3102	SPICES	0.10519955413682121	0.2846618379865374
3314	SPICES	0.4248777713094439	0.6310594933373588
6506	SPICES	0.1567232949393136	0.3733658364840916
6544	SPICES	0.157840296626091	0.34616791776248385
6561	SPICES	0.13013870694807597	0.3080451914242336
7092	SPICES	0.29668339235442026	0.5202729403972626
7302	SPICES	0.15088624826499394	0.34887500745909555
7476	SPICES	0.1778904369899205	0.4294921670641218
7559	SPICES	0.11290522558348519	0.3479281280721937
7657	SPICES	0.11476857108729226	0.31212526985577177
7770	SPICES	0.08147387100117547	0.3112523598330362
7793	SPICES	0.10079669845955712	0.2958332172461918
7797	SPICES	0.11981517502239772	0.36116643462862286
8025	SPICES	0.16752196635518754	0.36382737330027987
8049	SPICES	0.11808122375181743	0.30175903865269255
8094	SPICES	0.13018900156021118	0.3126170975821359
8419	SPICES	0.20893664019448416	0.4649802361215864
8438	SPICES	0.19997074135712214	0.4282514750957489
8468	SPICES	0.2201695740222931	0.4495172032288143
8815	SPICES	0.3364936113357544	0.5332143221582685
8878	SPICES	0.10612477894340243	0.35251909494400024
9012	SPICES	0.21552975475788116	0.43228958334241596
10886	SPICES	0.13146710502249853	0.3371177613735199
11567	SPICES	0.10691826045513153	0.2948806200708662
12020	SPICES	0.1347695706146104	0.3180795780250004
12265	SPICES	0.14969478121825627	0.3399139940738678
12377	SPICES	0.3281585829598563	0.5390136241912842
16537	SPICES	0.1516225359269551	0.34675408261162893
17898	SPICES	0.16005498383726394	0.3527729426111494
18467	SPICES	0.14670270255633763	0.33723069514547077
21363	SPICES	0.09091173325266157	0.305936336517334
27440	SPICES	0.18848299980163574	0.38963901145117624
31219	SPICES	0.11088486335107259	0.3286340577261789
31276	SPICES	0.08848839891808373	0.290519118309021
31283	SPICES	0.1360231882759503	0.33724853822163176
60998	SPICES	0.10008873471191951	0.31996542641094755
61523	SPICES	0.1019282117486	0.29372028367859976
62351	SPICES	0.2947526616709573	0.5030197714056287
62465	SPICES	0.3972043054444449	0.6139301998274667
251531	SPICES	0.10119547162737165	0.26128512620925903
440917	SPICES	0.2948706831250872	0.4813652847494398
637758	SPICES	0.15692814971719468	0.3913335587297167
1549025	SPICES	0.11042916881186622	0.2878743963582175
2733294	SPICES	0.08898570494992393	0.3099247174603598
5281167	SPICES	0.1597500400883811	0.3533045266355787
5281168	SPICES	0.1241933171238218	0.3077836547579084
5318599	SPICES	0.12599068241459982	0.3187204471656254
5352837	SPICES	0.1550786175898143	0.3493743453707014
5364231	SPICES	0.15223574212619237	0.3530359949384417
262	SPICES	0.1593207067676953	0.3604803170476641
323	SPICES	0.2539521796362741	0.4889304297310965
750	SPICES	0.16611887301717485	0.3882264367171696
753	SPICES	0.19612437273774827	0.4128581328051431
962	SPICES	0.14555899798870087	0.3430596547467368
5862	SPICES	0.18293209373950958	0.40230497292109896
5962	SPICES	0.1224783786705562	0.3219637189592634
6274	SPICES	0.14942423573562078	0.3642955337251936
6322	SPICES	0.13561531688485826	0.34690109746796743
6669	SPICES	0.1196293756365776	0.30531661425318035
7137	SPICES	0.3924770568098341	0.6101357681410653
15654	SPICES	0.23098074325493403	0.4553152918815613
62089	SPICES	0.11435046259846006	0.30057661873953684
853433	SPICES	0.44098771044186186	0.6566128305026463
5371102	SPICES	0.14343806036881038	0.3323893334184374
10857465	SPICES	0.12524999678134918	0.42203319498470854
180	COLD	0.26954796058791025	0.4323268575327737
264	COLD	0.18043601512908936	0.3088603488036564
702	COLD	0.25621301787240164	0.4092413101877485
1031	COLD	0.2423370714698519	0.392127982207707
3102	COLD	0.27522975632122587	0.4341787227562496
3314	COLD	0.2651367059775761	0.448924366916929
6506	COLD	0.3147599867412022	0.4605804852076939
6544	COLD	0.34040145788873943	0.5118841273444039
6561	COLD	0.2337730292763029	0.37601713623319355
7092	COLD	0.30752832548958914	0.5147192478179932
7302	COLD	0.28054648637771606	0.4362408901963915
7476	COLD	0.34122298445020405	0.563186764717102
7559	COLD	0.3132441427026476	0.5164068554128919
7657	COLD	0.25633014525685993	0.3989908993244171
7770	COLD	0.2854897507599422	0.4885116602693285
7793	COLD	0.34700981208256315	0.5284838463578906
7797	COLD	0.27980553252356394	0.5030574245112283
8025	COLD	0.22788352412836893	0.3722330204078129
8049	COLD	0.27092157517160687	0.4101967087813786
8094	COLD	0.21943083831242152	0.37720061200005667
8419	COLD	0.2169170549937657	0.41279758300100056
8438	COLD	0.2980236666543143	0.4953706477369581
8468	COLD	0.32393118739128113	0.49979073660714285
8815	COLD	0.23535400416169847	0.4245597038950239
8878	COLD	0.26422442282949177	0.47170814871788025
9012	COLD	0.14854041274104798	0.2702382951974869
10886	COLD	0.27668855019978117	0.4375384535108294
11567	COLD	0.4320166621889387	0.6047988363674709
12020	COLD	0.23908057596002305	0.3828919402190617
12265	COLD	0.22988590598106384	0.3911939093044826
12377	COLD	0.20814066699572972	0.3225216737815312
16537	COLD	0.36109147327286856	0.5166226625442505
17898	COLD	0.16659423815352575	0.354020608322961
18467	COLD	0.22339385322162084	0.3971197136810848
21363	COLD	0.2037832055773054	0.35505663071359905
27440	COLD	0.13218762619154795	0.2889519951173237
31219	COLD	0.28781583479472567	0.49828533615384785
31276	COLD	0.31258250560079304	0.5010251743452889
31283	COLD	0.19363337542329515	0.33424716336386545
60998	COLD	0.2562165600912912	0.42696613499096464
61523	COLD	0.30174900378499714	0.47555876629693167
62351	COLD	0.1626702014889036	0.29710190636771067
62465	COLD	0.19075375156743185	0.35374834707805086
251531	COLD	0.2996489405632019	0.48114047731672016
440917	COLD	0.5205129895891462	0.6327023421015058
637758	COLD	0.239160350390843	0.45313299553734915
1549025	COLD	0.18893579712935857	0.36008797373090473
2733294	COLD	0.2584214189222881	0.45607451030186247
5281167	COLD	0.2561483255454472	0.4135899543762207
5281168	COLD	0.2210696084158761	0.3802354080336435
5318599	COLD	0.311098575592041	0.4820845510278429
5352837	COLD	0.28124986376081196	0.44897583552769255
5364231	COLD	0.25878541597298216	0.4045181615012033
262	COLD	0.33155006170272827	0.4825667611190251
323	COLD	0.3262524562222617	0.5308102411883218
750	COLD	0.26930809020996094	0.41817364948136465
753	COLD	0.34407993299620493	0.501647195645741
962	COLD	0.35898095795086454	0.5154785215854645
5862	COLD	0.20549784174987248	0.34274652174540926
5962	COLD	0.2373001469033105	0.38984156932149616
6274	COLD	0.32510473898478914	0.47400803225381033
6322	COLD	0.291086026600429	0.43982534749167307
6669	COLD	0.23366616666316986	0.3861427434853145
7137	COLD	0.20976052113941737	0.43266763005937847
15654	COLD	0.11572253810507911	0.24330974902425492
62089	COLD	0.2262011958020074	0.38427564927509855
853433	COLD	0.2529146202972957	0.4645859897136688
5371102	COLD	0.3259198452745165	0.48962237579481943
10857465	COLD	0.2920600473880768	0.47875278762408663
180	SOUR	0.2501317730971745	0.48186824577195303
264	SOUR	0.6494640452521188	0.8077391982078552
702	SOUR	0.24835968230451858	0.475231979574476
1031	SOUR	0.2832197610821043	0.5209364763328007
3102	SOUR	0.24670874433858053	0.49260747006961275
3314	SOUR	0.16337548622063228	0.310550685439791
6506	SOUR	0.255072574530329	0.4894511784826006
6544	SOUR	0.2405944381441389	0.44102122102464947
6561	SOUR	0.3632428305489676	0.5940750454153333
7092	SOUR	0.1622727108853204	0.3542126544884273
7302	SOUR	0.25183659366198946	0.4927439476762499
7476	SOUR	0.15029434646878922	0.3627831978457315
7559	SOUR	0.2398515386240823	0.4533197454043797
7657	SOUR	0.2808396433080946	0.5312960190432412
7770	SOUR	0.2748795747756958	0.5170913721833911
7793	SOUR	0.15136995485850743	0.38973029596464975
7797	SOUR	0.19926288723945618	0.4525480440684727
8025	SOUR	0.2727630691868918	0.5100252245153699
8049	SOUR	0.2567724074636187	0.4884248120444162
8094	SOUR	0.4602136186191014	0.6804322515215192
8419	SOUR	0.09380366546767098	0.30461442470550537
8438	SOUR	0.14096760962690627	0.33698957732745577
8468	SOUR	0.17050915317875998	0.3614119717053005
8815	SOUR	0.19367909005710057	0.42204911368233816
8878	SOUR	0.1967822781630925	0.4473217470305307
9012	SOUR	0.41066042866025654	0.6973734668322972
10886	SOUR	0.20314362858022963	0.4433848943029131
11567	SOUR	0.19297108054161072	0.4131460615566799
12020	SOUR	0.2818957141467503	0.5328405244009835
12265	SOUR	0.25313430598803927	0.4922943753855569
12377	SOUR	0.45476982848984854	0.7388750570161002
16537	SOUR	0.20232571235724858	0.40404817887714933
17898	SOUR	0.27183603388922556	0.539114773273468
18467	SOUR	0.2523346415587834	0.49710894908223835
21363	SOUR	0.47465539404324125	0.6577436753681728
27440	SOUR	0.36038500496319364	0.6142440182822091
31219	SOUR	0.1976790577173233	0.4302345982619694
31276	SOUR	0.24106858457837785	0.5016739921910423
31283	SOUR	0.22115326992103032	0.44588817017418997
60998	SOUR	0.22525078696863993	0.4421596186501639
61523	SOUR	0.2759234181472233	0.5250864539827619
62351	SOUR	0.356877863407135	0.6337688394955227
62465	SOUR	0.1870126106909343	0.4071739784308842
251531	SOUR	0.18852379492350987	0.4168317828859602
440917	SOUR	0.19414384450231278	0.4196169929844992
637758	SOUR	0.1835756003856659	0.41883146337100435
1549025	SOUR	0.23059664028031485	0.4582293587071555
2733294	SOUR	0.26258779636451174	0.499949757541929
5281167	SOUR	0.31635998828070505	0.547818831035069
5281168	SOUR	0.46209479229790823	0.6684244785990033
5318599	SOUR	0.30311213220868793	0.5234745400292533
5352837	SOUR	0.2757997385093144	0.5068720153399876
5364231	SOUR	0.23491754276411875	0.4598242257322584
262	SOUR	0.21807846001216344	0.4525924154690334
323	SOUR	0.14963775873184204	0.34176212549209595
750	SOUR	0.2053350337914058	0.4095015525817871
753	SOUR	0.20378695854118892	0.42504160744803293
962	SOUR	0.1660933026245662	0.38547107577323914
5862	SOUR	0.2844768294266292	0.5305395339216504
5962	SOUR	0.35492112806865145	0.5871248756136213
6274	SOUR	0.25360982758658274	0.4960448741912842
6322	SOUR	0.2989456525870732	0.5471865790230888
6669	SOUR	0.16321526893547603	0.34294307231903076
7137	SOUR	0.13175297102757863	0.35415856753076824
15654	SOUR	0.27817869186401367	0.5654542573860714
62089	SOUR	0.4541324291910444	0.6565600548471723
853433	SOUR	0.125246847314494	0.298643239906856
5371102	SOUR	0.21629143399851664	0.447447338274547
10857465	SOUR	0.17938740977219172	0.40209533061300007
180	BURNT	0.07923710213175841	0.3158835300377437
264	BURNT	0.08389445447496005	0.3253229004996164
702	BURNT	0.053685338369437625	0.26936557250363485
1031	BURNT	0.05714884613241468	0.2732084648949759
3102	BURNT	0.10794845862048012	0.330251544713974
3314	BURNT	0.09951633960008621	0.35124252097947256
6506	BURNT	0.0749037457363946	0.2994687131472996
6544	BURNT	0.08197244256734848	0.30098067436899456
6561	BURNT	0.09779404476284981	0.3507495905671801
7092	BURNT	0.11726627818175725	0.3467878614153181
7302	BURNT	0.13757583126425743	0.3815583288669586
7476	BURNT	0.08846843668392726	0.29152211121150423
7559	BURNT	0.07998046012861389	0.25605413743427824
7657	BURNT	0.12307851974453245	0.36225530079432894
7770	BURNT	0.040892643587929864	0.18410677782126836
7793	BURNT	0.042927617739353864	0.25979186807359966
7797	BURNT	0.047226340376905034	0.2347313357251031
8025	BURNT	0.062489252271396775	0.2701497695275715
8049	BURNT	0.11035458850009101	0.3507486879825592
8094	BURNT	0.1980415497507368	0.4959389056478228
8419	BURNT	0.05546393112412521	0.2208608921085085
8438	BURNT	0.07185791326420647	0.25498418722833904
8468	BURNT	0.07396918801324708	0.2989398879664285
8815	BURNT	0.12533687693732126	0.3875586518219539
8878	BURNT	0.04579817237598555	0.21253042348793574
9012	BURNT	0.2831837705203465	0.567848231111254
10886	BURNT	0.0718159515942846	0.29345832977976116
11567	BURNT	0.14023413828441075	0.3780001146452768
12020	BURNT	0.09864538908004761	0.34659329056739807
12265	BURNT	0.11234734313828605	0.3681313416787556
12377	BURNT	0.16828382121665136	0.4668974450656346
16537	BURNT	0.04660126513668469	0.25057104229927063
17898	BURNT	0.28509697530950817	0.6095377717699323
18467	BURNT	0.2115832439490727	0.504610755613872
21363	BURNT	0.13292748693908965	0.3842296983514513
27440	BURNT	0.3162470353501184	0.6616441011428833
31219	BURNT	0.07711581992251533	0.26346515331949505
31276	BURNT	0.0640724663223539	0.24751768367631094
31283	BURNT	0.15843363531998225	0.44227525166102816
60998	BURNT	0.06324406447155136	0.24331810431821005
61523	BURNT	0.08143934394632067	0.34732185517038616
62351	BURNT	0.1772165069622653	0.44245702454022
62465	BURNT	0.2296424742255892	0.5434355139732361
251531	BURNT	0.056203787348100116	0.24448214684213912
440917	BURNT	0.060333198202507834	0.2559388301202229
637758	BURNT	0.04106866169188704	0.21066977935177938
1549025	BURNT	0.11255639046430588	0.3705146184989384
2733294	BURNT	0.049373881093093326	0.28053043144089834
5281167	BURNT	0.09525646269321442	0.33673172337668283
5281168	BURNT	0.14967732557228633	0.4263271178518023
5318599	BURNT	0.14182828153882707	0.39412420988082886
5352837	BURNT	0.12933522249971116	0.367836662701198
5364231	BURNT	0.09015044463532311	0.30592674016952515
262	BURNT	0.06450772870864187	0.2717680824654443
323	BURNT	0.1343460561973708	0.3636259606906346
750	BURNT	0.10960452631115913	0.34248885938099455
753	BURNT	0.06354829456124987	0.2586916812828609
962	BURNT	0.05698185307638986	0.26625682626451763
5862	BURNT	0.17145588674715587	0.4264575072697231
5962	BURNT	0.1682301802294595	0.420821556023189
6274	BURNT	0.11188758803265435	0.35778263211250305
6322	BURNT	0.1228892771261079	0.3761784178870065
6669	BURNT	0.09558455326727458	0.3363006498132433
7137	BURNT	0.10155682585069112	0.315750994852611
15654	BURNT	0.3347916858536856	0.6616987671170916
62089	BURNT	0.17080045172146388	0.49473025117601666
853433	BURNT	0.09332452820880073	0.3293714438165937
5371102	BURNT	0.07947863691619464	0.28595533115523203
10857465	BURNT	0.08280684798955917	0.23770054110458919
180	ACID	0.23211332836321422	0.44315795387540546
264	ACID	0.22475955954619817	0.4196657453264509
702	ACID	0.16528363632304327	0.37412388409887043
1031	ACID	0.18426760924713953	0.3921660738331931
3102	ACID	0.2874937355518341	0.5085406303405762
3314	ACID	0.15121032297611237	0.31611285890851704
6506	ACID	0.16252941957541875	0.3810862643378122
6544	ACID	0.29287777628217426	0.5034577974251339
6561	ACID	0.33274451962539126	0.5304369415555682
7092	ACID	0.1901847698858806	0.3680392716612135
7302	ACID	0.2996810036046164	0.4924397255693163
7476	ACID	0.2207643070391246	0.42635585154805866
7559	ACID	0.24431511759757996	0.4658725219113486
7657	ACID	0.30214706489018034	0.5174724374498639
7770	ACID	0.19375111162662506	0.43284137334142414
7793	ACID	0.2101616199527468	0.4408709832600185
7797	ACID	0.10733925976923533	0.32248642827783314
8025	ACID	0.2301565068108695	0.430107980966568
8049	ACID	0.17038835797991073	0.3821337989398411
8094	ACID	0.34198290961129324	0.5526295730045864
8419	ACID	0.045840387365647724	0.22868424228259496
8438	ACID	0.12338013627699443	0.31685351048197063
8468	ACID	0.17206628833498275	0.3677574609007154
8815	ACID	0.20986476114818028	0.41007712483406067
8878	ACID	0.09622051353965487	0.3141140895230429
9012	ACID	0.29301062652042936	0.5277219457285744
10886	ACID	0.17535154627902166	0.3922675166811262
11567	ACID	0.48198080488613676	0.6924799169812884
12020	ACID	0.3216091330562319	0.546334479536329
12265	ACID	0.26089845171996523	0.48556614773614065
12377	ACID	0.2903403810092381	0.549833915063313
16537	ACID	0.22544508959565843	0.4103609323501587
17898	ACID	0.25529110218797413	0.48690651995795114
18467	ACID	0.26257299738270895	0.48633977345057894
21363	ACID	0.3261893221310207	0.5121220179966518
27440	ACID	0.2834504246711731	0.5397515296936035
31219	ACID	0.23534052286829268	0.45314280475888935
31276	ACID	0.33509298307555063	0.5962365354810443
31283	ACID	0.14733612643820898	0.3594154417514801
60998	ACID	0.18344029997076308	0.3782187061650412
61523	ACID	0.2795865961483547	0.5118371886866433
62351	ACID	0.20303315137113845	0.45107063225337435
62465	ACID	0.23204453928130014	0.4350798215184893
251531	ACID	0.21347132750919887	0.43310866185597013
440917	ACID	0.375611275434494	0.5550936503069741
637758	ACID	0.13900428797517503	0.33520062480654034
1549025	ACID	0.17135187983512878	0.3649506058011736
2733294	ACID	0.16025785676070622	0.381452488047736
5281167	ACID	0.22593071843896592	0.44814829741205486
5281168	ACID	0.32256844639778137	0.5446473445211139
5318599	ACID	0.30145532744271414	0.5368232982499259
5352837	ACID	0.2472490668296814	0.4776389854294913
5364231	ACID	0.1615810160126005	0.3229438875402723
262	ACID	0.2404189876147679	0.45737601603780476
323	ACID	0.25448331236839294	0.4260139380182539
750	ACID	0.13545935494559153	0.3332867366927011
753	ACID	0.18095456063747406	0.3927583694458008
962	ACID	0.18697224344526017	0.3978362594332014
5862	ACID	0.15832280474049704	0.35622625265802654
5962	ACID	0.21293085174901144	0.4177995153835842
6274	ACID	0.1937629814658846	0.4164665256227766
6322	ACID	0.22212279907294682	0.44121913824762615
6669	ACID	0.13537005335092545	0.3280381092003414
7137	ACID	0.10796175684247698	0.2833378187247685
15654	ACID	0.20355723372527532	0.4218720240252359
62089	ACID	0.3750742929322379	0.5809703809874398
853433	ACID	0.140478820673057	0.29665949089186533
5371102	ACID	0.2987664214202336	0.505310424736568
10857465	ACID	0.20831548741885594	0.39989238551684786
180	WARM	0.26090540630476816	0.4344040197985513
264	WARM	0.32678815722465515	0.5763508677482605
702	WARM	0.24339049203055246	0.40889730198042734
1031	WARM	0.23239683040550776	0.40508114440100534
3102	WARM	0.25668770713465555	0.4749548137187958
3314	WARM	0.462848676102502	0.6228086267198835
6506	WARM	0.3065278061798641	0.48309224418231417
6544	WARM	0.23373697698116302	0.4356496674673898
6561	WARM	0.2650399250643594	0.4570057136671884
7092	WARM	0.3886119936193739	0.5843736614499774
7302	WARM	0.3057433451925005	0.4938627907208034
7476	WARM	0.3247418488774981	0.5353164502552578
7559	WARM	0.336064555815288	0.571847745350429
7657	WARM	0.2807591600077493	0.4958485279764448
7770	WARM	0.2995144171374185	0.5497433202607291
7793	WARM	0.30709891659872873	0.5287210771015712
7797	WARM	0.33294472098350525	0.5818721396582467
8025	WARM	0.23422805539199285	0.4236116111278534
8049	WARM	0.32963704637118746	0.508436701127461
8094	WARM	0.36151008946555	0.5746030552046639
8419	WARM	0.5470413139888218	0.7007608754294259
8438	WARM	0.40056176270757404	0.5910355959619794
8468	WARM	0.36752311672483173	0.5551390988486153
8815	WARM	0.3459743176187788	0.5218343308993748
8878	WARM	0.32708483934402466	0.560100576707295
9012	WARM	0.3736958461148398	0.59843019928251
10886	WARM	0.27798143454960417	0.4917204720633371
11567	WARM	0.27434979379177094	0.4768214225769043
12020	WARM	0.2350821431194033	0.4202799073287419
12265	WARM	0.24081985439573014	0.43464487365313936
12377	WARM	0.3303887035165514	0.5828676479203361
16537	WARM	0.2487661668232509	0.473836179290499
17898	WARM	0.4055598420756204	0.6157765899385724
18467	WARM	0.3495608014719827	0.5512304391179766
21363	WARM	0.30711706621306284	0.5266497773783547
27440	WARM	0.40259471109935213	0.646497096334185
31219	WARM	0.32119251574788776	0.557759702205658
31276	WARM	0.2802355672631945	0.5253430349486214
31283	WARM	0.4108564002173288	0.5789506179945809
60998	WARM	0.307339927979878	0.5431992752211434
61523	WARM	0.28168721922806333	0.5181855474199567
62351	WARM	0.33296502913747517	0.5276643548692975
62465	WARM	0.45236331650188993	0.6427215933799744
251531	WARM	0.2650169091565268	0.46711146405764986
440917	WARM	0.22678314362253463	0.39470192790031433
637758	WARM	0.312976462500436	0.5473714896610805
1549025	WARM	0.32463579944201876	0.5393180676868984
2733294	WARM	0.26845628023147583	0.515793868473598
5281167	WARM	0.29363820808274405	0.5147312836987632
5281168	WARM	0.33411008971078054	0.555742084980011
5318599	WARM	0.34127393790653776	0.5387228301593235
5352837	WARM	0.34569768394742695	0.540356457233429
5364231	WARM	0.31984118052891325	0.5276772209576198
262	WARM	0.24208794321332658	0.42038306168147493
323	WARM	0.41818155135427204	0.6255006279264178
750	WARM	0.36335210715021404	0.5389158725738525
753	WARM	0.30074696029935566	0.47105551617486136
962	WARM	0.3123625474316733	0.4956545829772949
5862	WARM	0.3473744179521288	0.5337106755801609
5962	WARM	0.32978086386408123	0.5267749513898577
6274	WARM	0.3183866654123579	0.5005889918122973
6322	WARM	0.27860142077718464	0.46926506076540264
6669	WARM	0.4368344375065395	0.6268754771777562
7137	WARM	0.49612583432878765	0.6837007403373718
15654	WARM	0.4623485377856663	0.6594100764819554
62089	WARM	0.3173709809780121	0.5217636099883488
853433	WARM	0.49700176290103365	0.6708377940314156
5371102	WARM	0.20660841252122605	0.4227084049156734
10857465	WARM	0.2796152127640588	0.496429158108575
180	MUSKY	0.23344093135425023	0.4772355428763798
264	MUSKY	0.6350136484418597	0.827304984842028
702	MUSKY	0.21069540509155818	0.44518048422677176
1031	MUSKY	0.25169222908360617	0.48691293597221375
3102	MUSKY	0.2758748403617314	0.5265243308884757
3314	MUSKY	0.12812390072005136	0.32935271518571035
6506	MUSKY	0.22029535472393036	0.4596341167177473
6544	MUSKY	0.2690740419285638	0.5180677899292537
6561	MUSKY	0.3322954263005938	0.5901853016444615
7092	MUSKY	0.1482091024518013	0.36010053753852844
7302	MUSKY	0.25111726352146696	0.4908419762338911
7476	MUSKY	0.1948420511824744	0.41914081147738863
7559	MUSKY	0.2170058786869049	0.444664580481393
7657	MUSKY	0.2837980389595032	0.5535715648106166
7770	MUSKY	0.16641808194773539	0.3694063595363072
7793	MUSKY	0.18419760997806275	0.43892026799065725
7797	MUSKY	0.08316726716501373	0.2865902930498123
8025	MUSKY	0.23610052253518785	0.4610000933919634
8049	MUSKY	0.22380963819367544	0.4827212691307068
8094	MUSKY	0.48878221000943867	0.7599659902708871
8419	MUSKY	0.12989137428147451	0.3358074937547956
8438	MUSKY	0.16060941985675267	0.37867851342473713
8468	MUSKY	0.16095817514828273	0.3766882504735674
8815	MUSKY	0.17080163104193552	0.4138184402670179
8878	MUSKY	0.10871720420462745	0.33863252827099394
9012	MUSKY	0.4019611520426614	0.7025941695485797
10886	MUSKY	0.16668260203940527	0.39532903262547087
11567	MUSKY	0.19257125684193202	0.4315388415540968
12020	MUSKY	0.25348979234695435	0.5182154434067863
12265	MUSKY	0.2580612983022417	0.5221033947808402
12377	MUSKY	0.37194197944232393	0.6996441738946098
16537	MUSKY	0.15114793820040567	0.35478271331105915
17898	MUSKY	0.3432160360472543	0.7040320123944964
18467	MUSKY	0.3016148166997092	0.6125506503241402
21363	MUSKY	0.5606351920536586	0.7990503651755196
27440	MUSKY	0.3974969174180712	0.7563891666276115
31219	MUSKY	0.14201005122491292	0.36908452425684246
31276	MUSKY	0.13591428101062775	0.36579983149256023
31283	MUSKY	0.2483972587755748	0.525436669588089
60998	MUSKY	0.25735290135656086	0.4941206957612719
61523	MUSKY	0.244445834841047	0.5209857055119106
62351	MUSKY	0.3213094600609371	0.6178151539393834
62465	MUSKY	0.24712708166667394	0.4972455714430128
251531	MUSKY	0.1765900765146528	0.4162958434649876
440917	MUSKY	0.11264744188104357	0.29065148532390594
637758	MUSKY	0.17580323134149825	0.40508974875722614
1549025	MUSKY	0.16336743640048162	0.39707698992320467
2733294	MUSKY	0.1506489643028804	0.3577953023569925
5281167	MUSKY	0.2592456021479198	0.5110325344971248
5281168	MUSKY	0.44300237723759245	0.6980030451502118
5318599	MUSKY	0.28645993982042584	0.5415862883840289
5352837	MUSKY	0.22528769075870514	0.4636834817273276
5364231	MUSKY	0.18222327104636601	0.39504862683159964
262	MUSKY	0.18211905019623892	0.41095955882753643
323	MUSKY	0.16098894604614802	0.3714542431490762
750	MUSKY	0.18566769574369704	0.4210060622010912
753	MUSKY	0.16012002527713776	0.3720113124166216
962	MUSKY	0.157684326171875	0.3876314716679709
5862	MUSKY	0.2689205003636224	0.5390426686831883
5962	MUSKY	0.36382234522274565	0.6048594628061567
6274	MUSKY	0.23447330721787044	0.4925320063318525
6322	MUSKY	0.28461246618202757	0.5371636833463397
6669	MUSKY	0.2219595525945936	0.4540491359574454
7137	MUSKY	0.15671604446002416	0.4155918615204947
15654	MUSKY	0.34733714376177105	0.6881523558071682
62089	MUSKY	0.5153052381106785	0.7544696075575692
853433	MUSKY	0.11001999144043241	0.33165475726127625
5371102	MUSKY	0.2133224116904395	0.4568910002708435
10857465	MUSKY	0.2567232293742044	0.48213592171669006
180	SWEATY	0.1324417633669717	0.3058546313217708
264	SWEATY	0.5405565074511937	0.7353636835302625
702	SWEATY	0.12826320422547205	0.29609433242252897
1031	SWEATY	0.17243835436446325	0.34952475343431744
3102	SWEATY	0.15269160270690918	0.33236037833350046
3314	SWEATY	0.05043910603438105	0.07179901536021914
6506	SWEATY	0.13013538239257677	0.2955746203660965
6544	SWEATY	0.14736908035618917	0.32570510676928927
6561	SWEATY	0.2298153383391244	0.436106162411826
7092	SWEATY	0.06070102431944439	0.13479669392108917
7302	SWEATY	0.1288914829492569	0.3109818824699947
7476	SWEATY	0.07733541460973876	0.21758173618997848
7559	SWEATY	0.12165602296590805	0.2924510879176004
7657	SWEATY	0.17438118372644698	0.37434902787208557
7770	SWEATY	0.11114661076239177	0.2530781158379146
7793	SWEATY	0.09091061992304665	0.24216376457895553
7797	SWEATY	0.048281650458063395	0.17487801611423492
8025	SWEATY	0.16420648566314153	0.3278985023498535
8049	SWEATY	0.13232028484344482	0.32890877553394865
8094	SWEATY	0.35244359714644297	0.5834879108837673
8419	SWEATY	0.04120223756347384	0.12199606852872032
8438	SWEATY	0.049259603555713384	0.15700260656220572
8468	SWEATY	0.0714286198573453	0.15680475107261113
8815	SWEATY	0.06205952167510986	0.17223133466073445
8878	SWEATY	0.050342969596385956	0.18952742431844985
9012	SWEATY	0.2706774260316576	0.5122847301619393
10886	SWEATY	0.09058685281447001	0.24894472530909947
11567	SWEATY	0.10276621580123901	0.2626791383538927
12020	SWEATY	0.16956925605024611	0.36849309291158405
12265	SWEATY	0.14892602179731643	0.3454990472112383
12377	SWEATY	0.23470259138516017	0.5175579019955227
16537	SWEATY	0.07537680491805077	0.17591104124273574
17898	SWEATY	0.16008598676749639	0.45504314984594074
18467	SWEATY	0.13863655179738998	0.37718810779707773
21363	SWEATY	0.45055282541683744	0.6234055927821568
27440	SWEATY	0.2309914571898324	0.5152412354946136
31219	SWEATY	0.0754303117947919	0.2184379462684904
31276	SWEATY	0.08092487816299711	0.22756434764180863
31283	SWEATY	0.1379881650209427	0.34558204242161344
60998	SWEATY	0.13928637972899846	0.3187010671411242
61523	SWEATY	0.15751639434269496	0.3505397524152483
62351	SWEATY	0.2071626739842551	0.44516758833612713
62465	SWEATY	0.08104200448308672	0.18145720660686493
251531	SWEATY	0.0854867451957294	0.22760271387440817
440917	SWEATY	0.03478342294692993	0.14949599227734975
637758	SWEATY	0.09100101249558586	0.24829682920660293
1549025	SWEATY	0.11672429633992058	0.2811950594186783
2733294	SWEATY	0.09705517068505287	0.27700755851609365
5281167	SWEATY	0.19186188919203623	0.38111549615859985
5281168	SWEATY	0.3384427896567753	0.5223166857446943
5318599	SWEATY	0.19779806477682932	0.38120743206569124
5352837	SWEATY	0.16529675040926253	0.33451641883168903
5364231	SWEATY	0.11261922653232302	0.2865789660385677
262	SWEATY	0.10338718124798366	0.2597553942884718
323	SWEATY	0.06463004701903888	0.14229638023035868
750	SWEATY	0.1110493934580258	0.2554700481040137
753	SWEATY	0.08568844199180603	0.20738014578819275
962	SWEATY	0.06687130353280477	0.2016985203538622
5862	SWEATY	0.19511241785117558	0.38050664748464313
5962	SWEATY	0.2746146704469408	0.47276841742651804
6274	SWEATY	0.13674874497311457	0.31285824945994783
6322	SWEATY	0.19447675773075648	0.3814250273363931
6669	SWEATY	0.08977247881037849	0.22516203139509475
7137	SWEATY	0.04079515753047807	0.1603494861296245
15654	SWEATY	0.18797272869518825	0.4656200579234532
62089	SWEATY	0.3819868734904698	0.6108266881534031
853433	SWEATY	0.026286565299545015	0.07064007967710495
5371102	SWEATY	0.09451484893049512	0.23562380884374892
10857465	SWEATY	0.10411890063967023	0.22818767385823385
180	AMMONIA/URINOUS	0.2370890017066683	0.40564873814582825
264	AMMONIA/URINOUS	0.4180592404944556	0.5801055303641728
702	AMMONIA/URINOUS	0.18714709047760283	0.37719014499868664
1031	AMMONIA/URINOUS	0.23255613765546254	0.4225147579397474
3102	AMMONIA/URINOUS	0.3368037257875715	0.49714258313179016
3314	AMMONIA/URINOUS	0.13471395415919168	0.28851266843932016
6506	AMMONIA/URINOUS	0.14296529229198182	0.3115036189556122
6544	AMMONIA/URINOUS	0.36887103744915556	0.5334496668406895
6561	AMMONIA/URINOUS	0.3702972573893411	0.5268385580607823
7092	AMMONIA/URINOUS	0.14610543847084045	0.31607918654169354
7302	AMMONIA/URINOUS	0.3057723641395569	0.4573559888771602
7476	AMMONIA/URINOUS	0.25251270617757526	0.39711587343897137
7559	AMMONIA/URINOUS	0.32331158433641705	0.4730102164404733
7657	AMMONIA/URINOUS	0.3717641702720097	0.5284633551325116
7770	AMMONIA/URINOUS	0.20594381434576853	0.36205453532082693
7793	AMMONIA/URINOUS	0.29510637692042757	0.45915729658944265
7797	AMMONIA/URINOUS	0.07757138993058886	0.1940610068184989
8025	AMMONIA/URINOUS	0.28456165535109385	0.4538544033254896
8049	AMMONIA/URINOUS	0.17265831998416356	0.330971645457404
8094	AMMONIA/URINOUS	0.4099785344941275	0.5480536563055856
8419	AMMONIA/URINOUS	0.09841435509068626	0.19466743511813028
8438	AMMONIA/URINOUS	0.14366366607802256	0.26650350434439524
8468	AMMONIA/URINOUS	0.15540194511413574	0.28645429015159607
8815	AMMONIA/URINOUS	0.18994548916816711	0.38234905685697285
8878	AMMONIA/URINOUS	0.07925869524478912	0.21324347385338374
9012	AMMONIA/URINOUS	0.4486858674458095	0.6245684283120292
10886	AMMONIA/URINOUS	0.17892164630549295	0.322641338620867
11567	AMMONIA/URINOUS	0.5040019409997123	0.6648774828229632
12020	AMMONIA/URINOUS	0.36675961528505596	0.5356921596186501
12265	AMMONIA/URINOUS	0.2984656734125955	0.4634428152016231
12377	AMMONIA/URINOUS	0.3920865910393851	0.5851328798702785
16537	AMMONIA/URINOUS	0.219294758779662	0.3554593452385494
17898	AMMONIA/URINOUS	0.316587290593556	0.48808279633522034
18467	AMMONIA/URINOUS	0.2925767259938376	0.4506200339112963
21363	AMMONIA/URINOUS	0.5242730464254107	0.657125609261649
27440	AMMONIA/URINOUS	0.3881051880972726	0.5785645757402692
31219	AMMONIA/URINOUS	0.22007333167961665	0.37720739415713717
31276	AMMONIA/URINOUS	0.3020650829587664	0.4882706616606031
31283	AMMONIA/URINOUS	0.1281738824078015	0.3045214648757662
60998	AMMONIA/URINOUS	0.2927254629986627	0.4361822349684579
61523	AMMONIA/URINOUS	0.34616007123674664	0.5178969843047005
62351	AMMONIA/URINOUS	0.29714893443243845	0.4990479052066803
62465	AMMONIA/URINOUS	0.2913845564637865	0.44582323517118183
251531	AMMONIA/URINOUS	0.19296365124838694	0.3740690052509308
440917	AMMONIA/URINOUS	0.3386747070721218	0.44229803340775625
637758	AMMONIA/URINOUS	0.1891956478357315	0.33846256136894226
1549025	AMMONIA/URINOUS	0.1974427444594247	0.35969426802226473
2733294	AMMONIA/URINOUS	0.17086038632052286	0.30699482773031506
5281167	AMMONIA/URINOUS	0.28765330782958437	0.42264048968042645
5281168	AMMONIA/URINOUS	0.40023301754678997	0.5121823421546391
5318599	AMMONIA/URINOUS	0.3581194749900273	0.4919376117842538
5352837	AMMONIA/URINOUS	0.30114179849624634	0.4295702704361507
5364231	AMMONIA/URINOUS	0.156502651316779	0.24408060950892313
262	AMMONIA/URINOUS	0.2522546404174396	0.4216055912630899
323	AMMONIA/URINOUS	0.23474019127232687	0.36687787090029034
750	AMMONIA/URINOUS	0.13747649639844894	0.3095934135573251
753	AMMONIA/URINOUS	0.1747937649488449	0.339223040001733
962	AMMONIA/URINOUS	0.15075035393238068	0.3019581011363438
5862	AMMONIA/URINOUS	0.2311572421874319	0.4180067607334682
5962	AMMONIA/URINOUS	0.2983457275799343	0.46668753027915955
6274	AMMONIA/URINOUS	0.18088214099407196	0.34797742537089754
6322	AMMONIA/URINOUS	0.24455099872180394	0.4161060793059213
6669	AMMONIA/URINOUS	0.10329788071768624	0.21380049628870829
7137	AMMONIA/URINOUS	0.17201278890882218	0.3310153697218214
15654	AMMONIA/URINOUS	0.2839006504842213	0.4881934268133981
62089	AMMONIA/URINOUS	0.4817736532006945	0.6087125965527126
853433	AMMONIA/URINOUS	0.1364227416259902	0.29144401635442463
5371102	AMMONIA/URINOUS	0.28951879484312876	0.43671094945498873
10857465	AMMONIA/URINOUS	0.2460108825138637	0.45125351207596914
180	DECAYED	0.07569707717214312	0.3125531417982919
264	DECAYED	0.26342323635305676	0.6347618528774807
702	DECAYED	0.06397232413291931	0.31068800176892963
1031	DECAYED	0.08635881223848887	0.34832114832741873
3102	DECAYED	0.07325701628412519	0.31511772530419485
3314	DECAYED	0.049669581332377026	0.24733091677938188
6506	DECAYED	0.07444691764456886	0.2921318880149296
6544	DECAYED	0.0820567256637982	0.33309667451041086
6561	DECAYED	0.1281336886542184	0.41013037306921823
7092	DECAYED	0.05250314889209611	0.2390900126525334
7302	DECAYED	0.07576251455715724	0.32118740677833557
7476	DECAYED	0.06176861748099327	0.2605165072849819
7559	DECAYED	0.09622707430805479	0.3259250351360866
7657	DECAYED	0.09609390688793999	0.35545970712389263
7770	DECAYED	0.07617030824933733	0.3265263821397509
7793	DECAYED	0.05041462369263172	0.21501206713063375
7797	DECAYED	0.04835482048136847	0.27623456716537476
8025	DECAYED	0.07966032092060361	0.3541743414742606
8049	DECAYED	0.06447600520082883	0.2971681909901755
8094	DECAYED	0.1925814300775528	0.4942274902548109
8419	DECAYED	0.028831492311188152	0.14970940670796803
8438	DECAYED	0.04163030721247196	0.20623076174940383
8468	DECAYED	0.04888900316187313	0.22318959661892482
8815	DECAYED	0.06111782203827586	0.3015460414545877
8878	DECAYED	0.043305459299257824	0.2596641055175236
9012	DECAYED	0.26115383420671734	0.6288108399936131
10886	DECAYED	0.051936088395970206	0.306925573519298
11567	DECAYED	0.07280586926000458	0.3294016420841217
12020	DECAYED	0.09733550782714571	0.3691955166203635
12265	DECAYED	0.07790902469839368	0.3473122843674251
12377	DECAYED	0.2779335784060614	0.6740236026900155
16537	DECAYED	0.043077384786946435	0.1986495405435562
17898	DECAYED	0.13339486505304063	0.4545364124434335
18467	DECAYED	0.09797828325203486	0.37132085646901813
21363	DECAYED	0.20592493670327322	0.5197228917053768
27440	DECAYED	0.2239865650023733	0.6159617517675672
31219	DECAYED	0.061411279652799876	0.2752512735979898
31276	DECAYED	0.07465594687632152	0.3293477807726179
31283	DECAYED	0.0463237746485642	0.2682540033544813
60998	DECAYED	0.07315527434859957	0.31115654536655973
61523	DECAYED	0.09289831348827907	0.33680892842156546
62351	DECAYED	0.19014265175376618	0.5322648669992175
62465	DECAYED	0.08117823249527387	0.34853016478674753
251531	DECAYED	0.040296428969928196	0.23652877339294978
440917	DECAYED	0.03828469890036753	0.20440298318862915
637758	DECAYED	0.0618805784199919	0.28513732126780916
1549025	DECAYED	0.05119913284267698	0.2546088056904929
2733294	DECAYED	0.06331339052745275	0.35034272500446867
5281167	DECAYED	0.1201210053903716	0.40730761204447063
5281168	DECAYED	0.18851739593914577	0.4864132361752646
5318599	DECAYED	0.11066924035549164	0.37134656735828947
5352837	DECAYED	0.10929181213889803	0.3608586660453251
5364231	DECAYED	0.08094458494867597	0.32896855047770907
262	DECAYED	0.06548583507537842	0.29791695731026785
323	DECAYED	0.04422034961836679	0.21843834008489335
750	DECAYED	0.05724262286509786	0.25790558968271526
753	DECAYED	0.05858801677823067	0.26589503458568026
962	DECAYED	0.05040739689554487	0.22807035914489202
5862	DECAYED	0.13708088440554483	0.40666705795696806
5962	DECAYED	0.14842343862567628	0.41549865688596455
6274	DECAYED	0.07873804547957011	0.293719755751746
6322	DECAYED	0.10812050955636161	0.3558089690549033
6669	DECAYED	0.027348538860678673	0.19534287282398768
7137	DECAYED	0.07639233980860029	0.2725288144179753
15654	DECAYED	0.1648735904267856	0.5102384601320539
62089	DECAYED	0.1814829068524497	0.47001568760190693
853433	DECAYED	0.05115113939557757	0.24540787083762033
5371102	DECAYED	0.06493490881153516	0.30195377128464834
10857465	DECAYED	0.09802550769277982	0.34442621043750216
180	WOOD	0.24598281511238643	0.3961470638002668
264	WOOD	0.10921915407691683	0.22114071462835586
702	WOOD	0.1757397343005453	0.2928263247013092
1031	WOOD	0.15244873293808528	0.2690021012510572
3102	WOOD	0.17358349689415523	0.34417363149779184
3314	WOOD	0.22932827259813035	0.3953310889857156
6506	WOOD	0.2757455089262554	0.4221393551145281
6544	WOOD	0.21789298738752091	0.44394926513944355
6561	WOOD	0.1936217738049371	0.33938699534961153
7092	WOOD	0.21071170483316695	0.386460542678833
7302	WOOD	0.2590172014066151	0.4129400338445391
7476	WOOD	0.21035038360527583	0.3643921400819506
7559	WOOD	0.1319610040102686	0.2737534386771066
7657	WOOD	0.17320661885397776	0.3454909792968205
7770	WOOD	0.05831511691212654	0.15785669535398483
7793	WOOD	0.18660548329353333	0.3702815898827144
7797	WOOD	0.0842385504926954	0.21372651628085546
8025	WOOD	0.10584649230752673	0.20340043944971903
8049	WOOD	0.23108431484018052	0.3971222937107086
8094	WOOD	0.359166932957513	0.5800707595688956
8419	WOOD	0.1596678708280836	0.31855757321630207
8438	WOOD	0.19712760618754796	0.3581312596797943
8468	WOOD	0.22007385322025844	0.3535229648862566
8815	WOOD	0.2509269416332245	0.4238909184932709
8878	WOOD	0.10272002965211868	0.23175262127603805
9012	WOOD	0.17343290682349885	0.3346029690333775
10886	WOOD	0.18910070828029088	0.3331379805292402
11567	WOOD	0.18641105932848795	0.34525385073253084
12020	WOOD	0.16617562408958161	0.3442888557910919
12265	WOOD	0.22101292652743204	0.3915389691080366
12377	WOOD	0.12689512808408057	0.29718467593193054
16537	WOOD	0.1676518108163561	0.3404183217457363
17898	WOOD	0.48203732286180767	0.7456171001706805
18467	WOOD	0.39323596017701284	0.617108907018389
21363	WOOD	0.18836291560104915	0.33369077103478567
27440	WOOD	0.3729582003184727	0.6162214619772775
31219	WOOD	0.10921775443213326	0.22422235352652414
31276	WOOD	0.07902919820376805	0.18372267271791184
31283	WOOD	0.30258283019065857	0.4962166207177298
60998	WOOD	0.17147313271250045	0.3279969309057508
61523	WOOD	0.23660204240253993	0.4182532046522413
62351	WOOD	0.1622221523097583	0.31838302101407734
62465	WOOD	0.3120379958833967	0.468602465731757
251531	WOOD	0.15151168618883407	0.2906126592840467
440917	WOOD	0.27987600224358694	0.4754273636000497
637758	WOOD	0.12075256875583104	0.2880603075027466
1549025	WOOD	0.23707233582224166	0.39684293951307026
2733294	WOOD	0.12539120869977133	0.26418873029095785
5281167	WOOD	0.20201341594968522	0.35689120633261545
5281168	WOOD	0.2895952079977308	0.46921236174447195
5318599	WOOD	0.2797475904226303	0.4783715009689331
5352837	WOOD	0.2025769821235112	0.37061007959502085
5364231	WOOD	0.2010357677936554	0.32357266545295715
262	WOOD	0.18445378967693873	0.3080034724303654
323	WOOD	0.20927102438041142	0.364101984671184
750	WOOD	0.22181351908615657	0.34973590288843426
753	WOOD	0.21375942655972072	0.30519794140543255
962	WOOD	0.19551183070455277	0.3223161143915994
5862	WOOD	0.19498775260789053	0.3203318842819759
5962	WOOD	0.26390924198286875	0.4142223426273891
6274	WOOD	0.33072033524513245	0.4819873741694859
6322	WOOD	0.28869776853493284	0.43731377380234854
6669	WOOD	0.26321910108838764	0.41441188539777485
7137	WOOD	0.23845069323267257	0.4167438106877463
15654	WOOD	0.3529754877090454	0.57249687399183
62089	WOOD	0.337314601455416	0.555255651473999
853433	WOOD	0.22844951280525752	0.39351244483675274
5371102	WOOD	0.19500224718025752	0.37593559282166616
10857465	WOOD	0.25776127193655285	0.41760455284799847
180	GRASS	0.13934730206217086	0.32593185135296415
264	GRASS	0.068519227206707	0.18614866478102549
702	GRASS	0.10055923355477196	0.26143873802253176
1031	GRASS	0.09467156657150813	0.2536437766892569
3102	GRASS	0.10408229700156621	0.25772401903356823
3314	GRASS	0.04551083115594728	0.18600583289350783
6506	GRASS	0.14203443378210068	0.3371714609009879
6544	GRASS	0.16444896587303706	0.35959102852003916
6561	GRASS	0.10363013403756278	0.24613468987601145
7092	GRASS	0.07095010738287653	0.24248081658567702
7302	GRASS	0.09084708562919072	0.23420496710709163
7476	GRASS	0.1524438794170107	0.3805026582309178
7559	GRASS	0.154095858335495	0.34828896181924
7657	GRASS	0.1293192974158696	0.298296902860914
7770	GRASS	0.061331222632101605	0.20552392729691096
7793	GRASS	0.12108699551650456	0.34189694694110323
7797	GRASS	0.252857397709574	0.42717263102531433
8025	GRASS	0.09151937067508698	0.2432208231517247
8049	GRASS	0.08094703193221774	0.23591596526759012
8094	GRASS	0.12894480781895773	0.3071260281971523
8419	GRASS	0.06846409344247409	0.21723056052412307
8438	GRASS	0.09355839022568294	0.27754162677696775
8468	GRASS	0.08671443590096065	0.27345037034579683
8815	GRASS	0.13178161531686783	0.32779320648738314
8878	GRASS	0.09197007226092475	0.24411081203392573
9012	GRASS	0.11560380991016116	0.27593572224889484
10886	GRASS	0.20176817902496882	0.3723229595593044
11567	GRASS	0.0642478811953749	0.18584942179066793
12020	GRASS	0.16883357294968196	0.3656531870365143
12265	GRASS	0.1316247625010354	0.3045454280717032
12377	GRASS	0.14414340257644653	0.3357372965131487
16537	GRASS	0.1994298824242183	0.4380490141255515
17898	GRASS	0.15526202214615686	0.3748078431401934
18467	GRASS	0.12448233578886304	0.30576696140425547
21363	GRASS	0.08646632411650249	0.2113450105701174
27440	GRASS	0.2140353662627084	0.4459095426968166
31219	GRASS	0.05312262794801167	0.19513238540717534
31276	GRASS	0.0773522209908281	0.223919900400298
31283	GRASS	0.08191514813474246	0.22863985810961043
60998	GRASS	0.13704144103186472	0.3295291108744485
61523	GRASS	0.3220169927392687	0.6132434436253139
62351	GRASS	0.15039282611438207	0.3279434187071664
62465	GRASS	0.06957369510616575	0.1910314325775419
251531	GRASS	0.08936197310686111	0.2397756917136056
440917	GRASS	0.15518537376608169	0.42063045501708984
637758	GRASS	0.07065846717783383	0.2121467079435076
1549025	GRASS	0.09124910884669848	0.2752699596541269
2733294	GRASS	0.3551139107772282	0.5037242429597037
5281167	GRASS	0.3504364788532257	0.5718993033681598
5281168	GRASS	0.2122111597231456	0.4159474926335471
5318599	GRASS	0.23916383726256235	0.4637162813118526
5352837	GRASS	0.2623929870980127	0.47744496379579815
5364231	GRASS	0.4831096487385886	0.6475524306297302
262	GRASS	0.1146578352366175	0.2944122574159077
323	GRASS	0.06736969681722778	0.23098246327468328
750	GRASS	0.06610661585416112	0.23540171767984117
753	GRASS	0.13228963102613175	0.3244886440890176
962	GRASS	0.09008501150778361	0.2571953684091568
5862	GRASS	0.07725572639278003	0.21852483493941172
5962	GRASS	0.1231598172869001	0.2929239400795528
6274	GRASS	0.14260476295437133	0.34710876856531414
6322	GRASS	0.1284342035651207	0.3132717268807547
6669	GRASS	0.0659685241324561	0.2023888464484896
7137	GRASS	0.08731670092259135	0.2613143729312079
15654	GRASS	0.14104223996400833	0.3122598912034716
62089	GRASS	0.07331177698714393	0.21049303667885916
853433	GRASS	0.05238027950482709	0.2032276221684047
5371102	GRASS	0.17371370324066707	0.35175151910100666
10857465	GRASS	0.21774950623512268	0.45843569721494404
180	FLOWER	0.16842287991728103	0.38807579023497446
264	FLOWER	0.12515391036868095	0.32629971844809397
702	FLOWER	0.18793086494718278	0.403049498796463
1031	FLOWER	0.1757701826947076	0.3800631378378187
3102	FLOWER	0.24800326355866023	0.4963703751564026
3314	FLOWER	0.27245599031448364	0.4994476693017142
6506	FLOWER	0.20372002252510615	0.4297842127936227
6544	FLOWER	0.20146237526621139	0.4515877664089203
6561	FLOWER	0.1281097031065396	0.31053743192127775
7092	FLOWER	0.24689556445394242	0.49829526458467754
7302	FLOWER	0.13572923306907927	0.32630184292793274
7476	FLOWER	0.3323774039745331	0.628632162298475
7559	FLOWER	0.43829600300107685	0.7481891257422311
7657	FLOWER	0.20867251285484859	0.4362022195543562
7770	FLOWER	0.2947086436407907	0.5414264031818935
7793	FLOWER	0.48751369544437956	0.7953694207327706
7797	FLOWER	0.3768596649169922	0.6452144980430603
8025	FLOWER	0.1746576385838645	0.39558623092515127
8049	FLOWER	0.22194540074893407	0.4347910668168749
8094	FLOWER	0.10240179193871361	0.2866667466504233
8419	FLOWER	0.37091091700962614	0.6721222911562238
8438	FLOWER	0.33913423333849224	0.6113828761237008
8468	FLOWER	0.2696951755455562	0.5204095457281385
8815	FLOWER	0.18264809463705337	0.4011018361364092
8878	FLOWER	0.31694747294698444	0.5555851331778935
9012	FLOWER	0.12047772535255977	0.19694844952651433
10886	FLOWER	0.280666892017637	0.5270186790398189
11567	FLOWER	0.13613396776574	0.33311172468321665
12020	FLOWER	0.16372483330113546	0.37380695768765043
12265	FLOWER	0.13672054346118653	0.3316334698881422
12377	FLOWER	0.11501142914806094	0.2071044615336827
16537	FLOWER	0.38703264934676035	0.665923433644431
17898	FLOWER	0.03714903763362339	0.20048137434891292
18467	FLOWER	0.07912791573575564	0.2567314867462431
21363	FLOWER	0.158333386693682	0.3441325213227953
27440	FLOWER	0.060278786080224175	0.18523232958146504
31219	FLOWER	0.40153863600322176	0.695220811026437
31276	FLOWER	0.2503838283675058	0.5048754811286926
31283	FLOWER	0.19543862768581935	0.393063736813409
60998	FLOWER	0.41563650965690613	0.7182240741593497
61523	FLOWER	0.3409705374922071	0.6335144809314183
62351	FLOWER	0.13301647986684526	0.2804002357380731
62465	FLOWER	0.15634199338299887	0.33630391103880747
251531	FLOWER	0.395503750869206	0.6811937264033726
440917	FLOWER	0.21396859203066146	0.40554905789239065
637758	FLOWER	0.37078412090029034	0.6787925788334438
1549025	FLOWER	0.2834977294717516	0.5683692182813372
2733294	FLOWER	0.32500300662858145	0.5760715007781982
5281167	FLOWER	0.2220775463751384	0.47086999671799795
5281168	FLOWER	0.12774601046528136	0.3235707197870527
5318599	FLOWER	0.1869142630270549	0.40845106754984173
5352837	FLOWER	0.18799346898283278	0.4136340916156769
5364231	FLOWER	0.25538792993341175	0.5329261720180511
262	FLOWER	0.1851215958595276	0.4066555883203234
323	FLOWER	0.24603521185261862	0.5163826814719609
750	FLOWER	0.19769367575645447	0.42345336079597473
753	FLOWER	0.20977639087608882	0.45741866316114155
962	FLOWER	0.30209363784108845	0.5399235912731716
5862	FLOWER	0.14114678438220704	0.31732108763286043
5962	FLOWER	0.12865732716662542	0.33707853300230844
6274	FLOWER	0.1815374791622162	0.39928973998342243
6322	FLOWER	0.13485887114490783	0.3395205480711801
6669	FLOWER	0.40994943039757864	0.6158072096960885
7137	FLOWER	0.3937037246567862	0.6560940912791661
15654	FLOWER	0.06100251738514219	0.183953834431512
62089	FLOWER	0.07854758948087692	0.22680969962051936
853433	FLOWER	0.33033657925469534	0.5825960976736886
5371102	FLOWER	0.2463822854416711	0.5020299298422677
10857465	FLOWER	0.4556826055049896	0.6648121987070356
180	CHEMICAL	0.2477820579494749	0.5582858749798366
264	CHEMICAL	0.1762443631887436	0.529667786189488
702	CHEMICAL	0.18835531175136566	0.4955032893589565
1031	CHEMICAL	0.21273590730769293	0.5229037361485618
3102	CHEMICAL	0.36192202993801664	0.6750274811472211
3314	CHEMICAL	0.20902423560619354	0.49428762282644
6506	CHEMICAL	0.1526652957711901	0.484093930040087
6544	CHEMICAL	0.39547005721500944	0.6442888719694955
6561	CHEMICAL	0.35902281531265806	0.6584546821457999
7092	CHEMICAL	0.24598540365695953	0.5458083919116429
7302	CHEMICAL	0.3445438253028052	0.6291750754628863
7476	CHEMICAL	0.2897437683173588	0.6147443822452
7559	CHEMICAL	0.32179989559309824	0.6526592969894409
7657	CHEMICAL	0.34945519055638996	0.6521479828017098
7770	CHEMICAL	0.24255977358136857	0.612733108656747
7793	CHEMICAL	0.35594548497881207	0.6875701546669006
7797	CHEMICAL	0.13887970681701386	0.46782934239932467
8025	CHEMICAL	0.29023956613881247	0.5943348578044346
8049	CHEMICAL	0.19197151703493937	0.5068528439317431
8094	CHEMICAL	0.29845709034374784	0.6544944814273289
8419	CHEMICAL	0.10797131487301417	0.375224096434457
8438	CHEMICAL	0.17609108026538575	0.47386508754321505
8468	CHEMICAL	0.20306127411978586	0.4972223554338728
8815	CHEMICAL	0.2347086795738765	0.5551096030644008
8878	CHEMICAL	0.12873056637389318	0.4668984242847988
9012	CHEMICAL	0.22454745428902761	0.5687140822410583
10886	CHEMICAL	0.21335444492953165	0.5268820183617728
11567	CHEMICAL	0.6574043120656695	0.8549923641341073
12020	CHEMICAL	0.3604962463889803	0.6706598741667611
12265	CHEMICAL	0.30211514234542847	0.611370827470507
12377	CHEMICAL	0.21357418383870805	0.563030115195683
16537	CHEMICAL	0.2900818352188383	0.5909546358244759
17898	CHEMICAL	0.24644745673452104	0.5752845661980766
18467	CHEMICAL	0.274842585836138	0.5901714989117214
21363	CHEMICAL	0.31039455107280184	0.6336589881352016
27440	CHEMICAL	0.2251264899969101	0.5961364252226693
31219	CHEMICAL	0.3063917543206896	0.6414996555873326
31276	CHEMICAL	0.4332984047276633	0.7514185053961617
31283	CHEMICAL	0.13744339772633143	0.4387758416788919
60998	CHEMICAL	0.2641062523637499	0.6134534648486546
61523	CHEMICAL	0.3415271171501705	0.6904310243470329
62351	CHEMICAL	0.15206896194389888	0.48301926255226135
62465	CHEMICAL	0.28310592685426983	0.587469892842429
251531	CHEMICAL	0.3042180963924953	0.6372761130332947
440917	CHEMICAL	0.43643466915403095	0.6785054888044085
637758	CHEMICAL	0.19845398196152278	0.5055286543709892
1549025	CHEMICAL	0.23025245325905935	0.5132906138896942
2733294	CHEMICAL	0.1934448161295482	0.5009700996535165
5281167	CHEMICAL	0.22422269199575698	0.5491846714700971
5281168	CHEMICAL	0.27897032669612337	0.6319651092801776
5318599	CHEMICAL	0.3323618769645691	0.655801500592913
5352837	CHEMICAL	0.2689858675003052	0.5821530137743268
5364231	CHEMICAL	0.15620966042791093	0.4196478809629168
262	CHEMICAL	0.30380908293383463	0.6036429830959865
323	CHEMICAL	0.3261467473847525	0.5989430802209037
750	CHEMICAL	0.14488010427781514	0.437033942767552
753	CHEMICAL	0.2125887189592634	0.5205891898700169
962	CHEMICAL	0.23543254605361394	0.5470372353281293
5862	CHEMICAL	0.14202191999980382	0.43975200397627695
5962	CHEMICAL	0.1979388083730425	0.5219770244189671
6274	CHEMICAL	0.18145181664398738	0.5126742124557495
6322	CHEMICAL	0.21480228432587214	0.5446108409336635
6669	CHEMICAL	0.1423194876738957	0.4457819589546749
7137	CHEMICAL	0.12354972745691027	0.46313205787113737
15654	CHEMICAL	0.16217628440686635	0.4688703588077
62089	CHEMICAL	0.3578395332608904	0.6943569694246564
853433	CHEMICAL	0.18802404403686523	0.49430099555424284
5371102	CHEMICAL	0.33927783370018005	0.639604423727308
10857465	CHEMICAL	0.27166773804596495	0.6062530875205994
