oID	descriptor	value	sigma
379	INTENSITY/STRENGTH	0.54361692070961	0.7531837821006775
875	INTENSITY/STRENGTH	0.18739634326526097	0.5711587454591479
1049	INTENSITY/STRENGTH	0.22247499440397536	0.6201449802943638
2879	INTENSITY/STRENGTH	0.43152997323444914	0.6352500064032418
5541	INTENSITY/STRENGTH	0.2712432018348149	0.6515688385282244
6054	INTENSITY/STRENGTH	0.5320123050894056	0.7600368176187787
7095	INTENSITY/STRENGTH	0.18781441237245286	0.5302824292864118
7136	INTENSITY/STRENGTH	0.3501738905906677	0.6795138886996678
7335	INTENSITY/STRENGTH	0.505972432238715	0.8092848914010184
7410	INTENSITY/STRENGTH	0.5413377455302647	0.7146094356264386
7720	INTENSITY/STRENGTH	0.48137851698057993	0.7798975450651986
7820	INTENSITY/STRENGTH	0.3628347175461905	0.715283351285117
7937	INTENSITY/STRENGTH	0.46262727464948383	0.6905853067125592
8103	INTENSITY/STRENGTH	0.5303083785942623	0.7792216113635472
8175	INTENSITY/STRENGTH	0.6621279035295758	0.7450789724077497
8918	INTENSITY/STRENGTH	0.23579607691083634	0.7054214136941093
9016	INTENSITY/STRENGTH	0.39034056663513184	0.6288953849247524
9589	INTENSITY/STRENGTH	0.49522232157843454	0.7394659519195557
12810	INTENSITY/STRENGTH	0.3522293482507978	0.7158204061644418
14104	INTENSITY/STRENGTH	0.3515859203679221	0.7185863767351423
14286	INTENSITY/STRENGTH	0.6367458317961011	0.7507950833865574
14491	INTENSITY/STRENGTH	0.5463426581450871	0.7192448377609253
17525	INTENSITY/STRENGTH	0.4911988079547882	0.714986937386649
26331	INTENSITY/STRENGTH	0.47263483490262714	0.7048843332699367
31210	INTENSITY/STRENGTH	0.3646411044257028	0.6895061475890023
61052	INTENSITY/STRENGTH	0.32760654602731976	0.7222223622458321
61151	INTENSITY/STRENGTH	0.3171611300536564	0.6652043632098606
61155	INTENSITY/STRENGTH	0.390880640063967	0.6953787207603455
61252	INTENSITY/STRENGTH	0.6836522732462201	0.7261988605771746
61331	INTENSITY/STRENGTH	0.6024963429995945	0.7041934388024467
61337	INTENSITY/STRENGTH	0.35579122390065876	0.7534231543540955
88454	INTENSITY/STRENGTH	0.54925480059215	0.7251862798418317
246728	INTENSITY/STRENGTH	0.565875917673111	0.7758412872041974
778574	INTENSITY/STRENGTH	0.32581804054124014	0.7110266600336347
1549778	INTENSITY/STRENGTH	0.4537597383771624	0.7279753684997559
1551246	INTENSITY/STRENGTH	0.40347730261938913	0.598087455545153
5364729	INTENSITY/STRENGTH	0.44676304715020315	0.7220357145581927
887	INTENSITY/STRENGTH	0.1536232696047851	0.5518313305718558
6057	INTENSITY/STRENGTH	0.24405653987612044	0.6631311433655875
92979	INTENSITY/STRENGTH	0.20429468154907227	0.6614063637597221
159055	INTENSITY/STRENGTH	0.42528494766780306	0.7365947791508266
379	VALENCE/PLEASANTNESS	0.30735011611665997	0.47139894110815866
875	VALENCE/PLEASANTNESS	0.571849388735635	0.6261683702468872
1049	VALENCE/PLEASANTNESS	0.49617489746638704	0.5575840388025556
2879	VALENCE/PLEASANTNESS	0.3714589306286403	0.6078611952917916
5541	VALENCE/PLEASANTNESS	0.5624351501464844	0.5993770105498177
6054	VALENCE/PLEASANTNESS	0.6151840175901141	0.7058540497507367
7095	VALENCE/PLEASANTNESS	0.5239911420004708	0.598683340208871
7136	VALENCE/PLEASANTNESS	0.7011763879231044	0.6198689256395612
7335	VALENCE/PLEASANTNESS	0.5537932515144348	0.6691843015807015
7410	VALENCE/PLEASANTNESS	0.49128485577447073	0.7033665691103254
7720	VALENCE/PLEASANTNESS	0.4564591220446995	0.6603391170501709
7820	VALENCE/PLEASANTNESS	0.5878800068582807	0.6471731066703796
7937	VALENCE/PLEASANTNESS	0.4011429803712027	0.599480424608503
8103	VALENCE/PLEASANTNESS	0.4338197878428868	0.6085119928632464
8175	VALENCE/PLEASANTNESS	0.4889054468699864	0.6384212630135673
8918	VALENCE/PLEASANTNESS	0.6214200343404498	0.6321529575756618
9016	VALENCE/PLEASANTNESS	0.591798552445003	0.5774563125201634
9589	VALENCE/PLEASANTNESS	0.42073546988623484	0.6866868904658726
12810	VALENCE/PLEASANTNESS	0.6584257398332868	0.6297415494918823
14104	VALENCE/PLEASANTNESS	0.4552247098514012	0.6179841501372201
14286	VALENCE/PLEASANTNESS	0.4474744072982243	0.7221843940871102
14491	VALENCE/PLEASANTNESS	0.29190635894026074	0.5637413689068386
17525	VALENCE/PLEASANTNESS	0.700238151209695	0.6605575340134757
26331	VALENCE/PLEASANTNESS	0.4046540686062404	0.640229616846357
31210	VALENCE/PLEASANTNESS	0.48612858993666513	0.600716939994267
61052	VALENCE/PLEASANTNESS	0.6020004664148603	0.6367432304791042
61151	VALENCE/PLEASANTNESS	0.606064328125545	0.6248540963445391
61155	VALENCE/PLEASANTNESS	0.7167232973234994	0.6237484812736511
61252	VALENCE/PLEASANTNESS	0.31008538816656384	0.5741243703024728
61331	VALENCE/PLEASANTNESS	0.6206062521253314	0.7071749653135028
61337	VALENCE/PLEASANTNESS	0.40609300988061087	0.6009196383612496
88454	VALENCE/PLEASANTNESS	0.7587554284504482	0.6712888394083295
246728	VALENCE/PLEASANTNESS	0.5857102104595729	0.672833229814257
778574	VALENCE/PLEASANTNESS	0.5830850090299334	0.5931839261736188
1549778	VALENCE/PLEASANTNESS	0.683772623538971	0.6090332525117057
1551246	VALENCE/PLEASANTNESS	0.6213845951216561	0.5619020291737148
5364729	VALENCE/PLEASANTNESS	0.5319199306624276	0.6298642328807286
887	VALENCE/PLEASANTNESS	0.6247137784957886	0.5914817452430725
6057	VALENCE/PLEASANTNESS	0.5308446288108826	0.6328294277191162
92979	VALENCE/PLEASANTNESS	0.576948378767286	0.5591128894260952
159055	VALENCE/PLEASANTNESS	0.5700979317937579	0.6882398980004447
379	BAKERY	0.01903076815818037	0.06710153764912061
875	BAKERY	0.16747242212295532	0.4753525512559073
1049	BAKERY	0.04932173368121896	0.2515965678862163
2879	BAKERY	0.029692156240344048	0.21878610338483537
5541	BAKERY	0.07391853258013725	0.2625566061053957
6054	BAKERY	0.06685864606073924	0.30091627155031475
7095	BAKERY	0.0025734850870711462	0.1305546121937888
7136	BAKERY	0.18155805127961294	0.5182891871247973
7335	BAKERY	0.007521571591496468	0.12221637687512807
7410	BAKERY	0.028229392000607083	0.20862943998404912
7720	BAKERY	0.015623293817043304	0.11944982090166636
7820	BAKERY	0.06260125871215548	0.2677154668739864
7937	BAKERY	0.08015237695404462	0.2948254666158131
8103	BAKERY	0.017509196219699725	0.10620255555425372
8175	BAKERY	0.03506254005645003	0.14074523321219853
8918	BAKERY	0.049261982685753276	0.2180747858115605
9016	BAKERY	0.0903460681438446	0.3153026359421866
9589	BAKERY	0.07497750648430415	0.2921044315610613
12810	BAKERY	0.08167259129030364	0.3183806708880833
14104	BAKERY	0.03117272869816848	0.1470859870314598
14286	BAKERY	0.17174847849777766	0.4716696100575583
14491	BAKERY	0.04408554599753448	0.1989957903112684
17525	BAKERY	0.08619444710867745	0.3679571620055607
26331	BAKERY	0.13924894269023622	0.40751029763902935
31210	BAKERY	0.009654938376375608	0.16897585562297276
61052	BAKERY	0.04548895225993225	0.2327627901520048
61151	BAKERY	0.023807107603975704	0.22019277938774653
61155	BAKERY	0.19721700889723642	0.5009735652378627
61252	BAKERY	0.08650644975049156	0.3231067785194942
61331	BAKERY	0.11370374581643514	0.41446463976587566
61337	BAKERY	0.012959137292844909	0.11955096572637558
88454	BAKERY	0.10085477786404747	0.41050784502710613
246728	BAKERY	0.05467801434653146	0.22811641011919295
778574	BAKERY	0.08400617646319526	0.294083229133061
1549778	BAKERY	0.09617326089314052	0.2941822111606598
1551246	BAKERY	0.07616246864199638	0.24842376794133866
5364729	BAKERY	0.028886512720159123	0.20795210983072007
887	BAKERY	0.1133839977639062	0.3800870478153229
6057	BAKERY	0.08324004443628448	0.32980342847960337
92979	BAKERY	0.09713877631085259	0.3233061305114201
159055	BAKERY	0.004531607830098697	0.09904990238802773
379	SWEET	0.07136914666209902	0.2760322391986847
875	SWEET	0.26042809656688143	0.6628641571317401
1049	SWEET	0.15693754809243338	0.4284642253603254
2879	SWEET	0.1255818254181317	0.4299133079392569
5541	SWEET	0.27972079813480377	0.6122603671891349
6054	SWEET	0.32100859710148405	0.7315510085650853
7095	SWEET	0.16479630874735968	0.47951861364500864
7136	SWEET	0.34722111906324116	0.6890060475894383
7335	SWEET	0.2177056542464665	0.608140868800027
7410	SWEET	0.20794206644807542	0.6299102050917489
7720	SWEET	0.17265148886612483	0.5188698257718768
7820	SWEET	0.329419698034014	0.7093889883586338
7937	SWEET	0.1407811599118369	0.46411530460630146
8103	SWEET	0.17661692840712412	0.5049832250390734
8175	SWEET	0.21653825683253153	0.5772943922451564
8918	SWEET	0.28854637699467794	0.6672705752508981
9016	SWEET	0.30200220218726564	0.6451099174363273
9589	SWEET	0.13857607969215938	0.48916358607155935
12810	SWEET	0.3711101881095341	0.7737438593591962
14104	SWEET	0.11284193396568298	0.37195136291640146
14286	SWEET	0.18341795248644693	0.6092067275728498
14491	SWEET	0.06032321548887661	0.16667380716119493
17525	SWEET	0.512092262506485	0.8467110906328473
26331	SWEET	0.13430612534284592	0.473441481590271
31210	SWEET	0.17579488030501775	0.519569388457707
61052	SWEET	0.3100985288619995	0.7388333933694022
61151	SWEET	0.29693180322647095	0.6857848082269941
61155	SWEET	0.4137363987309592	0.800010255404881
61252	SWEET	0.1129194428878171	0.3207881173917225
61331	SWEET	0.36623362983976093	0.7847721065793719
61337	SWEET	0.161003121307918	0.4797411561012268
88454	SWEET	0.5814136053834643	0.9095888308116368
246728	SWEET	0.34610625888620106	0.7401869211878095
778574	SWEET	0.3277936748095921	0.7220181141580854
1549778	SWEET	0.3807406893798283	0.7400837540626526
1551246	SWEET	0.29668846300670076	0.6234194466045925
5364729	SWEET	0.30258672152246746	0.6758701290403094
887	SWEET	0.2791802329676492	0.6110022664070129
6057	SWEET	0.23391654235976084	0.596774331160954
92979	SWEET	0.2551494858094624	0.6135350636073521
159055	SWEET	0.16217266023159027	0.5572062645639692
379	FRUIT	0.08624357144747462	0.19667943247726985
875	FRUIT	0.1095166142497744	0.29238148246492657
1049	FRUIT	0.09009220930082458	0.1997281334229878
2879	FRUIT	0.09298283074583326	0.20550755624260222
5541	FRUIT	0.18053759847368514	0.38875906808035715
6054	FRUIT	0.167622087257249	0.39323013169424875
7095	FRUIT	0.07521105664116996	0.23025702365807124
7136	FRUIT	0.13164228413786208	0.3435818212372916
7335	FRUIT	0.16409573810441153	0.544874336038317
7410	FRUIT	0.1435396351984569	0.3756041782242911
7720	FRUIT	0.13003819648708617	0.3407141864299774
7820	FRUIT	0.2738737719399588	0.5204879130635943
7937	FRUIT	0.07410212552973203	0.1920985451766423
8103	FRUIT	0.1566185908658164	0.376833085502897
8175	FRUIT	0.1932193466595241	0.4370219281741551
8918	FRUIT	0.24300639863525117	0.49039158650806974
9016	FRUIT	0.19326366697038924	0.4205696540219443
9589	FRUIT	0.056399628786104064	0.1858268678188324
12810	FRUIT	0.30516391566821505	0.5726065039634705
14104	FRUIT	0.07509842248899597	0.19372873221124923
14286	FRUIT	0.05888202786445618	0.18983797516141618
14491	FRUIT	0.04255715864045279	0.10423757295523371
17525	FRUIT	0.530288285442761	0.7199328669479915
26331	FRUIT	0.0466176870145968	0.11534775367804936
31210	FRUIT	0.10210333551679339	0.29114773869514465
61052	FRUIT	0.20025951947484696	0.4916252834456308
61151	FRUIT	0.20800968153136118	0.47876771858760286
61155	FRUIT	0.1681714313370841	0.4382067918777466
61252	FRUIT	0.04500686191022396	0.1189328698175294
61331	FRUIT	0.17963872317756926	0.4433950526373727
61337	FRUIT	0.13360904263598578	0.33455766311713625
88454	FRUIT	0.599422173840659	0.7879991786820548
246728	FRUIT	0.3065614913191114	0.6026795038155147
778574	FRUIT	0.17811319870608194	0.40714514681271147
1549778	FRUIT	0.2979003297431128	0.528969373021807
1551246	FRUIT	0.25494914608342306	0.4720360253538404
5364729	FRUIT	0.298157770718847	0.5743529370852879
887	FRUIT	0.16255690796034677	0.3344779780932835
6057	FRUIT	0.12329728262765068	0.320125801222665
92979	FRUIT	0.12620655766555242	0.3506423234939575
159055	FRUIT	0.11272199239049639	0.38184076121875216
379	FISH	0.07056136056780815	0.16159110409872873
875	FISH	0.0577938902590956	0.1635257750749588
1049	FISH	0.10630147797720772	0.269556856581143
2879	FISH	0.0951292450938906	0.23396640164511545
5541	FISH	0.048843437539679666	0.15933108542646682
6054	FISH	0.08552341535687447	0.14931017479726247
7095	FISH	0.036080525921923776	0.12469317018985748
7136	FISH	0.04353737112666879	0.17332216245787485
7335	FISH	0.08804984177861895	0.18386533004896982
7410	FISH	0.029768383795661584	0.122257941535541
7720	FISH	0.04650772043636867	0.14112575884376252
7820	FISH	0.03872167877852917	0.128579352583204
7937	FISH	0.08357015651251588	0.20140888222626277
8103	FISH	0.0762181244790554	0.1796197316476277
8175	FISH	0.016414019944412366	0.06063319742679596
8918	FISH	-0.00034521613270044327	0.051342591643333435
9016	FISH	0.02034494360642774	0.09886048095566886
9589	FISH	0.02600312844983169	0.1626212958778654
12810	FISH	-0.0007162675527589661	0.05345406063965389
14104	FISH	0.038707630176629336	0.17045240317072188
14286	FISH	0.056767049112490246	0.16508867591619492
14491	FISH	0.40454636194876264	0.6651104092597961
17525	FISH	0.026656673422881534	0.10150588410241264
26331	FISH	0.05555500728743417	0.17442428852830613
31210	FISH	0.08449396171740123	0.2086137022290911
61052	FISH	0.029967686161398888	0.11109880890165057
61151	FISH	0.029371395973222598	0.08622385348592486
61155	FISH	0.02794694501374449	0.0890758101429258
61252	FISH	0.29250612801739145	0.5138464037861142
61331	FISH	0.08064032239573342	0.16508729649441584
61337	FISH	0.06256060781223434	0.21576346244130815
88454	FISH	0.015198753348418645	0.07450986919658524
246728	FISH	0.03660011624119112	0.11202049148934227
778574	FISH	0.030168443119951656	0.14159513264894485
1549778	FISH	0.03469630543674741	0.07484171486326627
1551246	FISH	0.017772512643464973	0.07986247060554368
5364729	FISH	0.056422733036535125	0.16258301905223302
887	FISH	0.03827842138707638	0.13961356452533177
6057	FISH	0.09215651346104485	0.24988369005067007
92979	FISH	0.009187220994915282	0.05122713345502104
159055	FISH	-0.013556569016405515	0.035431397812707086
379	GARLIC	0.0547302956027644	0.24911742550986155
875	GARLIC	0.046877096007977216	0.25577000635010855
1049	GARLIC	0.1097058898636273	0.33526425063610077
2879	GARLIC	0.046244937128254344	0.22911377251148224
5541	GARLIC	0.06123280791299684	0.26004908766065327
6054	GARLIC	0.046677781002862115	0.18045517376491002
7095	GARLIC	0.053179633404527395	0.19100498301642282
7136	GARLIC	0.06533979358417648	0.233641117811203
7335	GARLIC	0.05076414666005543	0.2417733520269394
7410	GARLIC	-0.0011997781693935394	0.13975623143570765
7720	GARLIC	0.028318134003451893	0.18905762050833022
7820	GARLIC	0.05157341329114778	0.2218798973730632
7937	GARLIC	0.05553376834307398	0.27573584020137787
8103	GARLIC	0.03349519866917815	0.20851497990744455
8175	GARLIC	0.012637521539415632	0.1495957938688142
8918	GARLIC	0.028360665642789433	0.20077727735042572
9016	GARLIC	0.024372404175145284	0.17271422914096288
9589	GARLIC	0.03205537450100694	0.24430611091000692
12810	GARLIC	0.005677860230207443	0.1591585065637316
14104	GARLIC	0.02788591757416725	0.2301334866455623
14286	GARLIC	0.04626668191381863	0.25494779433522907
14491	GARLIC	0.4766331208603723	0.7110097663743156
17525	GARLIC	0.00770195626786777	0.15677831428391592
26331	GARLIC	0.05739338217037065	0.2976555611406054
31210	GARLIC	0.06556412098663193	0.2518228271177837
61052	GARLIC	0.01648219328905855	0.18928822449275426
61151	GARLIC	0.028650651552847455	0.17021794617176056
61155	GARLIC	0.006478594349963325	0.13689854528222764
61252	GARLIC	0.2797284083706992	0.5132216896329608
61331	GARLIC	0.0384088930274759	0.16583087827478135
61337	GARLIC	0.07137395122221538	0.2988120360033853
88454	GARLIC	-0.003988000697323254	0.12552487743752344
246728	GARLIC	0.030920312872954776	0.16811012370245798
778574	GARLIC	0.021810526294367655	0.20641720720699855
1549778	GARLIC	0.02340694543506418	0.17755591656480516
1551246	GARLIC	0.023338419518300464	0.19315770268440247
5364729	GARLIC	0.06373869255185127	0.25558897852897644
887	GARLIC	0.08660620344536644	0.2688825769083841
6057	GARLIC	0.07696503613676343	0.30313384532928467
92979	GARLIC	0.01052478700876236	0.18220958752291544
159055	GARLIC	-0.00941664113530091	0.10722233248608452
379	SPICES	0.09787774298872266	0.2741826942988804
875	SPICES	0.15360826466764724	0.38375586697033476
1049	SPICES	0.17989643343857356	0.3878797505583082
2879	SPICES	0.1618826219013759	0.3718141274792807
5541	SPICES	0.13062544912099838	0.32187943373407635
6054	SPICES	0.12370004504919052	0.34327380997794016
7095	SPICES	0.11027264701468605	0.3009533200945173
7136	SPICES	0.4516378172806331	0.6443782193320138
7335	SPICES	0.1991493638072695	0.4109057571206774
7410	SPICES	0.11323735862970352	0.3171465992927551
7720	SPICES	0.12836747935840062	0.33877583912440706
7820	SPICES	0.12515299767255783	0.3334951911653791
7937	SPICES	0.1344995977623122	0.30798040117536274
8103	SPICES	0.11079047513859612	0.27811456152371
8175	SPICES	0.08659469921674047	0.26590042880603243
8918	SPICES	0.09764454194477626	0.2895624041557312
9016	SPICES	0.19728473467486246	0.4262309031827109
9589	SPICES	0.1714599792446409	0.3730182775429317
12810	SPICES	0.14129605889320374	0.37006292172840666
14104	SPICES	0.33468386105128695	0.5535200153078351
14286	SPICES	0.17970033415726253	0.3861578404903412
14491	SPICES	0.30145502941949026	0.5103446585791451
17525	SPICES	0.1107336048568998	0.34250061426843914
26331	SPICES	0.1604211245264326	0.362940000636237
31210	SPICES	0.08990859666040965	0.30748250229018076
61052	SPICES	0.11739075077431542	0.31146697061402456
61151	SPICES	0.17892879247665405	0.4059217572212219
61155	SPICES	0.22514276206493378	0.4475406919206892
61252	SPICES	0.22311169334820338	0.46315664052963257
61331	SPICES	0.2432327972991126	0.46397910373551504
61337	SPICES	0.12993660143443517	0.31192278010504587
88454	SPICES	0.11062493175268173	0.35185215728623526
246728	SPICES	0.1468763021486146	0.3660400169236319
778574	SPICES	0.1373674294778279	0.3444274536200932
1549778	SPICES	0.12877055470432555	0.3366682827472687
1551246	SPICES	0.14048288869006292	0.33866297347205027
5364729	SPICES	0.13116453055824553	0.33384163890566143
887	SPICES	0.19186124418463027	0.4123292054448809
6057	SPICES	0.160487100481987	0.35053542256355286
92979	SPICES	0.13831533065864018	0.39069661498069763
159055	SPICES	0.21985736915043422	0.43028161355427336
379	COLD	0.24482692352363042	0.4046098845345633
875	COLD	0.29649704694747925	0.42855253389903475
1049	COLD	0.20174585708550044	0.35184989656720844
2879	COLD	0.25766240273203167	0.4003683924674988
5541	COLD	0.27676490374973844	0.4368191659450531
6054	COLD	0.27099737737859997	0.4344002476760319
7095	COLD	0.3509459750992911	0.4905293583869934
7136	COLD	0.1903673665864127	0.3814779945782253
7335	COLD	0.40630240951265606	0.5121370000498635
7410	COLD	0.3789000724043165	0.5861583181789943
7720	COLD	0.40961472051484243	0.5682257669312614
7820	COLD	0.2731399025235857	0.4459135872977121
7937	COLD	0.19832912513187953	0.36156352502959116
8103	COLD	0.31925890275410246	0.4740885921886989
8175	COLD	0.4271205833980015	0.6004764522824969
8918	COLD	0.33155149647167753	0.5099807381629944
9016	COLD	0.34897697823388235	0.5254255746092115
9589	COLD	0.28186769996370586	0.46347437160355703
12810	COLD	0.39206039905548096	0.5807675208364215
14104	COLD	0.2766188979148865	0.47011406081063406
14286	COLD	0.21000996657780238	0.4148642548492977
14491	COLD	0.18464243412017822	0.2978754937648773
17525	COLD	0.2681430620806558	0.4721485120909555
26331	COLD	0.18159844619887217	0.3665928372314998
31210	COLD	0.2175339353936059	0.34878666060311453
61052	COLD	0.2530817027602877	0.4428355608667646
61151	COLD	0.3828539422580174	0.565511975969587
61155	COLD	0.2398598896605628	0.4465946044240679
61252	COLD	0.14280715797628676	0.2798016050032207
61331	COLD	0.29805503146989004	0.502022168466023
61337	COLD	0.25390371680259705	0.39009282844407217
88454	COLD	0.29713339039257597	0.5049339788300651
246728	COLD	0.31885879380362375	0.5196321351187569
778574	COLD	0.20295106513159616	0.3905472457408905
1549778	COLD	0.30944183255944935	0.4955726606505258
1551246	COLD	0.3139316609927586	0.4695441595145634
5364729	COLD	0.2594876246792929	0.42569269452776226
887	COLD	0.2902761144297464	0.4506768797125135
6057	COLD	0.27678068620818	0.4399591514042446
92979	COLD	0.29121172428131104	0.4750217710222517
159055	COLD	0.6853133269718715	0.7689048051834106
379	SOUR	0.47384942855153767	0.6959640894617353
875	SOUR	0.23519708854811533	0.4723413586616516
1049	SOUR	0.2590967757361276	0.4977318346500397
2879	SOUR	0.28882462212017607	0.5149049588612148
5541	SOUR	0.3323706345898764	0.5700570259775434
6054	SOUR	0.23112729617527553	0.45845912609781536
7095	SOUR	0.19685264996119908	0.4286198914051056
7136	SOUR	0.15509332716464996	0.35227482659476145
7335	SOUR	0.307012140750885	0.5223783084324428
7410	SOUR	0.1966236318860735	0.4255020661013467
7720	SOUR	0.25283758129392353	0.4919969524656023
7820	SOUR	0.2677877779517855	0.507263149533953
7937	SOUR	0.26913258859089445	0.5129234450204032
8103	SOUR	0.33808148758752005	0.5593048078673226
8175	SOUR	0.21903023336614882	0.45265776770455496
8918	SOUR	0.20095866067068918	0.4343526363372803
9016	SOUR	0.16510247332709177	0.38648101687431335
9589	SOUR	0.2442533607993807	0.5090675098555428
12810	SOUR	0.18607946165970393	0.42239995939391
14104	SOUR	0.2017218278987067	0.4386850893497467
14286	SOUR	0.24897652012961252	0.5199146270751953
14491	SOUR	0.4578379137175424	0.7417327421052116
17525	SOUR	0.21784767082759313	0.4709546778883253
26331	SOUR	0.27632397413253784	0.5521010075296674
31210	SOUR	0.33422292130334036	0.5490563043526241
61052	SOUR	0.22647312070642198	0.45795547110693796
61151	SOUR	0.17437409928866796	0.40169329728399006
61155	SOUR	0.12706175765820912	0.3356744817325047
61252	SOUR	0.3922797994954245	0.6765124372073582
61331	SOUR	0.17396887923989976	0.3961257891995566
61337	SOUR	0.432942522423608	0.6778769493103027
88454	SOUR	0.19389096115316665	0.44209673574992586
246728	SOUR	0.23130330656255996	0.45995516436440603
778574	SOUR	0.24534475377627782	0.48553108317511423
1549778	SOUR	0.1810318614755358	0.42166270102773395
1551246	SOUR	0.18872436668191636	0.4090244599751064
5364729	SOUR	0.35903140902519226	0.6092369982174465
887	SOUR	0.22141909386430467	0.44522853408540997
6057	SOUR	0.30213129094668795	0.5426197052001953
92979	SOUR	0.19042461046150752	0.39726004004478455
159055	SOUR	0.15121851116418839	0.39232285959380014
379	BURNT	0.1998457908630371	0.5439752766064235
875	BURNT	0.16859277869973863	0.41702589818409513
1049	BURNT	0.09969779050775937	0.3555927723646164
2879	BURNT	0.19236803906304495	0.4530249152864729
5541	BURNT	0.08827524419341769	0.2955503634044102
6054	BURNT	0.03416411259344646	0.2186721691063472
7095	BURNT	0.06698522397450038	0.2712966118540083
7136	BURNT	0.117689562695367	0.36856155736105783
7335	BURNT	0.07410352038485664	0.2633846891777856
7410	BURNT	0.11621687561273575	0.36237475275993347
7720	BURNT	0.09742883273533412	0.36063707726342337
7820	BURNT	0.07329239164079938	0.27598356349127634
7937	BURNT	0.23208647114889963	0.5265373587608337
8103	BURNT	0.0834835155733994	0.3400902535234179
8175	BURNT	0.07982119066374642	0.37880920086588177
8918	BURNT	0.0930317799959864	0.34058700289045063
9016	BURNT	0.08956751120941979	0.29947277903556824
9589	BURNT	0.22642023861408234	0.5505543436322894
12810	BURNT	0.09933254335607801	0.3121294549533299
14104	BURNT	0.1520972911800657	0.4684186705521175
14286	BURNT	0.31322876257555826	0.6345192108835492
14491	BURNT	0.2157424965075084	0.5001520216464996
17525	BURNT	0.04685492574104241	0.23498650533812387
26331	BURNT	0.28104723564216066	0.6214604548045567
31210	BURNT	0.07706464880279132	0.2819787689617702
61052	BURNT	0.06530009316546577	0.24945570741380965
61151	BURNT	0.061315888805048804	0.2614613473415375
61155	BURNT	0.0752231776714325	0.2719051880495889
61252	BURNT	0.3484895687018122	0.6280647345951625
61331	BURNT	0.11312574680362429	0.2920605497700827
61337	BURNT	0.1120566555431911	0.38503035477229525
88454	BURNT	0.043767539518220086	0.2150904153074537
246728	BURNT	0.08428749335663659	0.2722449281385967
778574	BURNT	0.041770308411547115	0.21453959601266043
1549778	BURNT	0.05192107042031629	0.27180326197828564
1551246	BURNT	0.060793238558939526	0.27887409925460815
5364729	BURNT	0.061115733214787075	0.28026065656117033
887	BURNT	0.04256837708609445	0.23290064292294638
6057	BURNT	0.10867613554000854	0.3345982347215925
92979	BURNT	0.11013784153120858	0.29988847034318106
159055	BURNT	0.07136238845331329	0.2893211117812565
379	ACID	0.41894288999693735	0.6183716654777527
875	ACID	0.1786473329578127	0.37393360904284884
1049	ACID	0.17368295469454356	0.3775296211242676
2879	ACID	0.31689620443752836	0.5275662967136928
5541	ACID	0.22356932078089034	0.4121139645576477
6054	ACID	0.16441113821097783	0.3493181552205767
7095	ACID	0.2903538601739066	0.5144125393458775
7136	ACID	0.10390398385269302	0.2627584253038679
7335	ACID	0.27452664715903147	0.4908237712723868
7410	ACID	0.4044612773827144	0.6471624459539141
7720	ACID	0.44374980671065195	0.6728148204939706
7820	ACID	0.21822991967201233	0.4502374827861786
7937	ACID	0.3243258616753987	0.5386558473110199
8103	ACID	0.38266528078487944	0.6180123175893512
8175	ACID	0.3661283680370876	0.6089456932885307
8918	ACID	0.2673150726727077	0.4769237552370344
9016	ACID	0.24473566455500467	0.4389269096510751
9589	ACID	0.37700619867869783	0.6219121813774109
12810	ACID	0.21946456176894052	0.43004082781927927
14104	ACID	0.34237322211265564	0.5630612288202558
14286	ACID	0.30110076495579313	0.5307812733309609
14491	ACID	0.28832247640405384	0.5389179374490466
17525	ACID	0.13201440338577544	0.3606178505080087
26331	ACID	0.2852257915905544	0.5134751030376979
31210	ACID	0.2237646664891924	0.4107777987207685
61052	ACID	0.21224727588040487	0.4203153167452131
61151	ACID	0.22735901389803206	0.4471466541290283
61155	ACID	0.12305368163755961	0.2969219982624054
61252	ACID	0.2703678139618465	0.4902723346437727
61331	ACID	0.17349902646882193	0.3809213084833963
61337	ACID	0.3822376940931593	0.5804426329476493
88454	ACID	0.12419818022421428	0.34602196727480206
246728	ACID	0.3227378385407584	0.5332807770797184
778574	ACID	0.156797998717853	0.3257209914071219
1549778	ACID	0.18264068875994002	0.3696678578853607
1551246	ACID	0.2180237876517432	0.4202180973121098
5364729	ACID	0.23848022307668412	0.44452393480709623
887	ACID	0.1614386716059276	0.3626448895250048
6057	ACID	0.1772684965814863	0.3607953020504543
92979	ACID	0.20851123758724757	0.4079072560582842
159055	ACID	0.4540333534990038	0.6930365647588458
379	WARM	0.35339520233018057	0.5671852571623666
875	WARM	0.41275016750608173	0.6037548354693821
1049	WARM	0.2457908753837858	0.45669407078198027
2879	WARM	0.32539841532707214	0.5383817255496979
5541	WARM	0.3009138447897775	0.5093766323157719
6054	WARM	0.3381673991680145	0.5605061479977199
7095	WARM	0.22275121084281377	0.42630647335733685
7136	WARM	0.49265932611056734	0.6473759157317025
7335	WARM	0.2821259157998221	0.5180873359952655
7410	WARM	0.2797175092356546	0.498759857245854
7720	WARM	0.2687602447611945	0.49165493675640654
7820	WARM	0.2612882597105844	0.4911021079335894
7937	WARM	0.3183287637574332	0.5338097981044224
8103	WARM	0.2662937662431172	0.47381928988865446
8175	WARM	0.2624132143599646	0.470803792987551
8918	WARM	0.27827015944889616	0.4771625186715807
9016	WARM	0.31195657168115887	0.5083328187465668
9589	WARM	0.33606917943273273	0.5695698516709464
12810	WARM	0.3372936589377267	0.5414146482944489
14104	WARM	0.34293333121708464	0.5377059536320823
14286	WARM	0.4589950570038387	0.6679273162569318
14491	WARM	0.33711680344172884	0.5870238201958793
17525	WARM	0.29809123277664185	0.5412465078490121
26331	WARM	0.3850789793900081	0.5941494532993862
31210	WARM	0.2993531482560294	0.536932361977441
61052	WARM	0.31049762453351704	0.5421894107546125
61151	WARM	0.28528023191860746	0.5037450875554766
61155	WARM	0.45289722084999084	0.6459259561129979
61252	WARM	0.45854360716683523	0.6623870304652623
61331	WARM	0.4300464562007359	0.6251014471054077
61337	WARM	0.31324821284839083	0.5473699825150626
88454	WARM	0.3171638974121639	0.5708090918404716
246728	WARM	0.2978300026484898	0.5273487184728894
778574	WARM	0.2933368810585567	0.5065911837986538
1549778	WARM	0.2878796671118055	0.48371392488479614
1551246	WARM	0.22553404101303645	0.42326004590306965
5364729	WARM	0.2894995127405439	0.5290932655334473
887	WARM	0.2532052184854235	0.43600486857550486
6057	WARM	0.33525810071400236	0.5380104269300189
92979	WARM	0.3108478571687426	0.5157866818564278
159055	WARM	0.29023549812180655	0.5062570486749921
379	MUSKY	0.5287939650671822	0.7854952556746346
875	MUSKY	0.2238572942359107	0.4769452725137983
1049	MUSKY	0.2720242014953068	0.5474029779434204
2879	MUSKY	0.35586937410490854	0.5882786938122341
5541	MUSKY	0.26653472227709635	0.5075280283178601
6054	MUSKY	0.29406373628548216	0.5658803752490452
7095	MUSKY	0.1806964831692832	0.41521412559918
7136	MUSKY	0.14763421245983668	0.3773907721042633
7335	MUSKY	0.20641951262950897	0.453041855778013
7410	MUSKY	0.24143248157841818	0.5091027276856559
7720	MUSKY	0.2278353146144322	0.4958235664027078
7820	MUSKY	0.20007025344031198	0.4321582700525011
7937	MUSKY	0.3331394152981894	0.6309618779591152
8103	MUSKY	0.2835090330668858	0.543582626751491
8175	MUSKY	0.22364690048354013	0.47759412016187397
8918	MUSKY	0.16266393874372756	0.40697021569524494
9016	MUSKY	0.15363439066069468	0.35384524294308256
9589	MUSKY	0.3366432189941406	0.6580231360026768
12810	MUSKY	0.14852780742304666	0.39122793078422546
14104	MUSKY	0.2320451012679509	0.47628865923200336
14286	MUSKY	0.350242589201246	0.6987680877958026
14491	MUSKY	0.3853198375020708	0.7154457228524345
17525	MUSKY	0.11903561864580427	0.3364533952304295
26331	MUSKY	0.34156258191381184	0.6975232703345162
31210	MUSKY	0.34535924451691763	0.6029822102614811
61052	MUSKY	0.201022669672966	0.4481979310512543
61151	MUSKY	0.15662589030606405	0.3868406500135149
61155	MUSKY	0.18379332550934382	0.42607507535389494
61252	MUSKY	0.40132894686290194	0.7015761988503593
61331	MUSKY	0.20956524567944662	0.4584649545805795
61337	MUSKY	0.40314031498772757	0.6905389939035688
88454	MUSKY	0.08804326078721456	0.28350146753447397
246728	MUSKY	0.1514992948089327	0.3713166373116629
778574	MUSKY	0.23168835256780898	0.4798035962241037
1549778	MUSKY	0.17964359372854233	0.4105659680707114
1551246	MUSKY	0.14215747373444693	0.3462798808302198
5364729	MUSKY	0.2788682494844709	0.5487638115882874
887	MUSKY	0.17355574454580033	0.38662550704819815
6057	MUSKY	0.28240504435130526	0.5351448059082031
92979	MUSKY	0.2447100579738617	0.458346141236169
159055	MUSKY	0.11425288660185677	0.33286180240767343
379	SWEATY	0.38684675097465515	0.6458708643913269
875	SWEATY	0.15268026292324066	0.3099262160914285
1049	SWEATY	0.16029147803783417	0.3617292770317623
2879	SWEATY	0.2143338280064719	0.38289499282836914
5541	SWEATY	0.171748229435512	0.3611589883055006
6054	SWEATY	0.15872406214475632	0.35747929556029184
7095	SWEATY	0.09272682560341698	0.23724365234375
7136	SWEATY	0.03439014511448996	0.10881249925919942
7335	SWEATY	0.16008729806968144	0.34785558921950205
7410	SWEATY	0.11491873008864266	0.30903335980006624
7720	SWEATY	0.1337552091905049	0.32358923980167936
7820	SWEATY	0.1069893166422844	0.278164342045784
7937	SWEATY	0.1593959629535675	0.40194820931979586
8103	SWEATY	0.21146204429013388	0.40794420668057035
8175	SWEATY	0.11665328911372594	0.33348516055515837
8918	SWEATY	0.07728369374360357	0.24174366891384125
9016	SWEATY	0.048416342586278915	0.15095102787017822
9589	SWEATY	0.14848840130226953	0.3996258165155138
12810	SWEATY	0.05703476816415787	0.23000616048063552
14104	SWEATY	0.07461537740060262	0.2312758011477334
14286	SWEATY	0.16009606633867537	0.43746048637798857
14491	SWEATY	0.23629996606281825	0.5176801468644824
17525	SWEATY	0.06674077255385262	0.22001688608101436
26331	SWEATY	0.17289116552897862	0.4679048274244581
31210	SWEATY	0.22657854855060577	0.42846081938062397
61052	SWEATY	0.11401259899139404	0.27607473731040955
61151	SWEATY	0.06719630318028587	0.19199239356177195
61155	SWEATY	0.05928257799574307	0.1881832629442215
61252	SWEATY	0.24919008676494872	0.5079268557684762
61331	SWEATY	0.08343685471585818	0.24490074174744741
61337	SWEATY	0.2714457597051348	0.5135061655725751
88454	SWEATY	0.04358404129743576	0.17036975068705423
246728	SWEATY	0.09648347326687404	0.226347593324525
778574	SWEATY	0.1342313779251916	0.3239440066473825
1549778	SWEATY	0.09318684360810689	0.24872144843850816
1551246	SWEATY	0.06426181165235383	0.20077637263706752
5364729	SWEATY	0.18450792133808136	0.403073923928397
887	SWEATY	0.10021636741501945	0.23685035961014883
6057	SWEATY	0.19134446339947836	0.37806168624332975
92979	SWEATY	0.10053806432655879	0.22783245784895761
159055	SWEATY	0.018863226952297345	0.11471881717443466
379	AMMONIA/URINOUS	0.4860294461250305	0.6281350169863019
875	AMMONIA/URINOUS	0.1890020157609667	0.34658586978912354
1049	AMMONIA/URINOUS	0.20376351049968175	0.37870425411633085
2879	AMMONIA/URINOUS	0.4501902333327702	0.5953796463353294
5541	AMMONIA/URINOUS	0.2265794426202774	0.3705876043864659
6054	AMMONIA/URINOUS	0.2984233285699572	0.4324264568941934
7095	AMMONIA/URINOUS	0.30708115867206026	0.4732772239616939
7136	AMMONIA/URINOUS	0.08977797840322767	0.23497566367898667
7335	AMMONIA/URINOUS	0.29963119115148273	0.4600431365626199
7410	AMMONIA/URINOUS	0.4671248197555542	0.6293735419000898
7720	AMMONIA/URINOUS	0.4748630310807909	0.6299563561167035
7820	AMMONIA/URINOUS	0.2287988896880831	0.39472571866852896
7937	AMMONIA/URINOUS	0.3725127024309976	0.5313183665275574
8103	AMMONIA/URINOUS	0.44141455207552227	0.5831088508878436
8175	AMMONIA/URINOUS	0.4284077542168753	0.580803998879024
8918	AMMONIA/URINOUS	0.2446967703955514	0.3972416307244982
9016	AMMONIA/URINOUS	0.24604248574801854	0.3626894397394998
9589	AMMONIA/URINOUS	0.42246431963784353	0.6017564449991498
12810	AMMONIA/URINOUS	0.1872668702687536	0.3217272588184902
14104	AMMONIA/URINOUS	0.3469565340450832	0.5287977159023285
14286	AMMONIA/URINOUS	0.37523954680987764	0.5563574135303497
14491	AMMONIA/URINOUS	0.42637517622538973	0.6111356147697994
17525	AMMONIA/URINOUS	0.13293287051575525	0.28011634945869446
26331	AMMONIA/URINOUS	0.31209575704165865	0.49840440920421053
31210	AMMONIA/URINOUS	0.3485801773411887	0.4787359152521406
61052	AMMONIA/URINOUS	0.2474145314523152	0.40272414684295654
61151	AMMONIA/URINOUS	0.22175300334181106	0.37070333106177195
61155	AMMONIA/URINOUS	0.17829239794186183	0.2878722718783787
61252	AMMONIA/URINOUS	0.4106641284057072	0.5981843428952354
61331	AMMONIA/URINOUS	0.28261845452444895	0.4343941680022648
61337	AMMONIA/URINOUS	0.40892899462154936	0.5715139082499913
88454	AMMONIA/URINOUS	0.11318108918411392	0.2504322464976992
246728	AMMONIA/URINOUS	0.27551441533224924	0.44398318018232075
778574	AMMONIA/URINOUS	0.20539469165461405	0.3567707751478468
1549778	AMMONIA/URINOUS	0.20089639723300934	0.35473611525126864
1551246	AMMONIA/URINOUS	0.1782976452793394	0.31527691228049143
5364729	AMMONIA/URINOUS	0.25989904573985506	0.40686930077416555
887	AMMONIA/URINOUS	0.16959112669740403	0.34442733015332905
6057	AMMONIA/URINOUS	0.2195979995386941	0.379884272813797
92979	AMMONIA/URINOUS	0.2407545064176832	0.39949503540992737
159055	AMMONIA/URINOUS	0.45923358627728056	0.5872359446116856
379	DECAYED	0.1843381609235491	0.4823548495769501
875	DECAYED	0.09073103325707572	0.29941460490226746
1049	DECAYED	0.08634742455823081	0.3509494960308075
2879	DECAYED	0.12196252601487297	0.4215548762253353
5541	DECAYED	0.09270994365215302	0.3454583925860269
6054	DECAYED	0.08602338284254074	0.2709382602146694
7095	DECAYED	0.05851115392787116	0.2749724430697305
7136	DECAYED	0.06462025163429123	0.27532724823270527
7335	DECAYED	0.08420503352369581	0.3504797177655356
7410	DECAYED	0.0742692042674337	0.33298466886792866
7720	DECAYED	0.08818530717066356	0.3676600924560002
7820	DECAYED	0.07628452139241355	0.3352087608405522
7937	DECAYED	0.10677444296223777	0.419664591550827
8103	DECAYED	0.12660565759454454	0.398636166538511
8175	DECAYED	0.05651387359414782	0.27361856188092915
8918	DECAYED	0.03978473214166505	0.24602579644748143
9016	DECAYED	0.03934893757104874	0.24538731149264745
9589	DECAYED	0.10557097090142113	0.4264252356120518
12810	DECAYED	0.04672978153186185	0.2544598025935037
14104	DECAYED	0.07423372407044683	0.3541524452822549
14286	DECAYED	0.12611067507948195	0.44206580093928743
14491	DECAYED	0.29446731933525633	0.6965751605374473
17525	DECAYED	0.05614132647003446	0.3049525192805699
26331	DECAYED	0.13707675252641952	0.4736474539552416
31210	DECAYED	0.10851376503705978	0.38981592655181885
61052	DECAYED	0.0626673794218472	0.30162666525159565
61151	DECAYED	0.06012171506881714	0.27110432726996286
61155	DECAYED	0.05297407614333289	0.21393864282539912
61252	DECAYED	0.27235531700508936	0.6211981177330017
61331	DECAYED	0.09431274235248566	0.2869326855455126
61337	DECAYED	0.13690376494612014	0.46929282801491873
88454	DECAYED	0.050451169588736126	0.27227113928113666
246728	DECAYED	0.07521072668688637	0.3120656396661486
778574	DECAYED	0.07151968670742852	0.3255398826939719
1549778	DECAYED	0.0549602923648698	0.2365745838199343
1551246	DECAYED	0.046680020434515815	0.21989115859780992
5364729	DECAYED	0.11375602228300911	0.3930194888796125
887	DECAYED	0.055329729935952594	0.29125177434512545
6057	DECAYED	0.11919936005558286	0.3600197264126369
92979	DECAYED	0.06899636451687131	0.29800341384751455
159055	DECAYED	0.03832624879266534	0.31242369753973825
379	WOOD	0.414092664207731	0.6425060629844666
875	WOOD	0.26808661009584156	0.4000756527696337
1049	WOOD	0.22889972371714457	0.4010934829711914
2879	WOOD	0.1892577005284173	0.3324185737541744
5541	WOOD	0.17977220671517508	0.29763578517096384
6054	WOOD	0.1482011548110417	0.32700990779059275
7095	WOOD	0.12121626202549253	0.24202509011541093
7136	WOOD	0.28348111680575777	0.4901816461767469
7335	WOOD	0.16464047027485712	0.3455175927707127
7410	WOOD	0.19175438370023454	0.3569363568510328
7720	WOOD	0.19956703909805842	0.3897948350225176
7820	WOOD	0.14692081723894393	0.2794161524091448
7937	WOOD	0.34233088152749197	0.5496468118258885
8103	WOOD	0.18504189806325094	0.37238756247929167
8175	WOOD	0.30559341396604267	0.5160630430494036
8918	WOOD	0.22096699263368333	0.3957362685884748
9016	WOOD	0.1687191809926714	0.3031830830233438
9589	WOOD	0.42598905307906015	0.6529942750930786
12810	WOOD	0.17475030784096038	0.33881084408078876
14104	WOOD	0.3261833701814924	0.5373156837054661
14286	WOOD	0.4778649551527841	0.7380458286830357
14491	WOOD	0.10598727688193321	0.2737141634736742
17525	WOOD	0.09439107456377574	0.21328545468194143
26331	WOOD	0.5182030073234013	0.7688191873686654
31210	WOOD	0.16346371067421778	0.33952827538762775
61052	WOOD	0.14781807575907027	0.29200704608644756
61151	WOOD	0.14219009663377488	0.30150238956723896
61155	WOOD	0.2331597762448447	0.3917450393949236
61252	WOOD	0.23760718745844706	0.4215206801891327
61331	WOOD	0.1623695194721222	0.33419027073042734
61337	WOOD	0.17543918532984598	0.3391035624912807
88454	WOOD	0.0790327824652195	0.1818851636988776
246728	WOOD	0.14023323569978988	0.32637409227234976
778574	WOOD	0.13516396922724588	0.2980395129748753
1549778	WOOD	0.19896209027085984	0.3648486222539629
1551246	WOOD	0.23686137156827108	0.3851372812475477
5364729	WOOD	0.13450293562241963	0.296881697007588
887	WOOD	0.13853322182382857	0.2229029812983104
6057	WOOD	0.20325509352343424	0.3232699079172952
92979	WOOD	0.24713777431419917	0.40177200947489056
159055	WOOD	0.3196951746940613	0.4792913155896323
379	GRASS	0.07743483568940844	0.2057203416313444
875	GRASS	0.09315121280295509	0.2681881593806403
1049	GRASS	0.16596890879528864	0.3418707251548767
2879	GRASS	0.08006667877946581	0.20059299681867873
5541	GRASS	0.10925764484064919	0.27839286412511555
6054	GRASS	0.15035473661763327	0.3401158196585519
7095	GRASS	0.08901762962341309	0.23923549694674356
7136	GRASS	0.1003010624221393	0.24562804400920868
7335	GRASS	0.2776059763772147	0.5402225170816694
7410	GRASS	0.11092972542558398	0.306773909500667
7720	GRASS	0.14297608924763544	0.3399160248892648
7820	GRASS	0.12597480629171645	0.28483245202473234
7937	GRASS	0.16279203657593047	0.35348996945789884
8103	GRASS	0.15726966517312185	0.34417507478169035
8175	GRASS	0.12345315303121294	0.36487784555980135
8918	GRASS	0.09682367742061615	0.28190182575157713
9016	GRASS	0.12094765369381223	0.3148817888328007
9589	GRASS	0.16835797471659525	0.3763596372944968
12810	GRASS	0.09644475472824914	0.24995712297303335
14104	GRASS	0.15465702967984335	0.38203891260283335
14286	GRASS	0.1316134982875415	0.3183553559439523
14491	GRASS	0.07762036898306438	0.22272350319794246
17525	GRASS	0.16184058146817343	0.3212182266371591
26331	GRASS	0.1937591986996787	0.40851456352642607
31210	GRASS	0.13054387058530534	0.3123125838381903
61052	GRASS	0.08524489775300026	0.23269555824143545
61151	GRASS	0.14744324343545095	0.3679996686322348
61155	GRASS	0.1085461899638176	0.2949233991759164
61252	GRASS	0.06690755273614611	0.18696903543812887
61331	GRASS	0.11607481858560018	0.31482116878032684
61337	GRASS	0.08118895867041179	0.22585760908467428
88454	GRASS	0.1681175029703549	0.328633827822549
246728	GRASS	0.10036955348082952	0.2859872856310436
778574	GRASS	0.07003601534026009	0.1814923073564257
1549778	GRASS	0.1256616222006934	0.2972740956715175
1551246	GRASS	0.22754350943224771	0.4011113005025046
5364729	GRASS	0.0946614465543202	0.2396377388920103
887	GRASS	0.0802374647131988	0.24091577317033494
6057	GRASS	0.14872870913573674	0.3471943140029907
92979	GRASS	0.15028867231948034	0.3566015362739563
159055	GRASS	0.27283557610852377	0.5279337082590375
379	FLOWER	0.07114967757037707	0.2302256077528
875	FLOWER	0.19563413943563188	0.41283537234578815
1049	FLOWER	0.18717396685055324	0.38403486354010447
2879	FLOWER	0.1631778883082526	0.3352587712662561
5541	FLOWER	0.2653083460671561	0.49660912581852507
6054	FLOWER	0.4432199001312256	0.7636853797095162
7095	FLOWER	0.2715072078364236	0.5257056355476379
7136	FLOWER	0.2956460288592747	0.5171552683625903
7335	FLOWER	0.2748662531375885	0.6175832918712071
7410	FLOWER	0.24192962901932852	0.5056280536311013
7720	FLOWER	0.17771893313952855	0.4079538881778717
7820	FLOWER	0.2566388440983636	0.5026270619460514
7937	FLOWER	0.10283842469964709	0.2561831389154707
8103	FLOWER	0.16643218908991134	0.376731847013746
8175	FLOWER	0.23565290655408586	0.4470843459878649
8918	FLOWER	0.31921333500317167	0.5911306738853455
9016	FLOWER	0.2308357677289418	0.4777382527078901
9589	FLOWER	0.10990281615938459	0.283201311315809
12810	FLOWER	0.31508210727146696	0.5828976801463536
14104	FLOWER	0.12781481444835663	0.3207233761038099
14286	FLOWER	0.08322424707668168	0.25065210674490246
14491	FLOWER	0.09995531503643308	0.15162773164255278
17525	FLOWER	0.3152153789997101	0.5725287241595132
26331	FLOWER	0.02548897053514208	0.17013518937996455
31210	FLOWER	0.3030204006603786	0.5691965307508197
61052	FLOWER	0.37867731707436697	0.6922797816140311
61151	FLOWER	0.33153475182397024	0.6054931453296116
61155	FLOWER	0.38987041796956745	0.6734557066644941
61252	FLOWER	0.10099990825567927	0.16281038629157202
61331	FLOWER	0.40913658482687815	0.6854655572346279
61337	FLOWER	0.16233313296522414	0.3777658002717154
88454	FLOWER	0.34773108788899015	0.6170505966459002
246728	FLOWER	0.22720065712928772	0.49235101682799204
778574	FLOWER	0.33265172583716257	0.6269314885139465
1549778	FLOWER	0.407398338828768	0.6652859023639134
1551246	FLOWER	0.2631625660828182	0.4683091001851218
5364729	FLOWER	0.23556154540606908	0.48601784450667246
887	FLOWER	0.21123825226511275	0.4316870016711099
6057	FLOWER	0.22516475192138127	0.4779624896390097
92979	FLOWER	0.35726846541677204	0.5807061535971505
159055	FLOWER	0.19538263550826482	0.4772844442299434
379	CHEMICAL	0.3946264088153839	0.7420250432831901
875	CHEMICAL	0.16406871378421783	0.4637926093169621
1049	CHEMICAL	0.17004634652818953	0.4819915975843157
2879	CHEMICAL	0.3894658088684082	0.668687471321651
5541	CHEMICAL	0.24061548709869385	0.5508202229227338
6054	CHEMICAL	0.2624389465366091	0.5688811796052116
7095	CHEMICAL	0.4231267145701817	0.7131655727113996
7136	CHEMICAL	0.0920720605977944	0.39447558351925444
7335	CHEMICAL	0.31682645848819185	0.6226025564329964
7410	CHEMICAL	0.5253431924751827	0.7952277490070888
7720	CHEMICAL	0.5244599325316293	0.8136740837778363
7820	CHEMICAL	0.27118686054434094	0.6061878374644688
7937	CHEMICAL	0.3400407263210842	0.6498958212988717
8103	CHEMICAL	0.4244051618235452	0.7427015560013908
8175	CHEMICAL	0.46204308952604023	0.7657077227319989
8918	CHEMICAL	0.31241325395447866	0.6426875931876046
9016	CHEMICAL	0.33160864242485594	0.6129438962255206
9589	CHEMICAL	0.4221169182232448	0.7231675471578326
12810	CHEMICAL	0.26283673303467886	0.5917745658329555
14104	CHEMICAL	0.40423658064433504	0.7155960968562535
14286	CHEMICAL	0.31924191968781607	0.6283797792025975
14491	CHEMICAL	0.21837751141616277	0.5631557532719204
17525	CHEMICAL	0.16914944457156317	0.5111165472439357
26331	CHEMICAL	0.25796868971415926	0.590737019266401
31210	CHEMICAL	0.25729987025260925	0.5986135601997375
61052	CHEMICAL	0.2892450562545231	0.6163192646844047
61151	CHEMICAL	0.3023637001003538	0.6311384780066354
61155	CHEMICAL	0.1825492243681635	0.47931112561907085
61252	CHEMICAL	0.1959291153720447	0.5585690140724182
61331	CHEMICAL	0.2304019331932068	0.5723755274500165
61337	CHEMICAL	0.37200111150741577	0.696412478174482
88454	CHEMICAL	0.17882789564984186	0.5192426357950483
246728	CHEMICAL	0.37090541635240826	0.6818573304585048
778574	CHEMICAL	0.19495291582175664	0.48420447536877226
1549778	CHEMICAL	0.21644510541643416	0.5219147375651768
1551246	CHEMICAL	0.23797045860971724	0.5250545058931623
5364729	CHEMICAL	0.2558685051543372	0.578666457108089
887	CHEMICAL	0.20760904252529144	0.511601984500885
6057	CHEMICAL	0.18048496970108577	0.4859007086072649
92979	CHEMICAL	0.26708383219582693	0.5802730747631618
159055	CHEMICAL	0.6336721437317985	0.8957218783242362
