oID	descriptor	value	sigma
660	INTENSITY/STRENGTH	0.6562636750085014	0.661957825933184
2214	INTENSITY/STRENGTH	0.4041923667703356	0.6852366157940456
6386	INTENSITY/STRENGTH	0.2250341059906142	0.580436110496521
7059	INTENSITY/STRENGTH	0.48118716052600313	0.5882053375244141
7695	INTENSITY/STRENGTH	0.4362551271915436	0.7058340992246356
7795	INTENSITY/STRENGTH	0.5625167659350804	0.7550931402615139
7803	INTENSITY/STRENGTH	0.4401855596474239	0.7308470010757446
7967	INTENSITY/STRENGTH	0.6416791677474976	0.7626963598387582
7983	INTENSITY/STRENGTH	0.6330438767160688	0.7639681952340263
7997	INTENSITY/STRENGTH	0.3798438140324184	0.7509024654115949
8042	INTENSITY/STRENGTH	0.19146301916667394	0.5881918498447963
8082	INTENSITY/STRENGTH	0.21101859637669154	0.5780581746782575
8163	INTENSITY/STRENGTH	0.43529875789369854	0.7070714661053249
8723	INTENSITY/STRENGTH	0.272072502544948	0.6513573101588658
8797	INTENSITY/STRENGTH	0.5949958051953997	0.6907431823866708
9862	INTENSITY/STRENGTH	0.6355979442596436	0.6960433380944389
10400	INTENSITY/STRENGTH	0.5518258256571633	0.7562512670244489
11902	INTENSITY/STRENGTH	0.418618734393801	0.6575624772480556
11980	INTENSITY/STRENGTH	0.4314463223729815	0.6777902330671038
12506	INTENSITY/STRENGTH	0.4876070874077933	0.7469337582588196
12580	INTENSITY/STRENGTH	0.5511810098375592	0.6595512969153268
15717	INTENSITY/STRENGTH	0.5022522296224322	0.739609922681536
18554	INTENSITY/STRENGTH	0.2889297902584076	0.6519743800163269
22873	INTENSITY/STRENGTH	0.3418857072080885	0.6525997774941581
24834	INTENSITY/STRENGTH	0.6717873896871295	0.707511135510036
27457	INTENSITY/STRENGTH	0.36975772040230886	0.7228941917419434
31225	INTENSITY/STRENGTH	0.3688688150474003	0.7347070915358407
31244	INTENSITY/STRENGTH	0.4869109903063093	0.6734253593853542
61293	INTENSITY/STRENGTH	0.7219969289643424	0.7737440637179783
61527	INTENSITY/STRENGTH	0.43308311700820923	0.6036961419241769
61809	INTENSITY/STRENGTH	0.46450875060898916	0.6724138855934143
62332	INTENSITY/STRENGTH	0.21906193026474544	0.6977599944387164
101604	INTENSITY/STRENGTH	0.43917128443717957	0.7409772021429879
104721	INTENSITY/STRENGTH	0.511459401675633	0.7664333496774945
106997	INTENSITY/STRENGTH	0.4300123964037214	0.7745041932378497
220674	INTENSITY/STRENGTH	0.45059274775641306	0.7860616445541382
595928	INTENSITY/STRENGTH	0.4508667928831918	0.6861759168761117
807	INTENSITY/STRENGTH	0.651248174054282	0.7199011445045471
10748	INTENSITY/STRENGTH	0.6923533252307347	0.698860228061676
24116	INTENSITY/STRENGTH	0.4643607182162149	0.6934958270617894
444683	INTENSITY/STRENGTH	0.18766437470912933	0.6115275280816215
660	VALENCE/PLEASANTNESS	0.47086053235190256	0.6981214540345329
2214	VALENCE/PLEASANTNESS	0.5749614323888507	0.6889347944940839
6386	VALENCE/PLEASANTNESS	0.48469386781964985	0.6412643960544041
7059	VALENCE/PLEASANTNESS	0.4549831109387534	0.6540364282471793
7695	VALENCE/PLEASANTNESS	0.6688799347196307	0.6891394938741412
7795	VALENCE/PLEASANTNESS	0.750763475894928	0.6502442615372794
7803	VALENCE/PLEASANTNESS	0.6330093571117946	0.6697209051677159
7967	VALENCE/PLEASANTNESS	0.44182070238249643	0.7293516567775181
7983	VALENCE/PLEASANTNESS	0.800845376082829	0.6518996272768293
7997	VALENCE/PLEASANTNESS	0.5573199646813529	0.6971372621400016
8042	VALENCE/PLEASANTNESS	0.4211654705660684	0.563731678894588
8082	VALENCE/PLEASANTNESS	0.48531306641442434	0.6110500267573765
8163	VALENCE/PLEASANTNESS	0.5460795164108276	0.6868933779852731
8723	VALENCE/PLEASANTNESS	0.5284352047102792	0.642432085105351
8797	VALENCE/PLEASANTNESS	0.5388642294066293	0.6791453787258693
9862	VALENCE/PLEASANTNESS	0.5900826028415135	0.6809570278440203
10400	VALENCE/PLEASANTNESS	0.4992026260920933	0.726417567048754
11902	VALENCE/PLEASANTNESS	0.5203371899468558	0.6582828164100647
11980	VALENCE/PLEASANTNESS	0.5537236843790326	0.6564969335283551
12506	VALENCE/PLEASANTNESS	0.6411969065666199	0.6911580221993583
12580	VALENCE/PLEASANTNESS	0.4687019331114633	0.6939376933234078
15717	VALENCE/PLEASANTNESS	0.5737009729657855	0.6945181659289769
18554	VALENCE/PLEASANTNESS	0.4496143417698996	0.6307779380253383
22873	VALENCE/PLEASANTNESS	0.6112748469625201	0.64083560023989
24834	VALENCE/PLEASANTNESS	0.6783416952405658	0.7174086400440761
27457	VALENCE/PLEASANTNESS	0.3731325353894915	0.6460180793489728
31225	VALENCE/PLEASANTNESS	0.6823404771941048	0.748083736215319
31244	VALENCE/PLEASANTNESS	0.6853952237537929	0.6884098649024963
61293	VALENCE/PLEASANTNESS	0.937158635684422	0.6342344880104065
61527	VALENCE/PLEASANTNESS	0.39340963533946444	0.5848849245480129
61809	VALENCE/PLEASANTNESS	0.3546395812715803	0.6388099959918431
62332	VALENCE/PLEASANTNESS	0.6430632727486747	0.7056276883397784
101604	VALENCE/PLEASANTNESS	0.5815374170030866	0.7137413110051837
104721	VALENCE/PLEASANTNESS	0.3309039771556854	0.6152631981032235
106997	VALENCE/PLEASANTNESS	0.4933455160685948	0.6951042754309518
220674	VALENCE/PLEASANTNESS	0.6410950337137494	0.7411129474639893
595928	VALENCE/PLEASANTNESS	0.6036159566470555	0.6767157656805856
807	VALENCE/PLEASANTNESS	0.2766913878066199	0.5934608323233468
10748	VALENCE/PLEASANTNESS	0.6088389754295349	0.7195104701178414
24116	VALENCE/PLEASANTNESS	0.7899455513272967	0.6615967580250331
444683	VALENCE/PLEASANTNESS	0.5017585669245038	0.6339892063822065
660	BAKERY	0.08497586420604161	0.24640379633222306
2214	BAKERY	0.2208818644285202	0.5066337415150234
6386	BAKERY	0.050863691206489293	0.2661737608058112
7059	BAKERY	0.03205111197062901	0.17194309830665588
7695	BAKERY	0.09760229502405439	0.3330292318548475
7795	BAKERY	0.12193446606397629	0.41356093117168974
7803	BAKERY	0.07647885807922908	0.306018876177924
7967	BAKERY	0.01979484861450536	0.12894876833472932
7983	BAKERY	0.1312158086470195	0.4283627612250192
7997	BAKERY	0.04499616926269872	0.24567024409770966
8042	BAKERY	0.040821218597037454	0.17736629715987615
8082	BAKERY	0.052414633333683014	0.25525990767138346
8163	BAKERY	0.020850342033164843	0.2076548912695476
8723	BAKERY	0.06423923692532948	0.2718800561768668
8797	BAKERY	0.05323409555213792	0.22895475796290807
9862	BAKERY	0.04461987289999213	0.21789074582712992
10400	BAKERY	0.011508670502475329	0.13902618097407476
11902	BAKERY	0.1583428829908371	0.4857306352683476
11980	BAKERY	0.13193541978086745	0.4112090596130916
12506	BAKERY	0.07371312326618604	0.3028198054858616
12580	BAKERY	0.10252312304718154	0.30771446228027344
15717	BAKERY	0.11601933730500084	0.3611941507884434
18554	BAKERY	0.051193329106484144	0.22903611404555185
22873	BAKERY	0.043210284518344064	0.20696162113121577
24834	BAKERY	0.1875321396759578	0.4092340852533068
27457	BAKERY	0.1121973145220961	0.39945622852870394
31225	BAKERY	0.012020869446652276	0.16802134258406504
31244	BAKERY	0.19189092304025376	0.45521312952041626
61293	BAKERY	0.2531450114079884	0.5903093644550869
61527	BAKERY	0.05969149140375001	0.25176541081496645
61809	BAKERY	0.09698777060423579	0.36580135992595125
62332	BAKERY	-0.0006956388907773155	0.13394812494516373
101604	BAKERY	0.020448472084743635	0.1766923793724605
104721	BAKERY	0.135327403566667	0.39514600379126413
106997	BAKERY	0.01003157879625048	0.14140950569084712
220674	BAKERY	0.029743470517652377	0.20679775306156703
595928	BAKERY	0.05525111460259983	0.21049943140574864
807	BAKERY	0.04363496069397245	0.21478351099150522
10748	BAKERY	0.2394741645881108	0.5042111831051963
24116	BAKERY	0.07711151614785194	0.33308157324790955
444683	BAKERY	0.0457480786634343	0.24079676185335433
660	SWEET	0.1762384240116392	0.5412544310092926
2214	SWEET	0.2516960842268808	0.6703621404511588
6386	SWEET	0.10000933174576078	0.4037391117640904
7059	SWEET	0.13249644424234117	0.4816659986972809
7695	SWEET	0.37172799025263104	0.7641051496778216
7795	SWEET	0.5977318712643215	0.8525848303522382
7803	SWEET	0.3770703801086971	0.7276185665811811
7967	SWEET	0.12375081862722125	0.5055096021720341
7983	SWEET	0.6631408333778381	0.8955393518720355
7997	SWEET	0.2601728290319443	0.6709423576082502
8042	SWEET	0.09442407424960818	0.3596682591097696
8082	SWEET	0.12485345772334508	0.44696388500077383
8163	SWEET	0.19485499390533992	0.5674724451133183
8723	SWEET	0.18898471977029527	0.5441794565745762
8797	SWEET	0.2562735080718994	0.6357611843517849
9862	SWEET	0.29990492122513907	0.6474571909223285
10400	SWEET	0.1645597591996193	0.57985372202737
11902	SWEET	0.19557504781654902	0.5904954671859741
11980	SWEET	0.2387328382049288	0.619946300983429
12506	SWEET	0.3672097793647221	0.7539903691836766
12580	SWEET	0.1398675995213645	0.46596361483846394
15717	SWEET	0.33575054151671274	0.6938542468207223
18554	SWEET	0.12052165823323387	0.45692719306264606
22873	SWEET	0.29217192104884554	0.6133545296532767
24834	SWEET	0.4076191186904907	0.7923332367624555
27457	SWEET	0.0915819661957877	0.4740311673709324
31225	SWEET	0.2951440044811794	0.7723087327820914
31244	SWEET	0.38516153608049664	0.7676517537661961
61293	SWEET	0.8147836583001273	1.0406527604375566
61527	SWEET	0.1340694118823324	0.4109854655606406
61809	SWEET	0.08903631035770689	0.40119850635528564
62332	SWEET	0.24131145647593907	0.6702171819550651
101604	SWEET	0.19315687886306218	0.585787160055978
104721	SWEET	0.11250592661755425	0.45173437680516926
106997	SWEET	0.12407787889242172	0.44074490240642
220674	SWEET	0.2626715579203197	0.7202774456569127
595928	SWEET	0.26818837012563435	0.6483752642359052
807	SWEET	0.055726076875414164	0.24201920202800206
10748	SWEET	0.3292451628616878	0.7245479651859829
24116	SWEET	0.5041366687842778	0.897661702973502
444683	SWEET	0.13108744152954646	0.4841137230396271
660	FRUIT	0.05011418515018055	0.2814074328967503
2214	FRUIT	0.01498204150370189	0.2045977988413402
6386	FRUIT	-0.0011241486562149866	0.13537094848496573
7059	FRUIT	0.04325181006320885	0.2318197957106999
7695	FRUIT	0.250838931117739	0.560228339263371
7795	FRUIT	0.5499182769230434	0.7288869534220014
7803	FRUIT	0.314850036587034	0.5974661793027606
7967	FRUIT	0.03158498555421829	0.33067758168493
7983	FRUIT	0.6133333614894322	0.7903344290597099
7997	FRUIT	0.18848424511296408	0.5247765140874046
8042	FRUIT	0.027744077146053314	0.17353095752852304
8082	FRUIT	0.03157444191830499	0.1838954452957426
8163	FRUIT	0.13550420318331038	0.37041601112910677
8723	FRUIT	0.0985757399882589	0.32004167778151377
8797	FRUIT	0.18540172704628535	0.4574355866227831
9862	FRUIT	0.28188630299908773	0.5536980714116778
10400	FRUIT	0.05516590151403632	0.39001746688570293
11902	FRUIT	0.05329591727682522	0.23362011781760625
11980	FRUIT	0.11206997398819242	0.3279593842370169
12506	FRUIT	0.277785918542317	0.6052148256983075
12580	FRUIT	0.005809156490223748	0.17971320024558476
15717	FRUIT	0.21186152313436782	0.43995214785848347
18554	FRUIT	0.04474486011479582	0.24770866334438324
22873	FRUIT	0.26016814368111746	0.47272615347589764
24834	FRUIT	0.1835985013416835	0.4842243662902287
27457	FRUIT	0.002019065831388746	0.1522125197308404
31225	FRUIT	0.1924645666565214	0.504908527646746
31244	FRUIT	0.16623327561787196	0.4193718561104366
61293	FRUIT	0.6823485749108451	0.8506192735263279
61527	FRUIT	0.03811812374208655	0.1928238911288125
61809	FRUIT	0.01565867183463914	0.1375083401799202
62332	FRUIT	0.08446514712912696	0.309487589768001
101604	FRUIT	0.11967294131006513	0.41211388792310444
104721	FRUIT	-0.010770304394619805	0.12375793393169131
106997	FRUIT	0.031548723844545226	0.2541764016662325
220674	FRUIT	0.13639973742621286	0.4795114951474326
595928	FRUIT	0.17670221201011113	0.46572824461119516
807	FRUIT	0.03600892025445189	0.14885448132242476
10748	FRUIT	0.09121443810207504	0.35081264802387785
24116	FRUIT	0.4057365996497018	0.6659960576466152
444683	FRUIT	0.02569270825811795	0.244898864201137
660	FISH	0.04141067101487091	0.060962240610803874
2214	FISH	0.061559178467307775	0.07722173338489872
6386	FISH	0.04773925404463496	0.08322772197425365
7059	FISH	0.029226181230374744	0.07689596233623368
7695	FISH	0.01602170430123806	0.05401648447981903
7795	FISH	0.04342558341366904	0.04811895479049001
7803	FISH	0.0516576985163348	0.06051458471587726
7967	FISH	0.017705695570579598	0.06164340249129704
7983	FISH	0.03763882948883942	0.031720694952777455
7997	FISH	0.05184469957436834	0.06919679311769349
8042	FISH	0.06566566122429711	0.13574869292122976
8082	FISH	0.05990293116441795	0.15607093487467086
8163	FISH	0.02104791865817138	0.0282905213534832
8723	FISH	0.039678393730095456	0.10764854720660619
8797	FISH	0.017560103375996863	0.05411135006163802
9862	FISH	0.025772025010415485	0.05577492793755872
10400	FISH	-0.002225237898528576	0.028045517525502613
11902	FISH	0.07717362897736686	0.11781761369534902
11980	FISH	0.05279682097690446	0.0767033054892506
12506	FISH	0.03268180415034294	0.04804672247597149
12580	FISH	0.06248685212007591	0.10028303201709475
15717	FISH	0.0284844913652965	0.07365420141390391
18554	FISH	0.028324194518583163	0.09987501587186541
22873	FISH	0.03910406918397972	0.08903232961893082
24834	FISH	0.037198805915457864	0.02753110815371786
27457	FISH	0.04643172238554273	0.12440977777753558
31225	FISH	0.03383664706987994	0.04306175533149924
31244	FISH	0.03849057321037565	0.07978708829198565
61293	FISH	0.010179107742650169	0.006430924737027713
61527	FISH	0.07022618369332381	0.15533455567700521
61809	FISH	0.16669414511748723	0.2928357294627598
62332	FISH	0.018399407155811787	0.047999029979109764
101604	FISH	0.046789291713918955	0.0969189964234829
104721	FISH	0.045680687097566466	0.13680030405521393
106997	FISH	0.02620175906590053	0.011038646101951599
220674	FISH	0.0011161000334790774	0.037115326949528286
595928	FISH	0.029829909758908407	0.08313336329800743
807	FISH	0.29685255885124207	0.45924045358385357
10748	FISH	0.05496868597609656	0.08013436730418887
24116	FISH	0.01990445437175887	0.027614816491092955
444683	FISH	0.03726830626172679	0.10968751886061259
660	GARLIC	0.026261589622923305	0.13768338305609568
2214	GARLIC	0.034036192510809214	0.18599760958126613
6386	GARLIC	0.10815229160445076	0.2582748511007854
7059	GARLIC	0.03593243206185954	0.17399936701570237
7695	GARLIC	0.044006036328417916	0.15915984021765844
7795	GARLIC	0.03536262469632285	0.12743933073111943
7803	GARLIC	0.06033879119370665	0.17860666981765203
7967	GARLIC	0.055982469980205805	0.15945842862129211
7983	GARLIC	0.018117142575127736	0.10283070164067405
7997	GARLIC	0.07151215044515473	0.19445485302380153
8042	GARLIC	0.09371679276227951	0.2813386342355183
8082	GARLIC	0.09106524927275521	0.2843404710292816
8163	GARLIC	0.04999337850936821	0.17944965617997305
8723	GARLIC	0.09667627513408661	0.2619378353868212
8797	GARLIC	0.025800218805670738	0.12992370022194727
9862	GARLIC	0.048310824004667144	0.16701051592826843
10400	GARLIC	0.038451697677373886	0.12270009517669678
11902	GARLIC	0.11211391112634114	0.29388031576360973
11980	GARLIC	0.09074560978582927	0.24614786888871873
12506	GARLIC	0.0582071811492954	0.1659501897437232
12580	GARLIC	0.06521934270858765	0.19466129796845572
15717	GARLIC	0.051131696573325565	0.2037345596722194
18554	GARLIC	0.06584799183266503	0.24025037246091024
22873	GARLIC	0.06415977807981628	0.19458394816943578
24834	GARLIC	0.00529084461075919	0.11134195859943118
27457	GARLIC	0.07831287650125367	0.28724233167512075
31225	GARLIC	0.04085047117301396	0.17546888760157994
31244	GARLIC	0.0199997571430036	0.17124440840312413
61293	GARLIC	0.007263425471527236	0.0819697023502418
61527	GARLIC	0.07904020271130971	0.26640198273318155
61809	GARLIC	0.20284682299409593	0.4197322853973934
62332	GARLIC	0.012928992509841919	0.14435464782374247
101604	GARLIC	0.07375138758548669	0.19685555355889456
104721	GARLIC	0.08243827681456294	0.2935625676597868
106997	GARLIC	0.03765486526702132	0.16441481241158076
220674	GARLIC	0.05778528430632183	0.1509639173746109
595928	GARLIC	0.051118556410074234	0.17216194527489798
807	GARLIC	0.29416839139802115	0.5117413188729968
10748	GARLIC	0.04470205892409597	0.1805919451372964
24116	GARLIC	0.03191660371209894	0.12465446548802513
444683	GARLIC	0.10422553547791072	0.27508955768176485
660	SPICES	0.1947949422257287	0.43604399476732525
2214	SPICES	0.2686090554509844	0.5328413886683327
6386	SPICES	0.21458376518317632	0.41992766090801786
7059	SPICES	0.13873580417462758	0.36318424344062805
7695	SPICES	0.1737371895994459	0.4386474575315203
7795	SPICES	0.10660601407289505	0.3418129086494446
7803	SPICES	0.10098929277488164	0.3053094872406551
7967	SPICES	0.09668087054576192	0.3503765080656324
7983	SPICES	0.10254696330853871	0.3511668188231332
7997	SPICES	0.0959816085440772	0.29055849994931904
8042	SPICES	0.13344082342726843	0.34445020982197355
8082	SPICES	0.151503358568464	0.3765865308897836
8163	SPICES	0.12875841238668986	0.3523827791213989
8723	SPICES	0.15128988879067556	0.35194720114980427
8797	SPICES	0.1400808266230992	0.362314190183367
9862	SPICES	0.1531273935522352	0.36863441126687185
10400	SPICES	0.10555927348988396	0.3362721715654646
11902	SPICES	0.21858263228620803	0.47049617767333984
11980	SPICES	0.19705863296985626	0.43150203994342257
12506	SPICES	0.12273980677127838	0.3539971283503941
12580	SPICES	0.34494994793619427	0.5722822546958923
15717	SPICES	0.17481555257524764	0.3739420005253383
18554	SPICES	0.150515011378697	0.3582742469651358
22873	SPICES	0.16547515988349915	0.37309730478695463
24834	SPICES	0.20177039078303746	0.4912681111267635
27457	SPICES	0.16731542774609157	0.390519095318658
31225	SPICES	0.14302368036338262	0.3519392268998282
31244	SPICES	0.22190122519220626	0.5058991823877607
61293	SPICES	0.11544299657855715	0.437440744468144
61527	SPICES	0.09710368407624108	0.30480692642075674
61809	SPICES	0.2231756831918444	0.480115498815264
62332	SPICES	0.14796594423907145	0.3469447025230953
101604	SPICES	0.24579203767435892	0.527981813464846
104721	SPICES	0.10194632623876844	0.3200766571930477
106997	SPICES	0.1793771450008665	0.4703062219279153
220674	SPICES	0.1978587188891002	0.4432350439684732
595928	SPICES	0.16819787664072855	0.39013943501881193
807	SPICES	0.23863895876067026	0.484878271818161
10748	SPICES	0.2511098448719297	0.5509937150137765
24116	SPICES	0.13725829550198146	0.38522570048059734
444683	SPICES	0.1570818147489003	0.35976738589150564
660	COLD	0.33501237630844116	0.561141346182142
2214	COLD	0.191607837166105	0.35996594173567636
6386	COLD	0.3117113390139171	0.4713079631328583
7059	COLD	0.313368912254061	0.4986084657055991
7695	COLD	0.3314010926655361	0.5414167131696429
7795	COLD	0.24599773968969071	0.4341675639152527
7803	COLD	0.27366325897829874	0.46211540699005127
7967	COLD	0.4710414707660675	0.6595139077731541
7983	COLD	0.261759238583701	0.45393130608967375
7997	COLD	0.31136658787727356	0.49529668263026644
8042	COLD	0.2258532132421221	0.38369583232062204
8082	COLD	0.2882413693836757	0.44337731174060274
8163	COLD	0.3069448598793575	0.5247000115258353
8723	COLD	0.2787294387817383	0.43132265550749643
8797	COLD	0.33670819657189505	0.5293777201856885
9862	COLD	0.33559211662837435	0.5364884904452732
10400	COLD	0.4944678715297154	0.6792667933872768
11902	COLD	0.21371201957975114	0.38410013914108276
11980	COLD	0.27823630826813833	0.461938066141946
12506	COLD	0.33603507706097197	0.5356318610055106
12580	COLD	0.2713307568005153	0.4949988169329507
15717	COLD	0.25826577629361835	0.44842023508889334
18554	COLD	0.24916731885501317	0.4310593732765743
22873	COLD	0.26185845477240427	0.46006465383938383
24834	COLD	0.33190350447382244	0.5576589362961906
27457	COLD	0.16182372399738856	0.3206386012690408
31225	COLD	0.3216603696346283	0.5219560052667346
31244	COLD	0.2828279861382076	0.49263225708689007
61293	COLD	0.27017439688955036	0.46806213685444426
61527	COLD	0.20135668345860072	0.35239891920770916
61809	COLD	0.15304566281182425	0.29771990861211506
62332	COLD	0.2952106126717159	0.4829699993133545
101604	COLD	0.42057080779756817	0.6324656861168998
104721	COLD	0.11790963155882699	0.27259051374026705
106997	COLD	0.4029971957206726	0.6051352790423802
220674	COLD	0.5570544089589801	0.7167387349264962
595928	COLD	0.3357457561152322	0.5385274035590035
807	COLD	0.17177191802433558	0.3261468325342451
10748	COLD	0.30765957065990995	0.5150707619530814
24116	COLD	0.34377517870494295	0.5179212731974465
444683	COLD	0.3259985659803663	0.4617847800254822
660	SOUR	0.1726515931742532	0.3759682221072061
2214	SOUR	0.1250765866466931	0.3410560701574598
6386	SOUR	0.21368757316044398	0.42799130507877897
7059	SOUR	0.156951761671475	0.39185827119009836
7695	SOUR	0.13305226606982096	0.368956059217453
7795	SOUR	0.22976583455290114	0.44136427555765423
7803	SOUR	0.21229220926761627	0.4344118663242885
7967	SOUR	0.18996597613607133	0.42298346757888794
7983	SOUR	0.18243912713868277	0.39722826225417
7997	SOUR	0.22979156885828292	0.45191999844142366
8042	SOUR	0.28346793353557587	0.4856703962598528
8082	SOUR	0.21082607337406703	0.4584378557545798
8163	SOUR	0.16074777926717485	0.3744307926722935
8723	SOUR	0.2322155088186264	0.45699494651385714
8797	SOUR	0.17939222497599466	0.3737056851387024
9862	SOUR	0.22063236364296504	0.4008008199078696
10400	SOUR	0.15803593397140503	0.37713985783713205
11902	SOUR	0.2231736353465489	0.44625366159847807
11980	SOUR	0.2110699713230133	0.4382886290550232
12506	SOUR	0.15211131317274912	0.3938340629850115
12580	SOUR	0.15435257979801723	0.3583748127732958
15717	SOUR	0.26595907126154217	0.4615325459412166
18554	SOUR	0.18790764893804277	0.4296884366444179
22873	SOUR	0.22362573657717025	0.419817111321858
24834	SOUR	0.1211749017238617	0.32241869824273245
27457	SOUR	0.23642711767128535	0.49455577986580984
31225	SOUR	0.15108003148010798	0.3978610081332071
31244	SOUR	0.10441793607813972	0.32172465324401855
61293	SOUR	0.11448977249009269	0.33654680848121643
61527	SOUR	0.2733530742781503	0.5056267721312386
61809	SOUR	0.25396560771124704	0.5183375648089817
62332	SOUR	0.12961342079298838	0.36329542313303265
101604	SOUR	0.1717132521527154	0.3798185629504068
104721	SOUR	0.3128669559955597	0.5777802893093654
106997	SOUR	0.14526068844965526	0.3521697521209717
220674	SOUR	0.1358111117567335	0.3587383244718824
595928	SOUR	0.1421311210308756	0.36571707470076426
807	SOUR	0.42876445821353365	0.6603658965655735
10748	SOUR	0.1228059572832925	0.32985808168138775
24116	SOUR	0.11491392127105168	0.3357286538396563
444683	SOUR	0.24693978897162847	0.46982901862689425
660	BURNT	0.18792885967663356	0.4417015143803188
2214	BURNT	0.19454234093427658	0.46623319387435913
6386	BURNT	0.1375351260815348	0.40427030835832867
7059	BURNT	0.15954258612224034	0.40605958444731577
7695	BURNT	0.033838559208171706	0.20373109195913588
7795	BURNT	0.01881725074989455	0.13163643330335617
7803	BURNT	0.055737235716411045	0.2103403572525297
7967	BURNT	0.10448672728879112	0.3535109375204359
7983	BURNT	0.013569676716412817	0.11706184382949557
7997	BURNT	0.05056581539767129	0.23336284501211985
8042	BURNT	0.12226093986204692	0.3883659413882664
8082	BURNT	0.110596878187997	0.3312953625406538
8163	BURNT	0.08503234386444092	0.3009069987705776
8723	BURNT	0.07269331812858582	0.26381261008126394
8797	BURNT	0.11482143295662743	0.3044864365032741
9862	BURNT	0.054673370506082265	0.22200446469443186
10400	BURNT	0.0736652213547911	0.2928982547351292
11902	BURNT	0.20321373215743474	0.42647784096854074
11980	BURNT	0.13397344095366343	0.3386284112930298
12506	BURNT	0.039172066641705375	0.19679674080439977
12580	BURNT	0.23413109353610448	0.547556289604732
15717	BURNT	0.05315986116017614	0.2124038232224328
18554	BURNT	0.11511668562889099	0.3649692577975137
22873	BURNT	0.046382609754800797	0.21514363586902618
24834	BURNT	0.06157227286270687	0.24252601180757796
27457	BURNT	0.23935645392962865	0.5621864327362606
31225	BURNT	0.02960304862686566	0.19997876031058176
31244	BURNT	0.039699838895882876	0.22756477338927134
61293	BURNT	0.011545524001121521	0.09488446797643389
61527	BURNT	0.19560483204466955	0.48431260670934406
61809	BURNT	0.3090740995747702	0.613252158675875
62332	BURNT	0.022181889840534756	0.20045689599854605
101604	BURNT	0.05647311306425503	0.22967828171593802
104721	BURNT	0.28712526176656994	0.612969730581556
106997	BURNT	0.07796848618558475	0.31821838447025846
220674	BURNT	0.0188892377274377	0.17072448985917227
595928	BURNT	0.035360272973775864	0.2214286199637822
807	BURNT	0.20287196976797922	0.5025379998343331
10748	BURNT	0.1738659484045846	0.37339729922158377
24116	BURNT	0.00978666650397437	0.11647375779492515
444683	BURNT	0.08130117878317833	0.2694467604160309
660	ACID	0.41566908785275053	0.6241488967623029
2214	ACID	0.19157533134732926	0.40605929493904114
6386	ACID	0.35569830877440317	0.545083361012595
7059	ACID	0.3955684644835336	0.5984043904713222
7695	ACID	0.1868099910872323	0.4240188343184335
7795	ACID	0.1473999289529664	0.36635435479027884
7803	ACID	0.29236277512141634	0.49410984345844816
7967	ACID	0.6642972997256688	0.8426669410296849
7983	ACID	0.14700140804052353	0.36773955821990967
7997	ACID	0.38142540199416025	0.5814916321209499
8042	ACID	0.30512929814202444	0.4897557922771999
8082	ACID	0.23977487640721457	0.45431624140058247
8163	ACID	0.28173708489962984	0.5230210508619036
8723	ACID	0.2565342698778425	0.45842495560646057
8797	ACID	0.342684486082622	0.5478778566632952
9862	ACID	0.29465255567005705	0.523815027305058
10400	ACID	0.5803736277988979	0.76768787418093
11902	ACID	0.1834668048790523	0.38632497617176603
11980	ACID	0.2145396832908903	0.42951373543058124
12506	ACID	0.3139664743627821	0.5304371033396039
12580	ACID	0.376670058284487	0.5786243421690804
15717	ACID	0.1835468794618334	0.3795583588736398
18554	ACID	0.3133379263537271	0.5200844492231097
22873	ACID	0.18788924600396836	0.4121370826448713
24834	ACID	0.22513721244675772	0.4802670010498592
27457	ACID	0.20639550685882568	0.4162737173693521
31225	ACID	0.1855178964989526	0.4336406205381666
31244	ACID	0.12312917837074824	0.364847868680954
61293	ACID	0.05211136596543448	0.27707930334976744
61527	ACID	0.354821971484593	0.545176659311567
61809	ACID	0.23201457730361394	0.4485681525298527
62332	ACID	0.18864793011120387	0.4336367206914084
101604	ACID	0.2526968525988715	0.5320092099053519
104721	ACID	0.2501759145941053	0.47744917018072947
106997	ACID	0.3451505942004068	0.5996942179543632
220674	ACID	0.3832278421946934	0.646247787134988
595928	ACID	0.2858567237854004	0.5134146639278957
807	ACID	0.33698296546936035	0.5643427797726223
10748	ACID	0.21955268510750361	0.4712340831756592
24116	ACID	0.1415648258158139	0.3702450522354671
444683	ACID	0.30374314529555185	0.5114254653453827
660	WARM	0.38805856875010897	0.6244200468063354
2214	WARM	0.46728646755218506	0.6610351545470101
6386	WARM	0.2767813503742218	0.46456043635095867
7059	WARM	0.2886760745729719	0.5210571203913007
7695	WARM	0.3028653306620462	0.5086962708405086
7795	WARM	0.32488137909344267	0.5634082215172904
7803	WARM	0.24035695408071792	0.4818473330565861
7967	WARM	0.23650272829192026	0.4846197153840746
7983	WARM	0.3339880747454507	0.5789977822984967
7997	WARM	0.2035323509148189	0.43813582829066683
8042	WARM	0.26811892645699636	0.45873166407857624
8082	WARM	0.22260275270257676	0.4179554922240121
8163	WARM	0.2528084452663149	0.46905575905527386
8723	WARM	0.21883703555379594	0.4303812938077109
8797	WARM	0.3037695714405605	0.5316863996641976
9862	WARM	0.2447623312473297	0.4470533813749041
10400	WARM	0.22952574278627122	0.47669305545943125
11902	WARM	0.3889731211321695	0.5863301924296788
11980	WARM	0.33672813858304707	0.5382455672536578
12506	WARM	0.2541953389133726	0.47452476620674133
12580	WARM	0.4170260088784354	0.6472296970231193
15717	WARM	0.36670450227601187	0.5428244471549988
18554	WARM	0.2258525320461818	0.43287063922200886
22873	WARM	0.2320696243218013	0.4367321048464094
24834	WARM	0.4082514132772173	0.6044563395636422
27457	WARM	0.3741718998977116	0.5863273058618818
31225	WARM	0.3064086139202118	0.5009421110153198
31244	WARM	0.3663803977625711	0.5592010617256165
61293	WARM	0.4443532483918326	0.6736664261136737
61527	WARM	0.2758724306310926	0.5036945343017578
61809	WARM	0.3863980642386845	0.5902550220489502
62332	WARM	0.28607049584388733	0.4728216656616756
101604	WARM	0.2970180000577654	0.5343240329197475
104721	WARM	0.42794300402913776	0.642476064818246
106997	WARM	0.32550014342580524	0.581404081412724
220674	WARM	0.2560537819351469	0.44933299507413593
595928	WARM	0.26623648405075073	0.4809114336967468
807	WARM	0.3076430559158325	0.5756474563053676
10748	WARM	0.48587509989738464	0.6604011825152806
24116	WARM	0.332137725182942	0.5586239738123757
444683	WARM	0.1961601482970374	0.3977053804056985
660	MUSKY	0.25010152799742563	0.5031379163265228
2214	MUSKY	0.2538460152489798	0.4705097334725516
6386	MUSKY	0.24064673270498002	0.43100024121148245
7059	MUSKY	0.26167786547115873	0.504235931805202
7695	MUSKY	0.13852221838065557	0.3168128047670637
7795	MUSKY	0.14393738976546697	0.2919300539152963
7803	MUSKY	0.14277387729712895	0.34560693161828177
7967	MUSKY	0.2103394546679088	0.44363556589399067
7983	MUSKY	0.09844144859484263	0.2466488288981574
7997	MUSKY	0.15776832614626204	0.3778598734310695
8042	MUSKY	0.3485243959086282	0.5458807349205017
8082	MUSKY	0.26685431812490734	0.4800742524010794
8163	MUSKY	0.21823520745549882	0.4290960984570639
8723	MUSKY	0.2304831956114088	0.4303757761205946
8797	MUSKY	0.21779594463961466	0.40961096967969624
9862	MUSKY	0.17598852728094375	0.35647993428366526
10400	MUSKY	0.17957209476402827	0.385236063173839
11902	MUSKY	0.2359276818377631	0.4528004229068756
11980	MUSKY	0.19079270107405527	0.4050643401486533
12506	MUSKY	0.11570193086351667	0.31187815751348225
12580	MUSKY	0.22997931284563883	0.46797436475753784
15717	MUSKY	0.28382951446941923	0.4822563443865095
18554	MUSKY	0.24098668779645646	0.46653590883527485
22873	MUSKY	0.20821883422987802	0.3918523149830954
24834	MUSKY	0.1650108311857496	0.3837080555302756
27457	MUSKY	0.3655803288732256	0.6008757736001696
31225	MUSKY	0.18869468995503016	0.40257551414625986
31244	MUSKY	0.16726431676319667	0.37065163254737854
61293	MUSKY	0.06225558317133358	0.19070791133812495
61527	MUSKY	0.32896972979818073	0.5606876228536878
61809	MUSKY	0.32442793250083923	0.571024205003466
62332	MUSKY	0.22993903500693186	0.43531440837042673
101604	MUSKY	0.18118154789720262	0.3514170008046286
104721	MUSKY	0.48139997891017366	0.7176393951688494
106997	MUSKY	0.22573739290237427	0.45325980867658344
220674	MUSKY	0.11098191674266543	0.27134039998054504
595928	MUSKY	0.1548349985054561	0.34341277394975933
807	MUSKY	0.41908393587384907	0.6945405517305646
10748	MUSKY	0.192436084151268	0.4162874094077519
24116	MUSKY	0.09366533852049283	0.26457095571926664
444683	MUSKY	0.2330057578427451	0.4393795813832964
660	SWEATY	0.11151629367044993	0.2563739206109728
2214	SWEATY	0.09951270478112358	0.2466450674193246
6386	SWEATY	0.1416350645678384	0.3147607616015843
7059	SWEATY	0.09991569497755595	0.26187400094100405
7695	SWEATY	0.06608049677950996	0.19130644415106093
7795	SWEATY	0.10970766948802131	0.2040062610592161
7803	SWEATY	0.08169241888182503	0.1969709268638066
7967	SWEATY	0.07805736416152545	0.2410633542707988
7983	SWEATY	0.06484598506774221	0.14883141645363399
7997	SWEATY	0.0909855163523129	0.22365787199565343
8042	SWEATY	0.18978398399693625	0.4152772341455732
8082	SWEATY	0.14991607197693416	0.33934766905648367
8163	SWEATY	0.1144648524267333	0.27892979979515076
8723	SWEATY	0.13645180740526744	0.32370998178209576
8797	SWEATY	0.10068800832544055	0.23700953807149613
9862	SWEATY	0.11146776378154755	0.2510582357645035
10400	SWEATY	0.07205055015427726	0.18925103119441442
11902	SWEATY	0.12825205496379308	0.3274153002670833
11980	SWEATY	0.10797452820198876	0.2786393655197961
12506	SWEATY	0.0596692045884473	0.16035732626914978
12580	SWEATY	0.10003199641193662	0.22889250729765212
15717	SWEATY	0.1722234466246196	0.351224775825228
18554	SWEATY	0.11622175042118345	0.30626910073416574
22873	SWEATY	0.1273151199732508	0.28928222400801523
24834	SWEATY	0.06307430512138776	0.14679684170654841
27457	SWEATY	0.18803428752081736	0.4295984080859593
31225	SWEATY	0.0672452263534069	0.23283674248627254
31244	SWEATY	0.06417277029582433	0.17283447299684798
61293	SWEATY	0.024653293192386627	0.1002438526068415
61527	SWEATY	0.17839360662869044	0.41776173029627117
61809	SWEATY	0.15617943235806056	0.41792084915297373
62332	SWEATY	0.09012705619846072	0.2524487440075193
101604	SWEATY	0.0734688692859241	0.23421018251350947
104721	SWEATY	0.2789766618183681	0.5515248009136745
106997	SWEATY	0.06893339167748179	0.2496622268642698
220674	SWEATY	0.05954251491597721	0.15832627245358058
595928	SWEATY	0.056579629225390296	0.1739444157906941
807	SWEATY	0.27221827847617014	0.5311862230300903
10748	SWEATY	0.0693535538656371	0.2046428918838501
24116	SWEATY	0.02311656783734049	0.1204282556261335
444683	SWEATY	0.1398971676826477	0.3358476332255772
660	AMMONIA/URINOUS	0.5153417459556034	0.6423017808369228
2214	AMMONIA/URINOUS	0.29655945726803373	0.42872863582202364
6386	AMMONIA/URINOUS	0.37657064625195097	0.5060458566461291
7059	AMMONIA/URINOUS	0.4521074380193438	0.573154981647219
7695	AMMONIA/URINOUS	0.20477978459426335	0.3525827441896711
7795	AMMONIA/URINOUS	0.1441606730222702	0.2300664825098855
7803	AMMONIA/URINOUS	0.23070101014205388	0.3568912829671587
7967	AMMONIA/URINOUS	0.6184320875576564	0.7458718589373997
7983	AMMONIA/URINOUS	0.1314574788723673	0.21809804226670945
7997	AMMONIA/URINOUS	0.32400459476879667	0.46357151014464243
8042	AMMONIA/URINOUS	0.30649729498795103	0.4227053735937391
8082	AMMONIA/URINOUS	0.28876589451517376	0.42354510511670795
8163	AMMONIA/URINOUS	0.34235514061791555	0.4756662845611572
8723	AMMONIA/URINOUS	0.2806827425956726	0.4121455763067518
8797	AMMONIA/URINOUS	0.4142534009047917	0.5241433382034302
9862	AMMONIA/URINOUS	0.30098272221429007	0.4349594669682639
10400	AMMONIA/URINOUS	0.5528218490736825	0.6668110915592739
11902	AMMONIA/URINOUS	0.20983964843409403	0.36612939834594727
11980	AMMONIA/URINOUS	0.21339560619422368	0.36597480518477304
12506	AMMONIA/URINOUS	0.2637683174439839	0.39144170710018705
12580	AMMONIA/URINOUS	0.4495056910174234	0.5900460311344692
15717	AMMONIA/URINOUS	0.30007053698812214	0.42375814063208445
18554	AMMONIA/URINOUS	0.33016063060079304	0.472077693258013
22873	AMMONIA/URINOUS	0.1636692030089242	0.29703380380358013
24834	AMMONIA/URINOUS	0.27154954416411264	0.39138693468911306
27457	AMMONIA/URINOUS	0.30626130955559866	0.4665871092251369
31225	AMMONIA/URINOUS	0.2740256977932794	0.4136401755469186
31244	AMMONIA/URINOUS	0.18082102707454137	0.31298369594982695
61293	AMMONIA/URINOUS	0.08519825392535754	0.15432648360729218
61527	AMMONIA/URINOUS	0.4167849208627428	0.5507882620607104
61809	AMMONIA/URINOUS	0.3600010360990252	0.53965020605496
62332	AMMONIA/URINOUS	0.2780406326055527	0.38465191211019245
101604	AMMONIA/URINOUS	0.2994144431182316	0.4132488327366965
104721	AMMONIA/URINOUS	0.42495966383389067	0.5824066996574402
106997	AMMONIA/URINOUS	0.4294557571411133	0.5524333374840873
220674	AMMONIA/URINOUS	0.34243216259138926	0.46452664903232027
595928	AMMONIA/URINOUS	0.3373679646423885	0.44612580963543486
807	AMMONIA/URINOUS	0.45829861078943523	0.6029889328139169
10748	AMMONIA/URINOUS	0.3097183555364609	0.45819384285381864
24116	AMMONIA/URINOUS	0.13612305798700877	0.23565419018268585
444683	AMMONIA/URINOUS	0.3096698969602585	0.437835876430784
660	DECAYED	0.06978377274104527	0.29787476786545347
2214	DECAYED	0.07951471103089196	0.30889853835105896
6386	DECAYED	0.09590227689061846	0.31110297782080515
7059	DECAYED	0.07437360446367945	0.3063615688255855
7695	DECAYED	0.06085447381649699	0.2434878306729453
7795	DECAYED	0.08558591455221176	0.27774234328951153
7803	DECAYED	0.07950821731771741	0.2960015194756644
7967	DECAYED	0.0817382058926991	0.3294572276728494
7983	DECAYED	0.0575736691909177	0.24220617754118784
7997	DECAYED	0.08070722754512515	0.33025878242083956
8042	DECAYED	0.07926498619573456	0.3001810738018581
8082	DECAYED	0.09310376963445119	0.354640964950834
8163	DECAYED	0.05403288320771286	0.2783810538905008
8723	DECAYED	0.06779515157852854	0.30853446466582163
8797	DECAYED	0.07252219478998866	0.2995456670011793
9862	DECAYED	0.0828755551150867	0.28767495283058714
10400	DECAYED	0.061103432306221554	0.30329908217702595
11902	DECAYED	0.08974468282290868	0.3120599218777248
11980	DECAYED	0.07784161610262734	0.2814077266624996
12506	DECAYED	0.05431389861873218	0.26806627213954926
12580	DECAYED	0.10866992920637131	0.3286236694880894
15717	DECAYED	0.10473312543971199	0.33118138568741934
18554	DECAYED	0.06905598512717656	0.31672963074275423
22873	DECAYED	0.07785406549062047	0.28905199255262104
24834	DECAYED	0.0671835323529584	0.24816368307386125
27457	DECAYED	0.17043510398694448	0.4870803824492863
31225	DECAYED	0.058999194630554745	0.26131891565663473
31244	DECAYED	0.04737918717520578	0.2369469404220581
61293	DECAYED	0.022439736473773206	0.1582181794302804
61527	DECAYED	0.12872341913836344	0.39221316150256563
61809	DECAYED	0.18052704206534795	0.49999633005687166
62332	DECAYED	0.05177268545542445	0.25751614570617676
101604	DECAYED	0.07674959089074816	0.2931009020124163
104721	DECAYED	0.2137221438544137	0.5636775195598602
106997	DECAYED	0.04522660454469068	0.2987929880619049
220674	DECAYED	0.06653322385890144	0.2917292969567435
595928	DECAYED	0.05465112626552582	0.26587964807237896
807	DECAYED	0.2781475612095424	0.6414503370012555
10748	DECAYED	0.05502554987158094	0.2467594678912844
24116	DECAYED	0.03178655622260911	0.2129076612847192
444683	DECAYED	0.07046850291746003	0.32404392106192453
660	WOOD	0.1784948068005698	0.39139267802238464
2214	WOOD	0.2653439832585199	0.44090311016355244
6386	WOOD	0.24920477611677988	0.43029162287712097
7059	WOOD	0.25466473613466534	0.4441155620983669
7695	WOOD	0.10079876972096306	0.22930172085762024
7795	WOOD	0.017284408743892397	0.08630112877913884
7803	WOOD	0.07151085564068385	0.14940617978572845
7967	WOOD	0.1419744555439268	0.3305129110813141
7983	WOOD	0.000142602516072137	0.05730344834072249
7997	WOOD	0.08355334933315005	0.1884884876864297
8042	WOOD	0.28757214546203613	0.4931247702666691
8082	WOOD	0.20615977261747634	0.3679510993616922
8163	WOOD	0.24599369083132064	0.456762147801263
8723	WOOD	0.1183091572352818	0.2435837366751262
8797	WOOD	0.1229366564324924	0.2909996083804539
9862	WOOD	0.1369950994849205	0.2902706265449524
10400	WOOD	0.11812406991209302	0.30121749000889914
11902	WOOD	0.22954800299235753	0.38200351170131136
11980	WOOD	0.17580131547791616	0.3198730945587158
12506	WOOD	0.07347221672534943	0.1758435709135873
12580	WOOD	0.2636274865695408	0.4805504764829363
15717	WOOD	0.10459049365350179	0.20881483597414835
18554	WOOD	0.2197933324745723	0.39564106294087004
22873	WOOD	0.14556780883244105	0.30143080226012636
24834	WOOD	0.14299127672399795	0.29114124178886414
27457	WOOD	0.4091416469642094	0.6341893417494637
31225	WOOD	0.13022257600511825	0.29344872917447773
31244	WOOD	0.1406322494149208	0.2951222615582602
61293	WOOD	-0.010733013706547874	0.040758096746035984
61527	WOOD	0.2301914095878601	0.4442748384816306
61809	WOOD	0.2797035149165562	0.48154006259781973
62332	WOOD	0.18247730817113603	0.3444525897502899
101604	WOOD	0.18297493670667922	0.36347788146563936
104721	WOOD	0.39772134167807444	0.6386853882244655
106997	WOOD	0.2451219516141074	0.4306082342352186
220674	WOOD	0.09909251172627721	0.23497001188141958
595928	WOOD	0.11426222430808204	0.2543377961431231
807	WOOD	0.14227839878627233	0.34732853514807566
10748	WOOD	0.16948851091521128	0.35339289903640747
24116	WOOD	0.07991064925278936	0.15948433535439627
444683	WOOD	0.12352011778524943	0.2690018968922751
660	GRASS	0.06941483808415276	0.24003267075334275
2214	GRASS	0.09204428217240743	0.21349319177014486
6386	GRASS	0.12706413652215684	0.2892272727830069
7059	GRASS	0.11941080221108027	0.311610894543784
7695	GRASS	0.1173656050648008	0.2847099346773965
7795	GRASS	0.1063755601644516	0.26101452112197876
7803	GRASS	0.08975401201418468	0.24294260144233704
7967	GRASS	0.10730969054358346	0.2769987072263445
7983	GRASS	0.11020366634641375	0.2648147131715502
7997	GRASS	0.08484204219920295	0.2522036624806268
8042	GRASS	0.13288349019629614	0.3000124267169407
8082	GRASS	0.13649747307811463	0.31718272396496366
8163	GRASS	0.14666832770620072	0.3555977259363447
8723	GRASS	0.15492928666727884	0.3119264117309025
8797	GRASS	0.14571042784622737	0.3070598414966038
9862	GRASS	0.16099281715495245	0.32506086570875986
10400	GRASS	0.12161787705762046	0.3112253759588514
11902	GRASS	0.08401250200612205	0.22284511370318277
11980	GRASS	0.09828792618853706	0.23950027780873434
12506	GRASS	0.101880744099617	0.26282218737261637
12580	GRASS	0.0597639616046633	0.22244945807116373
15717	GRASS	0.09617048289094653	0.2253853210381099
18554	GRASS	0.15128493734768458	0.3561080949647086
22873	GRASS	0.27480749785900116	0.45623692870140076
24834	GRASS	0.1039556616118976	0.2812659293413162
27457	GRASS	0.24094608000346593	0.4554864466190338
31225	GRASS	0.19097009301185608	0.3942197178091322
31244	GRASS	0.09997936231749398	0.27003261872700285
61293	GRASS	0.11575319724423545	0.25677020847797394
61527	GRASS	0.11928534082004003	0.2809944323131016
61809	GRASS	0.13358942312853678	0.3225265996796744
62332	GRASS	0.16199887011732375	0.36996015054839
101604	GRASS	0.22784818708896637	0.4932456186839512
104721	GRASS	0.20147327652999333	0.36316622155053274
106997	GRASS	0.18536938088280813	0.47842301215444294
220674	GRASS	0.15841037247862136	0.38849048103605
595928	GRASS	0.14691976032086781	0.3419473469257355
807	GRASS	0.09285360255411693	0.28489587136677336
10748	GRASS	0.054981019880090444	0.2215473119701658
24116	GRASS	0.13687115056174143	0.307168858391898
444683	GRASS	0.1446675487927028	0.30464033995355877
660	FLOWER	0.2382403782435826	0.4868501254490444
2214	FLOWER	0.24632789620331355	0.5164692487035479
6386	FLOWER	0.10982672018664223	0.33333129967961994
7059	FLOWER	0.24822416688714707	0.47752312677247183
7695	FLOWER	0.3371588374887194	0.6546631796019418
7795	FLOWER	0.33834334356444223	0.6041617478643145
7803	FLOWER	0.22599337569304875	0.5110660876546588
7967	FLOWER	0.11037154282842364	0.37703477910586763
7983	FLOWER	0.36653949107442585	0.6207133787018912
7997	FLOWER	0.18385384338242666	0.47431948355266024
8042	FLOWER	0.11369670608213969	0.29450740984507967
8082	FLOWER	0.1553031419004713	0.4193789320332663
8163	FLOWER	0.29715543133871897	0.5537550279072353
8723	FLOWER	0.17800835839339665	0.44277365292821613
8797	FLOWER	0.27739144435950686	0.5591085808617728
9862	FLOWER	0.24739454048020498	0.4728824666568211
10400	FLOWER	0.17454209923744202	0.4933613751615797
11902	FLOWER	0.13518111939941133	0.3654431274959019
11980	FLOWER	0.160748867051942	0.42445941482271465
12506	FLOWER	0.24549291389329092	0.5595242466245379
12580	FLOWER	0.12295005257640566	0.3609617054462433
15717	FLOWER	0.318492020879473	0.5966613803591047
18554	FLOWER	0.13325573823281697	0.37175875902175903
22873	FLOWER	0.27314496891839163	0.5187013106686729
24834	FLOWER	0.364849363054548	0.6762369700840541
27457	FLOWER	0.11287259842668261	0.2976014273507254
31225	FLOWER	0.5329212205750602	0.8436078429222107
31244	FLOWER	0.33774994952338083	0.640606871673039
61293	FLOWER	0.4550434478691646	0.7243111474173409
61527	FLOWER	0.1321232829775129	0.3044875030006681
61809	FLOWER	0.0954773479274341	0.26479703187942505
62332	FLOWER	0.5406806468963623	0.8187836578914097
101604	FLOWER	0.29136613437107634	0.6106740747179303
104721	FLOWER	0.10303054004907608	0.24826796565737044
106997	FLOWER	0.29220837354660034	0.5633858527456012
220674	FLOWER	0.2541064130408423	0.6158007723944527
595928	FLOWER	0.31536477378436495	0.6079277566501072
807	FLOWER	0.07960731163620949	0.21847014129161835
10748	FLOWER	0.24114809717450822	0.5049673531736646
24116	FLOWER	0.4890249626977103	0.7882332886968341
444683	FLOWER	0.14088655688932963	0.4094647296837398
660	CHEMICAL	0.5913005811827523	0.779485992022923
2214	CHEMICAL	0.2485774563891547	0.5243967686380658
6386	CHEMICAL	0.4321072442190988	0.6916700516428266
7059	CHEMICAL	0.542599584375109	0.7447876759937831
7695	CHEMICAL	0.31121212244033813	0.6111305781773159
7795	CHEMICAL	0.2188923146043505	0.5184748896530696
7803	CHEMICAL	0.39750885111945017	0.6892954451697213
7967	CHEMICAL	0.8993315696716309	1.0131525482450212
7983	CHEMICAL	0.2384819026504244	0.5395449612821851
7997	CHEMICAL	0.5145426775727954	0.7911849362509591
8042	CHEMICAL	0.3391846035208021	0.6033388376235962
8082	CHEMICAL	0.31014037345136913	0.5862083392483848
8163	CHEMICAL	0.40029471686908175	0.688514130456107
8723	CHEMICAL	0.33347381012780325	0.6239945888519287
8797	CHEMICAL	0.4925599821976253	0.7148087450436184
9862	CHEMICAL	0.43249596868242535	0.6914060711860657
10400	CHEMICAL	0.8061730180467878	0.9566600322723389
11902	CHEMICAL	0.22481087701661245	0.4919525214603969
11980	CHEMICAL	0.28768594350133625	0.562952561037881
12506	CHEMICAL	0.4454812450068338	0.726499719279153
12580	CHEMICAL	0.5149796221937452	0.7350863899503436
15717	CHEMICAL	0.24479216975825174	0.5128909221717289
18554	CHEMICAL	0.4039114671094077	0.6780357956886292
22873	CHEMICAL	0.2246462447302682	0.49926161766052246
24834	CHEMICAL	0.38658080782209125	0.624680621283395
27457	CHEMICAL	0.24953014297144754	0.5642161624772208
31225	CHEMICAL	0.3158418663910457	0.6255842447280884
31244	CHEMICAL	0.25043424538203646	0.5053016287939889
61293	CHEMICAL	0.15926057738917215	0.4162642913205283
61527	CHEMICAL	0.43135272179331097	0.6640706998961312
61809	CHEMICAL	0.25751922173159464	0.5908514261245728
62332	CHEMICAL	0.28708407495703014	0.5820578592164176
101604	CHEMICAL	0.40725953238351004	0.6942719732012067
104721	CHEMICAL	0.3058129208428519	0.6112400889396667
106997	CHEMICAL	0.5464272754532951	0.798229626246861
220674	CHEMICAL	0.5685117159570966	0.832176217011043
595928	CHEMICAL	0.44479458246912273	0.6832602534975324
807	CHEMICAL	0.3291394795690264	0.6234907848494393
10748	CHEMICAL	0.3398968619959695	0.5912324786186218
24116	CHEMICAL	0.26970801396029337	0.5636609196662903
444683	CHEMICAL	0.37744574887411936	0.6620032702173505
