oID	descriptor	value	sigma
180	INTENSITY/STRENGTH	0.1987083043370928	0.5858740891729083
264	INTENSITY/STRENGTH	0.2786253946168082	0.6240713426045009
702	INTENSITY/STRENGTH	0.13719778401511057	0.5583022577422005
1031	INTENSITY/STRENGTH	0.17655907997063228	0.5848096268517631
3102	INTENSITY/STRENGTH	0.4252703445298331	0.6647883227893284
3314	INTENSITY/STRENGTH	0.35773204479898724	0.6561599629265922
6506	INTENSITY/STRENGTH	0.19127475150993892	0.5718524881771633
6544	INTENSITY/STRENGTH	0.5660169422626495	0.6364280326025826
6561	INTENSITY/STRENGTH	0.31638724889074055	0.6368784478732518
7092	INTENSITY/STRENGTH	0.4772401068891798	0.6555220995630536
7302	INTENSITY/STRENGTH	0.3915447209562574	0.6437558872359139
7476	INTENSITY/STRENGTH	0.4391670227050781	0.6832189304488046
7559	INTENSITY/STRENGTH	0.6129331333296639	0.7638408541679382
7657	INTENSITY/STRENGTH	0.36353213020733427	0.6459082875932965
7770	INTENSITY/STRENGTH	0.5995350224631173	0.7634796329907009
7793	INTENSITY/STRENGTH	0.4887948589665549	0.7547543474606105
7797	INTENSITY/STRENGTH	0.5886559060641697	0.7277554954801287
8025	INTENSITY/STRENGTH	0.24205604834215982	0.6233612384114947
8049	INTENSITY/STRENGTH	0.21115967737776892	0.5811346513884408
8094	INTENSITY/STRENGTH	0.5319008869784219	0.6727646589279175
8419	INTENSITY/STRENGTH	0.46974622777530123	0.6992733308247158
8438	INTENSITY/STRENGTH	0.5923004874161312	0.6895658118384225
8468	INTENSITY/STRENGTH	0.29233965490545544	0.6139202969414848
8815	INTENSITY/STRENGTH	0.3599883019924164	0.624156015259879
8878	INTENSITY/STRENGTH	0.5784362299101693	0.7320540973118373
9012	INTENSITY/STRENGTH	0.5785295111792428	0.6806319441114154
10886	INTENSITY/STRENGTH	0.43323513865470886	0.6844443764005389
11567	INTENSITY/STRENGTH	0.6564325775418963	0.7028221232550484
12020	INTENSITY/STRENGTH	0.20388767336096084	0.6021061709948948
12265	INTENSITY/STRENGTH	0.2852527073451451	0.6078717197690692
12377	INTENSITY/STRENGTH	0.5538540141923087	0.6832884209496635
16537	INTENSITY/STRENGTH	0.5532601986612592	0.7248350977897644
17898	INTENSITY/STRENGTH	0.43059503606387545	0.7004108684403556
18467	INTENSITY/STRENGTH	0.3335643708705902	0.6237477745328631
21363	INTENSITY/STRENGTH	0.36564502120018005	0.6696319239480155
27440	INTENSITY/STRENGTH	0.4801563152245113	0.7120548231261117
31219	INTENSITY/STRENGTH	0.5116588941642216	0.7595616664205279
31276	INTENSITY/STRENGTH	0.5752795083182198	0.7826615827424186
31283	INTENSITY/STRENGTH	0.16073148591177805	0.5684352517127991
60998	INTENSITY/STRENGTH	0.45907458662986755	0.7440233145441327
61523	INTENSITY/STRENGTH	0.5460345106465476	0.7811258690697807
62351	INTENSITY/STRENGTH	0.3360441029071808	0.6277533514159066
62465	INTENSITY/STRENGTH	0.4109412857464382	0.6436401094709124
251531	INTENSITY/STRENGTH	0.20317601412534714	0.6366943717002869
440917	INTENSITY/STRENGTH	0.5280375906399318	0.765610763004848
637758	INTENSITY/STRENGTH	0.47039481145995005	0.7930511406489781
1549025	INTENSITY/STRENGTH	0.3105744208608355	0.7121816022055489
2733294	INTENSITY/STRENGTH	0.6520141874040876	0.7662049276488168
5281167	INTENSITY/STRENGTH	0.4875856041908264	0.728836442743029
5281168	INTENSITY/STRENGTH	0.4978039733001164	0.6861731495176043
5318599	INTENSITY/STRENGTH	0.6160208923476083	0.7192018798419407
5352837	INTENSITY/STRENGTH	0.5356598666736058	0.7046256746564593
5364231	INTENSITY/STRENGTH	0.43341279881341116	0.6982329743249076
262	INTENSITY/STRENGTH	0.1628683443580355	0.5712066377912249
323	INTENSITY/STRENGTH	0.7648398450442723	0.6977703997067043
750	INTENSITY/STRENGTH	0.1505724447114127	0.5290374074663434
753	INTENSITY/STRENGTH	0.17794152881417954	0.5715117965425763
962	INTENSITY/STRENGTH	0.1482068630201476	0.5483301622526986
5862	INTENSITY/STRENGTH	0.22000918218067714	0.5725786941392081
5962	INTENSITY/STRENGTH	0.22802967045988357	0.6117706639426095
6274	INTENSITY/STRENGTH	0.13376220847879136	0.5432729423046112
6322	INTENSITY/STRENGTH	0.041154708713293076	0.5188544733183724
6669	INTENSITY/STRENGTH	0.19823339049305236	0.6131705130849566
7137	INTENSITY/STRENGTH	0.7703038539205279	0.7951316492898124
15654	INTENSITY/STRENGTH	0.36383489625794546	0.6830899204526629
62089	INTENSITY/STRENGTH	0.5646903472287315	0.6830098884446281
853433	INTENSITY/STRENGTH	0.5560823253222874	0.732672929763794
5371102	INTENSITY/STRENGTH	0.28821815124579836	0.6742779867989677
10857465	INTENSITY/STRENGTH	0.2634806675570352	0.7599681275231498
180	VALENCE/PLEASANTNESS	0.478710549218314	0.6188584225518363
264	VALENCE/PLEASANTNESS	0.352812830890928	0.5718259981700352
702	VALENCE/PLEASANTNESS	0.47760634762900217	0.6132602776799884
1031	VALENCE/PLEASANTNESS	0.47623454672949656	0.6169648170471191
3102	VALENCE/PLEASANTNESS	0.5105922307286944	0.6739203248705182
3314	VALENCE/PLEASANTNESS	0.6702677692685809	0.6874205555234637
6506	VALENCE/PLEASANTNESS	0.5476989831243243	0.5928940347262791
6544	VALENCE/PLEASANTNESS	0.49033915996551514	0.6335834009306771
6561	VALENCE/PLEASANTNESS	0.3995325650487627	0.6128638301576886
7092	VALENCE/PLEASANTNESS	0.5584894503865924	0.6702577727181571
7302	VALENCE/PLEASANTNESS	0.46590269463402884	0.6426831143242973
7476	VALENCE/PLEASANTNESS	0.5889928085463387	0.6681083015033177
7559	VALENCE/PLEASANTNESS	0.6681724616459438	0.7488267421722412
7657	VALENCE/PLEASANTNESS	0.4762835587774004	0.6340915390423366
7770	VALENCE/PLEASANTNESS	0.7789515938077655	0.6520959309169224
7793	VALENCE/PLEASANTNESS	0.6329614179474967	0.7405117750167847
7797	VALENCE/PLEASANTNESS	0.8294833728245327	0.6392374379294259
8025	VALENCE/PLEASANTNESS	0.4767924802643912	0.6196164488792419
8049	VALENCE/PLEASANTNESS	0.5843561632292611	0.5723819647516523
8094	VALENCE/PLEASANTNESS	0.33586990407535006	0.5054774965558734
8419	VALENCE/PLEASANTNESS	0.6825361336980548	0.693240761756897
8438	VALENCE/PLEASANTNESS	0.6631300108773368	0.7107229062489101
8468	VALENCE/PLEASANTNESS	0.5819629771368844	0.6531906723976135
8815	VALENCE/PLEASANTNESS	0.6253667558942523	0.6347020268440247
8878	VALENCE/PLEASANTNESS	0.8149857095309666	0.6363962803568158
9012	VALENCE/PLEASANTNESS	0.27228792224611553	0.6065680044037955
10886	VALENCE/PLEASANTNESS	0.6473586559295654	0.6520795566695077
11567	VALENCE/PLEASANTNESS	0.4254480430058071	0.7081288610185895
12020	VALENCE/PLEASANTNESS	0.5063189693859645	0.620293276650565
12265	VALENCE/PLEASANTNESS	0.43038834844316753	0.6272620729037693
12377	VALENCE/PLEASANTNESS	0.26832536714417593	0.625642580645425
16537	VALENCE/PLEASANTNESS	0.6421091215951102	0.683475136756897
17898	VALENCE/PLEASANTNESS	0.4333930994783129	0.6833761164120266
18467	VALENCE/PLEASANTNESS	0.5121467709541321	0.655787067753928
21363	VALENCE/PLEASANTNESS	0.2805648424795696	0.5566587959017072
27440	VALENCE/PLEASANTNESS	0.33227717876434326	0.624033408505576
31219	VALENCE/PLEASANTNESS	0.6526405470711845	0.7236133473260062
31276	VALENCE/PLEASANTNESS	0.7003362945147923	0.7110656329563686
31283	VALENCE/PLEASANTNESS	0.5626416887555804	0.5739375608307975
60998	VALENCE/PLEASANTNESS	0.5762839487620762	0.6872778449739728
61523	VALENCE/PLEASANTNESS	0.605441153049469	0.7630823084286281
62351	VALENCE/PLEASANTNESS	0.3737739324569702	0.5988843270710537
62465	VALENCE/PLEASANTNESS	0.5594844136919294	0.6884548153196063
251531	VALENCE/PLEASANTNESS	0.6016307558332171	0.6704441905021667
440917	VALENCE/PLEASANTNESS	0.6089182581220355	0.7669034770556858
637758	VALENCE/PLEASANTNESS	0.673487765448434	0.7672739028930664
1549025	VALENCE/PLEASANTNESS	0.5997871075357709	0.6750863194465637
2733294	VALENCE/PLEASANTNESS	0.76966963495527	0.7008025475910732
5281167	VALENCE/PLEASANTNESS	0.5405854327338082	0.6789901171411786
5281168	VALENCE/PLEASANTNESS	0.36791037235941204	0.5764234406607491
5318599	VALENCE/PLEASANTNESS	0.44598686695098877	0.6292399934359959
5352837	VALENCE/PLEASANTNESS	0.4867627109800066	0.635005601814815
5364231	VALENCE/PLEASANTNESS	0.5014741250446865	0.6249936393329075
262	VALENCE/PLEASANTNESS	0.5171248316764832	0.617295639855521
323	VALENCE/PLEASANTNESS	0.507822436945779	0.7363537720271519
750	VALENCE/PLEASANTNESS	0.5745933141027179	0.5856723444802421
753	VALENCE/PLEASANTNESS	0.543834958757673	0.6259885941232953
962	VALENCE/PLEASANTNESS	0.5798248222896031	0.6103769285338265
5862	VALENCE/PLEASANTNESS	0.4745141693523952	0.6215436373438153
5962	VALENCE/PLEASANTNESS	0.4145556858607701	0.5940176248550415
6274	VALENCE/PLEASANTNESS	0.5148469465119498	0.5912291748183114
6322	VALENCE/PLEASANTNESS	0.5134611129760742	0.5866656388555255
6669	VALENCE/PLEASANTNESS	0.711921146937779	0.6181136965751648
7137	VALENCE/PLEASANTNESS	0.8230641995157514	0.7977522781917027
15654	VALENCE/PLEASANTNESS	0.40944275685719084	0.655661267893655
62089	VALENCE/PLEASANTNESS	0.29084850209099905	0.5074604792254311
853433	VALENCE/PLEASANTNESS	0.7322459135736737	0.7420435207230704
5371102	VALENCE/PLEASANTNESS	0.5318210806165423	0.65511440379279
10857465	VALENCE/PLEASANTNESS	0.5059424723897662	0.6497108851160321
180	BAKERY	0.04695398041180202	0.263965117079871
264	BAKERY	0.05671850911208561	0.2405730379479272
702	BAKERY	0.06687725495014872	0.27975798504693167
1031	BAKERY	0.054837867085422785	0.2612805515527725
3102	BAKERY	0.065380137147648	0.28266764538628714
3314	BAKERY	0.24365124106407166	0.5845281822340829
6506	BAKERY	0.0738906588937555	0.30315435358456205
6544	BAKERY	0.027554516547492573	0.1652121522596904
6561	BAKERY	0.03238720100905214	0.21570131608418056
7092	BAKERY	0.1811446792313031	0.4527991456644876
7302	BAKERY	0.11830748883741242	0.3860893249511719
7476	BAKERY	0.10356783015387398	0.31531302843775066
7559	BAKERY	0.07154744969946998	0.27959391261850086
7657	BAKERY	0.0503796993621758	0.24432176564420974
7770	BAKERY	0.1314655105982508	0.4194538337843759
7793	BAKERY	0.013135925733617373	0.15403582475015096
7797	BAKERY	0.09938344465834754	0.4080189211027963
8025	BAKERY	0.06784577082310404	0.2829688233988626
8049	BAKERY	0.07626761070319585	0.32820019125938416
8094	BAKERY	0.02053325410400118	0.13610787583248957
8419	BAKERY	0.2886881466422762	0.5975804073469979
8438	BAKERY	0.26626579463481903	0.5365818696362632
8468	BAKERY	0.16545545416218893	0.4336965935570853
8815	BAKERY	0.115494823881558	0.34578981569835116
8878	BAKERY	0.10225265366690499	0.40503090620040894
9012	BAKERY	0.06468746012875012	0.2919603969369616
10886	BAKERY	0.05020757924233164	0.25185094348021914
11567	BAKERY	0.07834680484873909	0.2351188404219491
12020	BAKERY	0.05651234728949411	0.26334360454763683
12265	BAKERY	0.04918915192995753	0.2331287775720869
12377	BAKERY	0.04413674878222602	0.2693538857357843
16537	BAKERY	0.027252187952399254	0.1675669721194676
17898	BAKERY	0.16698342561721802	0.5352120910372052
18467	BAKERY	0.17086111434868403	0.5252044115747724
21363	BAKERY	0.028897616480078017	0.16711750200816564
27440	BAKERY	0.07349243334361485	0.30127669657979694
31219	BAKERY	0.04801525228789875	0.2559668698481151
31276	BAKERY	0.09765188502413887	0.3380001017025539
31283	BAKERY	0.0996178670653275	0.3249997241156442
60998	BAKERY	0.07332520479602474	0.2920647029365812
61523	BAKERY	0.03572728192167623	0.10063679995281356
62351	BAKERY	0.06553348579577037	0.2785769147532327
62465	BAKERY	0.17531392191137588	0.4965785103184836
251531	BAKERY	0.02005749781216894	0.18438284737723215
440917	BAKERY	0.04549170258854117	0.20711285088743484
637758	BAKERY	0.15010792602385795	0.4401602361883436
1549025	BAKERY	0.06279673586998667	0.19939544371196202
2733294	BAKERY	0.07795160583087377	0.33346644043922424
5281167	BAKERY	0.0486320113497121	0.18611407492841994
5281168	BAKERY	0.029600139973419055	0.11688342158283506
5318599	BAKERY	0.02388336163546358	0.10179568880370685
5352837	BAKERY	0.027963322454265187	0.13697500420468195
5364231	BAKERY	0.05441978866500514	0.2297011294535228
262	BAKERY	0.06286813531603132	0.27390998176165987
323	BAKERY	0.15018422156572342	0.3589925595692226
750	BAKERY	0.10664586084229606	0.36211701376097544
753	BAKERY	0.08828444885356086	0.3316319669995989
962	BAKERY	0.06816047962222781	0.28925090176718576
5862	BAKERY	0.10086516503776823	0.3685395802770342
5962	BAKERY	0.07646303251385689	0.30091507094247
6274	BAKERY	0.07317345589399338	0.2715037635394505
6322	BAKERY	0.06863095770989146	0.2537545497928347
6669	BAKERY	0.10686477486576353	0.3826924349580492
7137	BAKERY	0.3334726563521794	0.6706056424549648
15654	BAKERY	0.13574949758393423	0.4549675243241446
62089	BAKERY	0.017064043985945836	0.12027077270405633
853433	BAKERY	0.2997868614537375	0.6356620022228786
5371102	BAKERY	0.005317095134939466	0.12109435030392238
10857465	BAKERY	0.04032487901193755	0.19663015859467642
180	SWEET	0.11446292911257062	0.44122959460530964
264	SWEET	0.07587822739567075	0.4077099178518568
702	SWEET	0.11365271253245217	0.4387975718293871
1031	SWEET	0.12158511791910444	0.4636350657258715
3102	SWEET	0.2163494484765189	0.5798668946538653
3314	SWEET	0.3308596057551248	0.7295568840844291
6506	SWEET	0.18884259249482835	0.5424258368355888
6544	SWEET	0.15090610193354742	0.4887703870024
6561	SWEET	0.09187262718166624	0.4238478626523699
7092	SWEET	0.22797371872833797	0.5894464935575213
7302	SWEET	0.133468964270183	0.481535941362381
7476	SWEET	0.2718908020428249	0.6514074291501727
7559	SWEET	0.3635199112551553	0.7806655594280788
7657	SWEET	0.1702168115547725	0.5074615521090371
7770	SWEET	0.6319717253957476	0.8777403065136501
7793	SWEET	0.23737367136137827	0.7066384979656765
7797	SWEET	0.6260392495564052	0.9132313643183027
8025	SWEET	0.15732318375791823	0.4997709606375013
8049	SWEET	0.25663835448878153	0.6135113452162061
8094	SWEET	0.08404494343059403	0.3213896495955331
8419	SWEET	0.39293093766484943	0.8022735459463937
8438	SWEET	0.3947064621107919	0.7835303970745632
8468	SWEET	0.23295171345983232	0.6301316363470895
8815	SWEET	0.27100985603673117	0.5795416150774274
8878	SWEET	0.6124259403773716	0.9017460005623954
9012	SWEET	0.04670865274965763	0.2221352756023407
10886	SWEET	0.36766037344932556	0.6909007600375584
11567	SWEET	0.12355013511010579	0.49647513457707
12020	SWEET	0.14607026747294835	0.4777124098369053
12265	SWEET	0.09789905164922987	0.40096843242645264
12377	SWEET	0.005087896117142269	0.12636966364724295
16537	SWEET	0.2466433686869485	0.6574335864612034
17898	SWEET	0.13452298194169998	0.5536072679928371
18467	SWEET	0.17579934000968933	0.5773407220840454
21363	SWEET	0.05704147821026189	0.30150069509233746
27440	SWEET	0.07935813122562	0.3972997750554766
31219	SWEET	0.36151263969285147	0.7892931870051793
31276	SWEET	0.489522465637752	0.8110493677003043
31283	SWEET	0.21150167286396027	0.5394782934870038
60998	SWEET	0.27230594626494814	0.682357132434845
61523	SWEET	0.1739580280014447	0.609398433140346
62351	SWEET	0.08482364458697182	0.33353941781180246
62465	SWEET	0.18734781656946456	0.5684130702699933
251531	SWEET	0.2315289910350527	0.6191403695515224
440917	SWEET	0.18385753248419082	0.5878280997276306
637758	SWEET	0.39588725566864014	0.8281949928828648
1549025	SWEET	0.21661263278552464	0.6356464539255414
2733294	SWEET	0.5424185182367053	0.8613004173551287
5281167	SWEET	0.18125806535993302	0.5790280614580426
5281168	SWEET	0.06446771217244011	0.34398035066468374
5318599	SWEET	0.14264940257583344	0.4812910684517452
5352837	SWEET	0.16863130352326802	0.53785383275577
5364231	SWEET	0.1767526354108538	0.5178200389657702
262	SWEET	0.14430470977510726	0.4786361711365836
323	SWEET	0.20645476026194437	0.5983225618089948
750	SWEET	0.19717136664049967	0.5523191903318677
753	SWEET	0.1728520882981164	0.5124684870243073
962	SWEET	0.19137316942214966	0.5220263642924172
5862	SWEET	0.1441593308533941	0.4723368925707681
5962	SWEET	0.11051538905927114	0.4219875080244882
6274	SWEET	0.1294756042105811	0.46278288534709383
6322	SWEET	0.11966988976512637	0.43631416984966825
6669	SWEET	0.34873317394937786	0.7348327466419765
7137	SWEET	0.5661745710032327	0.9995616844722203
15654	SWEET	0.12434451601334981	0.49371969274112154
62089	SWEET	0.07046634118471827	0.261715258870806
853433	SWEET	0.44089584265436443	0.8682349324226379
5371102	SWEET	0.15514687980924333	0.5258444036756244
10857465	SWEET	0.10013341850468091	0.4395427405834198
180	FRUIT	0.01929615837122713	0.202982097864151
264	FRUIT	0.015785991081169674	0.18033224982874735
702	FRUIT	0.01754040750009673	0.17988489355359757
1031	FRUIT	0.025725794157811573	0.21428054358278
3102	FRUIT	0.0835133461015565	0.30310184614998953
3314	FRUIT	0.029803084209561348	0.23786676568644388
6506	FRUIT	0.07746989599296025	0.24093771619456156
6544	FRUIT	0.09339774080685206	0.29425776856286184
6561	FRUIT	0.03304119434739862	0.23588036852223532
7092	FRUIT	0.044105302808540206	0.22847565795694078
7302	FRUIT	0.0017705740673201425	0.16417488668646132
7476	FRUIT	0.11115710117987224	0.34783544710704256
7559	FRUIT	0.26427494415215086	0.597975994859423
7657	FRUIT	0.07795786325420652	0.2550042527062552
7770	FRUIT	0.5822550398962838	0.7642893195152283
7793	FRUIT	0.14129409619740077	0.445751143353326
7797	FRUIT	0.6052700749465397	0.7750305363110134
8025	FRUIT	0.06663170350449425	0.2624461693423135
8049	FRUIT	0.17110237053462438	0.3454773447343281
8094	FRUIT	0.04742014940295901	0.21046058407851628
8419	FRUIT	0.06779824356947627	0.32037172998700825
8438	FRUIT	0.12409223935433797	0.405772294316973
8468	FRUIT	0.02787088735827378	0.1986404529639653
8815	FRUIT	0.11575417380247797	0.3172558460916792
8878	FRUIT	0.5954364240169525	0.7605110236576625
9012	FRUIT	0.012934957497886248	0.08067826926708221
10886	FRUIT	0.34536689945629667	0.5594150509153094
11567	FRUIT	0.03851172833570412	0.25846355089119505
12020	FRUIT	0.03263396583497524	0.2235442272254399
12265	FRUIT	0.032864156046083996	0.19323018193244934
12377	FRUIT	0.02923907738711153	0.12799369330917085
16537	FRUIT	0.22982451106820787	0.5027525978428977
17898	FRUIT	0.006512410406555448	0.14880418883902685
18467	FRUIT	0.016633475997618268	0.16033316084316798
21363	FRUIT	-0.006176089867949486	0.08996992983988353
27440	FRUIT	0.02275624525334154	0.16828675142356328
31219	FRUIT	0.304973623582295	0.6396140967096601
31276	FRUIT	0.4321893836770739	0.7189542140279498
31283	FRUIT	0.10657858316387449	0.2579884486539023
60998	FRUIT	0.1710111371108464	0.40647671052387785
61523	FRUIT	0.13921696160520827	0.41440784505435396
62351	FRUIT	0.037078709208539555	0.1831729050193514
62465	FRUIT	-0.01779023584510599	0.1116924626486642
251531	FRUIT	0.09290889969893865	0.29628426262310575
440917	FRUIT	0.13591106235980988	0.40837753244808744
637758	FRUIT	0.20557844000203268	0.5010428343500409
1549025	FRUIT	0.11972780632121223	0.37609618050711496
2733294	FRUIT	0.5623754816395896	0.7709881578172956
5281167	FRUIT	0.19338356597082956	0.44066851905414034
5281168	FRUIT	0.03991674046431269	0.25760226377419065
5318599	FRUIT	0.12765288991587503	0.40499088168144226
5352837	FRUIT	0.16304226432527816	0.41742873191833496
5364231	FRUIT	0.1523474348442895	0.3651199383395059
262	FRUIT	0.03299661459667342	0.21404485404491425
323	FRUIT	0.04946119285055569	0.278887540102005
750	FRUIT	0.06701811269990035	0.2303204302276884
753	FRUIT	0.029883614608219693	0.19593091309070587
962	FRUIT	0.06715970912149974	0.2371382244995662
5862	FRUIT	0.032115959961499484	0.17833551445177623
5962	FRUIT	0.025749856872217997	0.1572445354291371
6274	FRUIT	0.014168698340654373	0.1463011215840067
6322	FRUIT	0.010260609909892082	0.12596506838287627
6669	FRUIT	0.14518045208283833	0.3433414697647095
7137	FRUIT	0.20679877272674016	0.5181619865553719
15654	FRUIT	0.021458925413233892	0.1467997282743454
62089	FRUIT	0.02338296813624246	0.15153166013104574
853433	FRUIT	0.09139449787991387	0.3616694595132555
5371102	FRUIT	0.06911525183490344	0.2736719250679016
10857465	FRUIT	-0.014269093317644936	0.23241962492465973
180	FISH	0.04910757765173912	0.1186123788356781
264	FISH	0.0915025919675827	0.16704159655741282
702	FISH	0.05932560403432165	0.1627895129578454
1031	FISH	0.05258096169148173	0.14230905047484807
3102	FISH	0.061293053307703564	0.10250295379332133
3314	FISH	0.047290666827133725	0.09383737455521311
6506	FISH	0.05204205161758831	0.12061309175831932
6544	FISH	0.048520948205675395	0.10654282569885254
6561	FISH	0.08548766268151146	0.1616857988493783
7092	FISH	0.05943061837128231	0.12658230321747915
7302	FISH	0.06129246471183641	0.1281670065862792
7476	FISH	0.05365449456231935	0.0950838178396225
7559	FISH	0.01894432133329766	0.04626611114612648
7657	FISH	0.11220845792974744	0.20336098543235234
7770	FISH	0.03934596611985138	0.037534096145204136
7793	FISH	0.060974017317805974	0.04679201782814094
7797	FISH	0.03417664313954966	0.03749785465853555
8025	FISH	0.06097736369286265	0.13957611790725163
8049	FISH	0.043968861656529565	0.09687869037900652
8094	FISH	0.12653242477348872	0.18309066551072256
8419	FISH	0.05167206110698836	0.09948525152036122
8438	FISH	0.029537801763841083	0.050507716834545135
8468	FISH	0.038387919909187725	0.08436788033161845
8815	FISH	0.05606415069528988	0.13261425069400243
8878	FISH	0.04273422807455063	0.03975040465593338
9012	FISH	0.35890441281454905	0.5304031882967267
10886	FISH	0.041402269154787064	0.08463245417390551
11567	FISH	0.010132792538830213	0.06725205214960235
12020	FISH	0.04322914034128189	0.12298039559807096
12265	FISH	0.037263672798871994	0.11243740362780434
12377	FISH	0.4290177524089813	0.6401698248726981
16537	FISH	0.04649048910609314	0.05517882427998951
17898	FISH	0.09157100426299232	0.1565214033637728
18467	FISH	0.07906436121889523	0.14191906367029464
21363	FISH	0.06058391236833164	0.14507850791726792
27440	FISH	0.1164860555103847	0.25443342540945324
31219	FISH	0.02551532244043691	0.05327656625636986
31276	FISH	0.03654916850583894	0.04652719758450985
31283	FISH	0.047858111560344696	0.11542745040995735
60998	FISH	0.04917898082307407	0.08410847399915967
61523	FISH	0.10585537127086095	0.13121310248970985
62351	FISH	0.20482073511396134	0.3509043540273394
62465	FISH	0.10036396341664451	0.12009476284895625
251531	FISH	0.021368030857826983	0.06153543506349836
440917	FISH	0.0044121114271027705	-0.010134013103587287
637758	FISH	-0.00010464646454368318	0.06739132744925362
1549025	FISH	0.04673660493322781	0.0745462104678154
2733294	FISH	0.03899521966065679	0.048923217824527195
5281167	FISH	0.07825604613338198	0.12495513792548861
5281168	FISH	0.09931291852678571	0.18791839693273818
5318599	FISH	0.050987369780029566	0.10902512818574905
5352837	FISH	0.06532357952424458	0.11530691811016627
5364231	FISH	0.051974955414022715	0.10312967108828681
262	FISH	0.04068886009710176	0.11168140172958374
323	FISH	0.042330119226660044	0.06480519846081734
750	FISH	0.05564535728522709	0.13115777501038142
753	FISH	0.058789247913019996	0.13073188811540604
962	FISH	0.025462588561432704	0.08370935517762389
5862	FISH	0.11662827006408147	0.21525276132992335
5962	FISH	0.12173183581658772	0.22099905354636057
6274	FISH	0.05478134059480259	0.13353950530290604
6322	FISH	0.05129054295165198	0.13404688771281922
6669	FISH	0.002548396321279662	0.04343659670225212
7137	FISH	0.027080297603138855	0.047890451337609975
15654	FISH	0.10808478082929339	0.21213896785463607
62089	FISH	0.10624347627162933	0.18900696507522038
853433	FISH	0.02604045905172825	0.06776559299656323
5371102	FISH	0.015855027894888605	0.08457620122603007
10857465	FISH	0.07221282167094094	0.0889582314661571
180	GARLIC	0.10166890919208527	0.28531124762126375
264	GARLIC	0.10854322569710868	0.3411760287625449
702	GARLIC	0.12346160198960986	0.33360540866851807
1031	GARLIC	0.11870508641004562	0.3126912457602365
3102	GARLIC	0.056010438395398	0.20876540882246836
3314	GARLIC	0.0726026679788317	0.21625998616218567
6506	GARLIC	0.09283237584999629	0.26763693136828287
6544	GARLIC	0.08122524831976209	0.21344363050801413
6561	GARLIC	0.10940547500337873	0.3084774315357208
7092	GARLIC	0.07116686765636716	0.2359986858708518
7302	GARLIC	0.10660921675818306	0.2842453100851604
7476	GARLIC	0.028773057939750806	0.1748359501361847
7559	GARLIC	0.03633553587964603	0.1328438584293638
7657	GARLIC	0.09603397973946162	0.29551213553973604
7770	GARLIC	0.023954573752624646	0.11831988500697273
7793	GARLIC	0.06962847762874194	0.2227742395230702
7797	GARLIC	0.024948890454002788	0.11142756843141147
8025	GARLIC	0.11551623791456223	0.29954154576574055
8049	GARLIC	0.0817731363432748	0.24894727553640092
8094	GARLIC	0.11161454234804426	0.30380729266575407
8419	GARLIC	0.0333257040807179	0.19397402235439845
8438	GARLIC	0.014369217146720206	0.15216982683965138
8468	GARLIC	0.052489506879023144	0.21480634595666612
8815	GARLIC	0.0801335136805262	0.21671548698629653
8878	GARLIC	0.02992986062807696	0.12503044679760933
9012	GARLIC	0.38124931284359526	0.6140061020851135
10886	GARLIC	0.054102511810404916	0.16840354459626333
11567	GARLIC	0.06028872009898935	0.20446002270494187
12020	GARLIC	0.1025291383266449	0.27470584000859943
12265	GARLIC	0.08473929869277137	0.25985448701041086
12377	GARLIC	0.5068480755601611	0.7015119705881391
16537	GARLIC	0.043897539377212524	0.16320039119039262
17898	GARLIC	0.12969689603362763	0.336833404643195
18467	GARLIC	0.11366667811359678	0.29909839161804747
21363	GARLIC	0.09007022849151067	0.28392896481922697
27440	GARLIC	0.1565899827650615	0.38150404606546673
31219	GARLIC	0.04824754888457911	0.17850029042788915
31276	GARLIC	0.033875453152826855	0.12927786047969544
31283	GARLIC	0.08732470444270543	0.2726082227059773
60998	GARLIC	0.06330642263804163	0.21692110172339849
61523	GARLIC	0.0831561226929937	0.25794513310704914
62351	GARLIC	0.2213658264705113	0.4565806899751936
62465	GARLIC	0.08647547928350312	0.24412255414894649
251531	GARLIC	0.03169452292578561	0.17922388868672506
440917	GARLIC	0.05797616392374039	0.178476054753576
637758	GARLIC	0.004701605864933559	0.18413124552794866
1549025	GARLIC	0.079274163714477	0.2574091851711273
2733294	GARLIC	0.023683305297579085	0.11175500175782613
5281167	GARLIC	0.06977985480001994	0.23277089212621963
5281168	GARLIC	0.09516235760280065	0.29328430550439016
5318599	GARLIC	0.06544610911181994	0.22532652531351363
5352837	GARLIC	0.07080149597355298	0.21753325632640294
5364231	GARLIC	0.07406383752822876	0.24700748920440674
262	GARLIC	0.09869979641267232	0.2756193535668509
323	GARLIC	0.03481144191963332	0.16314249805041722
750	GARLIC	0.10021285606282097	0.2902402324335916
753	GARLIC	0.10621052128928048	0.28062152223927633
962	GARLIC	0.0845581702888012	0.24597465140478952
5862	GARLIC	0.15401063007967813	0.37443878820964266
5962	GARLIC	0.13381612194435938	0.36211290104048593
6274	GARLIC	0.08779033326676913	0.2820522359439305
6322	GARLIC	0.0768981756908553	0.2831173283713205
6669	GARLIC	0.026559956105692045	0.1888960919209889
7137	GARLIC	0.03932077703731401	0.10988262561815125
15654	GARLIC	0.14790480051721847	0.37416120512144907
62089	GARLIC	0.1064995037657874	0.3058711460658482
853433	GARLIC	0.03263175327863012	0.1538038839186941
5371102	GARLIC	0.0321157377745424	0.17999255231448583
10857465	GARLIC	0.10265077011925834	0.21784838608333043
180	SPICES	0.1516017551933016	0.3651397100516728
264	SPICES	0.12655200064182281	0.3333738148212433
702	SPICES	0.17362157574721745	0.4061729311943054
1031	SPICES	0.1612063923052379	0.3797426436628614
3102	SPICES	0.17189020557062967	0.39488827330725534
3314	SPICES	0.4142492881843022	0.6832431725093296
6506	SPICES	0.1726184274469103	0.41172864607402254
6544	SPICES	0.24298403305666788	0.4512870694909777
6561	SPICES	0.11205370937074934	0.32395943999290466
7092	SPICES	0.3260123814855303	0.5791011537824359
7302	SPICES	0.2052437663078308	0.45033685650144306
7476	SPICES	0.17597744720322744	0.4136676618031093
7559	SPICES	0.16908783146313258	0.402996084519795
7657	SPICES	0.15277923430715287	0.3759194484778813
7770	SPICES	0.0985342657991818	0.33538191659109934
7793	SPICES	0.12456548533269338	0.3444509931973049
7797	SPICES	0.11070154926606587	0.3830831093447549
8025	SPICES	0.14403509880815232	0.3582338307585035
8049	SPICES	0.12221550089972359	0.3393533570425851
8094	SPICES	0.13429516553878784	0.3377702236175537
8419	SPICES	0.3015641527516501	0.5871519446372986
8438	SPICES	0.22831835917064122	0.5386877741132464
8468	SPICES	0.24268457293510437	0.5027564764022827
8815	SPICES	0.3521059921809605	0.5932591983250209
8878	SPICES	0.08889715107423919	0.351791969367436
9012	SPICES	0.2558456999914987	0.5128869031156812
10886	SPICES	0.15013859101704188	0.37289699060576303
11567	SPICES	0.16558987221547536	0.433768561908177
12020	SPICES	0.16966768673488072	0.4020202372755323
12265	SPICES	0.14762491839272635	0.3368055096694401
12377	SPICES	0.35684457421302795	0.6118085810116359
16537	SPICES	0.15980249856199538	0.39406274471964153
17898	SPICES	0.23294578279767716	0.4942151052611215
18467	SPICES	0.25369736765112194	0.5184094096933093
21363	SPICES	0.08932750352791377	0.283992343715259
27440	SPICES	0.1900209720645632	0.42642804980278015
31219	SPICES	0.12873899191617966	0.3698336396898542
31276	SPICES	0.09249921249491828	0.3284027193273817
31283	SPICES	0.14231359958648682	0.3758209092276437
60998	SPICES	0.1438876645905631	0.33806381055286955
61523	SPICES	0.16520547441073827	0.38308362449918476
62351	SPICES	0.22712967438357218	0.47060743400028776
62465	SPICES	0.40574660897254944	0.6570053015436444
251531	SPICES	0.14792339290891374	0.3638621057782854
440917	SPICES	0.19138631437505996	0.4589968068259103
637758	SPICES	0.2135548996073859	0.4573141932487488
1549025	SPICES	0.10729016576494489	0.32386575852121624
2733294	SPICES	0.11083124471562249	0.3884800246783665
5281167	SPICES	0.16800767609051295	0.3808626788003104
5281168	SPICES	0.1570604613849095	0.3702856259686606
5318599	SPICES	0.14279785539422715	0.3443224344934736
5352837	SPICES	0.15833883838994162	0.3684196812765939
5364231	SPICES	0.15890420973300934	0.3546344893319266
262	SPICES	0.1657434787069048	0.3809857666492462
323	SPICES	0.25292639647211346	0.519477150269917
750	SPICES	0.1730285691363471	0.4091023547308786
753	SPICES	0.1913558542728424	0.42958924174308777
962	SPICES	0.18277140813214438	0.4110562631062099
5862	SPICES	0.1954540546451296	0.42894009181431364
5962	SPICES	0.15355185951505387	0.3570998694215502
6274	SPICES	0.15922861865588597	0.3870147466659546
6322	SPICES	0.14707684516906738	0.36712484274591717
6669	SPICES	0.1529254647237914	0.4084169566631317
7137	SPICES	0.3878627376896994	0.7115807618413653
15654	SPICES	0.19182226487568446	0.4419830994946616
62089	SPICES	0.11263843200036458	0.32177294152123587
853433	SPICES	0.41394918731280733	0.6980809143611363
5371102	SPICES	0.16913212835788727	0.35177798356328693
10857465	SPICES	0.18931566391672408	0.5428839921951294
180	COLD	0.2620982549020222	0.4195302426815033
264	COLD	0.1785265611750739	0.3092633783817291
702	COLD	0.2418112520660673	0.39549915705408367
1031	COLD	0.2535434045961925	0.39515445062092375
3102	COLD	0.26627345596040997	0.4603681351457323
3314	COLD	0.21877816319465637	0.36762809327670504
6506	COLD	0.2848496692521231	0.44649600982666016
6544	COLD	0.3389197715691158	0.5094802124159676
6561	COLD	0.21573710228715623	0.37072938680648804
7092	COLD	0.26254107696669443	0.4390877144677298
7302	COLD	0.2754108501332147	0.4332320306982313
7476	COLD	0.27520106519971577	0.47284284234046936
7559	COLD	0.369611246245248	0.5609770161764962
7657	COLD	0.2245320166860308	0.40435221791267395
7770	COLD	0.2461292999131339	0.44212845819337027
7793	COLD	0.31530331500938963	0.5112390475613731
7797	COLD	0.2760242692061833	0.4647482250417982
8025	COLD	0.21966071213994706	0.3829863326890128
8049	COLD	0.22406878003052302	0.39599232162748066
8094	COLD	0.17327288006033217	0.3340380702699934
8419	COLD	0.20362654966967447	0.3759094774723053
8438	COLD	0.29101536103657316	0.5145411448819297
8468	COLD	0.2671057539326804	0.4272567629814148
8815	COLD	0.2823270857334137	0.4676044796194349
8878	COLD	0.2521475468363081	0.44252992953572956
9012	COLD	0.1374466216989926	0.27414751052856445
10886	COLD	0.26766711473464966	0.4672566992895944
11567	COLD	0.3652124064309256	0.5582768831934247
12020	COLD	0.300787729876382	0.46011854495321003
12265	COLD	0.2530137577227184	0.42178002851349966
12377	COLD	0.14418960043362208	0.3209578948361533
16537	COLD	0.3503762313297817	0.5548493180956159
17898	COLD	0.15098647666828974	0.3021326873983656
18467	COLD	0.18424046891076223	0.3422627065862928
21363	COLD	0.12494247619594846	0.28350713423320223
27440	COLD	0.1577109130365508	0.30525962369782583
31219	COLD	0.3367905616760254	0.5294922079358783
31276	COLD	0.3060779571533203	0.5131855607032776
31283	COLD	0.19365176345620835	0.36379803930010113
60998	COLD	0.2412314968449729	0.4253881573677063
61523	COLD	0.3012080660888127	0.5174078685896737
62351	COLD	0.17507213354110718	0.3349739270550864
62465	COLD	0.18459060149533407	0.3528802181993212
251531	COLD	0.3064483957631247	0.49793014356068205
440917	COLD	0.5996200442314148	0.7715669018881661
637758	COLD	0.29861222420419964	0.5114314470972333
1549025	COLD	0.20965371600219182	0.40490433147975374
2733294	COLD	0.2980043717793056	0.4996225322995867
5281167	COLD	0.24997387400695256	0.4424918804849897
5281168	COLD	0.22286243736743927	0.3771062067576817
5318599	COLD	0.27337072789669037	0.470764411347253
5352837	COLD	0.26356877173696247	0.46510773045676096
5364231	COLD	0.24242394311087473	0.41437160117285593
262	COLD	0.31659028359821867	0.45714862431798664
323	COLD	0.33642952357019695	0.5504593678883144
750	COLD	0.2336531685931342	0.39830553105899263
753	COLD	0.31257121903555735	0.4698262853281839
962	COLD	0.3091457997049604	0.47553079043115887
5862	COLD	0.2243796991450446	0.3638322523662022
5962	COLD	0.20527805387973785	0.33685323170253206
6274	COLD	0.30929028562137056	0.4453944606440408
6322	COLD	0.2841367210660662	0.42047285182135447
6669	COLD	0.2011828294822148	0.4150290148598807
7137	COLD	0.2754466320787157	0.44481443081583294
15654	COLD	0.15136738760130747	0.2906944922038487
62089	COLD	0.18048600852489471	0.33774260537964956
853433	COLD	0.24140781802790506	0.4046641503061567
5371102	COLD	0.2879319872174944	0.47148812668664114
10857465	COLD	0.2842509533677782	0.4649040102958679
180	SOUR	0.2735147199460438	0.4754495067255838
264	SOUR	0.5401628400598254	0.7020863890647888
702	SOUR	0.29338303208351135	0.5233181970460075
1031	SOUR	0.29760432669094633	0.5179273273263659
3102	SOUR	0.191862695983478	0.39835611411503385
3314	SOUR	0.0602801287812846	0.25720649106161936
6506	SOUR	0.250540663089071	0.44243089641843525
6544	SOUR	0.23747193387576512	0.4432268866470882
6561	SOUR	0.39901245066097807	0.5810684732028416
7092	SOUR	0.13754327701670782	0.3538767695426941
7302	SOUR	0.24688007363251277	0.46116380606378826
7476	SOUR	0.15905017725058965	0.36726900935173035
7559	SOUR	0.15641706543309347	0.37661970938955036
7657	SOUR	0.23395871690341405	0.4711178456033979
7770	SOUR	0.19816310703754425	0.4168093885694231
7793	SOUR	0.1606451336826597	0.413673209292548
7797	SOUR	0.13663064049822943	0.34037222606795176
8025	SOUR	0.3001187060560499	0.5255271707262311
8049	SOUR	0.22256668976375035	0.41451379656791687
8094	SOUR	0.459350769008909	0.620432436466217
8419	SOUR	0.08914945274591446	0.3157441573483603
8438	SOUR	0.10012012507234301	0.3101074865886143
8468	SOUR	0.16884570036615645	0.3656385328088488
8815	SOUR	0.10005706655127662	0.3213944818292345
8878	SOUR	0.15097772010735103	0.36394632714135305
9012	SOUR	0.36795992084911894	0.6416511620794024
10886	SOUR	0.22523680329322815	0.4205370971134731
11567	SOUR	0.18521160738808767	0.4236190787383488
12020	SOUR	0.22162609653813498	0.44729689189365934
12265	SOUR	0.2170305358512061	0.454860474382128
12377	SOUR	0.40173777086394175	0.6744535650525775
16537	SOUR	0.21209423882620676	0.408296389239175
17898	SOUR	0.1981584940637861	0.4354417026042938
18467	SOUR	0.16818236027445113	0.38984666977609905
21363	SOUR	0.5420028993061611	0.7007354242461068
27440	SOUR	0.30166678556374144	0.5647409643445697
31219	SOUR	0.17653779259749822	0.43398988246917725
31276	SOUR	0.17351591799940383	0.39471079621996197
31283	SOUR	0.20765889968190873	0.3781729170254299
60998	SOUR	0.2756341653210776	0.48332850847925457
61523	SOUR	0.2253013253211975	0.48441281063216074
62351	SOUR	0.31976151040622164	0.5660129019192287
62465	SOUR	0.0929733110325677	0.30791076166289194
251531	SOUR	0.14978414986814773	0.3802308567932674
440917	SOUR	0.13148878621203558	0.3762284048965999
637758	SOUR	0.15373232747827256	0.3882342832429068
1549025	SOUR	0.22243019086974009	0.4756971938269479
2733294	SOUR	0.20059259874480112	0.4226413198879787
5281167	SOUR	0.2993887151990618	0.5068351541246686
5281168	SOUR	0.40208040390695843	0.6023390548569816
5318599	SOUR	0.28151788456099375	0.4878590404987335
5352837	SOUR	0.26447624606745584	0.4660915093762534
5364231	SOUR	0.28638208338192533	0.49428047026906696
262	SOUR	0.2426740207842418	0.4687774011066982
323	SOUR	0.16624853866440908	0.367043993302754
750	SOUR	0.23577784640448435	0.43475693464279175
753	SOUR	0.21095442559037889	0.4304450622626713
962	SOUR	0.19506755896977016	0.40901962774140493
5862	SOUR	0.2689480483531952	0.4872548495020185
5962	SOUR	0.338673580970083	0.5657823426382882
6274	SOUR	0.2401001070226942	0.48615242327962604
6322	SOUR	0.24434928808893477	0.5020702992166791
6669	SOUR	0.13462256427322114	0.28459860171590534
7137	SOUR	0.02100458794406482	0.22127957003457205
15654	SOUR	0.23586525235857284	0.49911583747182575
62089	SOUR	0.49265144978250774	0.6660381385258266
853433	SOUR	0.036588069051504135	0.24008625745773315
5371102	SOUR	0.18705294387681143	0.4174718516213553
10857465	SOUR	0.2065948247909546	0.38515191844531466
180	BURNT	0.09757270451102938	0.3398975729942322
264	BURNT	0.09950054969106402	0.3328291518347604
702	BURNT	0.09439412185123988	0.3270542195865086
1031	BURNT	0.08525720132248742	0.302137804882867
3102	BURNT	0.1278600894979068	0.323868419442858
3314	BURNT	0.136843703687191	0.4187966925757272
6506	BURNT	0.07927315682172775	0.2798028758593968
6544	BURNT	0.07942040690353938	0.3106791547366551
6561	BURNT	0.08457164945346969	0.3148191656385149
7092	BURNT	0.15205258556774684	0.4096009773867471
7302	BURNT	0.18010949875627244	0.4405238372938974
7476	BURNT	0.07516766552414213	0.2804039056812014
7559	BURNT	0.03805843820529325	0.19473561644554138
7657	BURNT	0.10856648002352033	0.3377827661378043
7770	BURNT	0.02295158085014139	0.12959880168948854
7793	BURNT	0.05132872664502689	0.24016145084585463
7797	BURNT	0.020773965599281446	0.13875477867467062
8025	BURNT	0.0850210285612515	0.3059422586645399
8049	BURNT	0.10036903726203102	0.28032911249569487
8094	BURNT	0.14713112264871597	0.40300323707716806
8419	BURNT	0.10588661900588445	0.3440841223512377
8438	BURNT	0.0911568094577108	0.2903898443494524
8468	BURNT	0.13029086057628905	0.35694738796779085
8815	BURNT	0.08176515783582415	0.314829341002873
8878	BURNT	0.033733959176710675	0.17607686136450088
9012	BURNT	0.31668144038745333	0.62175452709198
10886	BURNT	0.035548027604818344	0.19153221164430892
11567	BURNT	0.16266020706721715	0.44465218271527973
12020	BURNT	0.083562291094235	0.3003704164709364
12265	BURNT	0.14834718938384736	0.41427986110959736
12377	BURNT	0.17502294055053166	0.4649714614663805
16537	BURNT	0.03958281821438244	0.20444554941994802
17898	BURNT	0.29731900564261843	0.5919131466320583
18467	BURNT	0.23136533796787262	0.497985303401947
21363	BURNT	0.131833193557603	0.43418216705322266
27440	BURNT	0.25402385209287914	0.574396129165377
31219	BURNT	0.03795863421899932	0.20830705974783217
31276	BURNT	0.02523223390536649	0.18503340440137045
31283	BURNT	0.144871500985963	0.3524430436747415
60998	BURNT	0.057218778878450394	0.2097156537430627
61523	BURNT	0.07093430523361478	0.29946380853652954
62351	BURNT	0.17029222420283727	0.42507431336811613
62465	BURNT	0.2543921832527433	0.584018703017916
251531	BURNT	0.03140863722988537	0.20237446363483155
440917	BURNT	0.06093162990042141	0.24835128443581717
637758	BURNT	0.03604302661759513	0.17572132178715297
1549025	BURNT	0.06375243195465632	0.2803112545183727
2733294	BURNT	0.027391683842454637	0.15867563017777034
5281167	BURNT	0.08531304342406136	0.2754322034972055
5281168	BURNT	0.11992522967713219	0.3763794984136309
5318599	BURNT	0.12480133452585765	0.35345394696508137
5352837	BURNT	0.10278867930173874	0.30347185901233126
5364231	BURNT	0.1157130194561822	0.3151458884988512
262	BURNT	0.09291159361600876	0.2881125807762146
323	BURNT	0.23540054048810685	0.4838496574333736
750	BURNT	0.09658152077879224	0.2963118382862636
753	BURNT	0.11637725255319051	0.3256585768290928
962	BURNT	0.07214856307421412	0.26802679896354675
5862	BURNT	0.17515208465712412	0.3928228105817522
5962	BURNT	0.17174722254276276	0.41512628538267954
6274	BURNT	0.1152333180819239	0.3346596913678305
6322	BURNT	0.12177815714052745	0.32166561484336853
6669	BURNT	0.05168668819325311	0.17731616965362004
7137	BURNT	0.10476065214191164	0.3162661088364465
15654	BURNT	0.2478181996515819	0.5410447929586683
62089	BURNT	0.16143691114016942	0.46639791982514517
853433	BURNT	0.11351678839751653	0.37790232471057345
5371102	BURNT	0.06886770256928035	0.28058803933007376
10857465	BURNT	0.12383993927921567	0.3818720877170563
180	ACID	0.29962630357061115	0.48772466608456205
264	ACID	0.2279973796435765	0.4097134513514383
702	ACID	0.2112186998128891	0.41820527826036724
1031	ACID	0.2344703802040645	0.43779922808919636
3102	ACID	0.24075384650911605	0.44312711698668344
3314	ACID	0.12374853555645261	0.30369901231357027
6506	ACID	0.20690899448735373	0.4037344327994755
6544	ACID	0.33241031425339834	0.5375414362975529
6561	ACID	0.3169821543352945	0.5157164888722556
7092	ACID	0.19907055156571524	0.4058630807059152
7302	ACID	0.2962788726602282	0.48709028533526827
7476	ACID	0.1911106812102454	0.4261479079723358
7559	ACID	0.2547926583460399	0.5069288270814079
7657	ACID	0.21495971296514785	0.4231731465884617
7770	ACID	0.15739926057202475	0.37737373794828144
7793	ACID	0.2117701768875122	0.4746583785329546
7797	ACID	0.11094388472182411	0.33687330569539753
8025	ACID	0.22748667640345438	0.4306567481585911
8049	ACID	0.17591940930911473	0.36486962863377165
8094	ACID	0.2944043108395168	0.5021215336663383
8419	ACID	0.09520024699824196	0.3045133969613484
8438	ACID	0.175796777009964	0.4203363060951233
8468	ACID	0.19575196291719163	0.40379835452352253
8815	ACID	0.17795275151729584	0.3867476923125131
8878	ACID	0.1182301789522171	0.34690460562705994
9012	ACID	0.2934107312134334	0.5263282571520124
10886	ACID	0.18443754315376282	0.41901072434016634
11567	ACID	0.5297862206186567	0.7207804322242737
12020	ACID	0.2757994362286159	0.47792171580450876
12265	ACID	0.34862532785960604	0.5381629126412528
12377	ACID	0.253141673547881	0.47997206449508667
16537	ACID	0.23476747742721013	0.5007376500538417
17898	ACID	0.16480162101132528	0.37678938252585276
18467	ACID	0.15913882212979452	0.35242511119161335
21363	ACID	0.34182187063353403	0.5441580329622541
27440	ACID	0.2850116193294525	0.49176141193934847
31219	ACID	0.20917620829173497	0.4514009654521942
31276	ACID	0.2968484418732779	0.5291294200079781
31283	ACID	0.18875629987035478	0.3867802109037127
60998	ACID	0.16569607598440989	0.3752147725650242
61523	ACID	0.2774032737527575	0.5539240326200213
62351	ACID	0.20049971767834254	0.41870167425700594
62465	ACID	0.21397440774100168	0.40998770935194834
251531	ACID	0.18514966113226755	0.4051238937037332
440917	ACID	0.4223271225179945	0.6748010260718209
637758	ACID	0.11166296792881829	0.35546308755874634
1549025	ACID	0.1767605287688119	0.4248425194195339
2733294	ACID	0.14229129467691695	0.41142710617610384
5281167	ACID	0.21506549630846297	0.46218311360904146
5281168	ACID	0.3120264070374625	0.5268937477043697
5318599	ACID	0.3099860804421561	0.540706855910165
5352837	ACID	0.26881042548588346	0.49696781379835947
5364231	ACID	0.20513567541326796	0.4147517170224871
262	ACID	0.2659678501742227	0.47236756341797964
323	ACID	0.37023983682904926	0.6137845005307879
750	ACID	0.16690875909158162	0.35719368287495207
753	ACID	0.2361129011426653	0.4417258756501334
962	ACID	0.2212145732981818	0.4264674612454006
5862	ACID	0.19798340967723302	0.39330377323286875
5962	ACID	0.20864262538296835	0.4156617522239685
6274	ACID	0.2320485540798732	0.44728376609938486
6322	ACID	0.21014023891517095	0.4312073971543993
6669	ACID	0.10372037919504302	0.30049612692424227
7137	ACID	0.10050746692078454	0.3347416264670236
15654	ACID	0.1794068536588124	0.3849711034979139
62089	ACID	0.35369481784956797	0.5636498417173114
853433	ACID	0.10829395375081471	0.32265609928539823
5371102	ACID	0.2451664230653218	0.4757034012249538
10857465	ACID	0.235902196594647	0.5227822320801871
180	WARM	0.23183737695217133	0.4226259333746774
264	WARM	0.28272796315806253	0.47766401938029696
702	WARM	0.22794904453413828	0.42000946402549744
1031	WARM	0.2156254244702203	0.411040974514825
3102	WARM	0.3296180026871817	0.5446830775056567
3314	WARM	0.4875667818955013	0.6642037544931684
6506	WARM	0.2735339232853481	0.46607876249722074
6544	WARM	0.2750726171902248	0.4970656931400299
6561	WARM	0.2106821984052658	0.4032401144504547
7092	WARM	0.41912834559168133	0.606628281729562
7302	WARM	0.33257482733045307	0.5327319587979998
7476	WARM	0.32403709633009775	0.5245897216456277
7559	WARM	0.3435321067060743	0.5584097674914769
7657	WARM	0.26574584203107016	0.4715526955468314
7770	WARM	0.3272337445190975	0.5708955611501422
7793	WARM	0.2635358188833509	0.45317118082727703
7797	WARM	0.3364597431250981	0.5786483798708234
8025	WARM	0.23335781054837362	0.4332869989531381
8049	WARM	0.289890604359763	0.49941423535346985
8094	WARM	0.30818189467702595	0.5047112958771842
8419	WARM	0.47760383571897236	0.6540727189608982
8438	WARM	0.43709967817579	0.6346480080059597
8468	WARM	0.3850730444703783	0.5694675701005119
8815	WARM	0.33600662861551556	0.528564316885812
8878	WARM	0.342929550579616	0.5836611901010785
9012	WARM	0.352446837084634	0.6043622408594403
10886	WARM	0.25357508659362793	0.4685697981289455
11567	WARM	0.30369760734694345	0.5335074152265277
12020	WARM	0.22060364484786987	0.4238652544362204
12265	WARM	0.22923660704067775	0.43509706003325327
12377	WARM	0.2934927386896951	0.5765906231743949
16537	WARM	0.2530967039721353	0.45528121079717365
17898	WARM	0.44367100085530964	0.6436893599373954
18467	WARM	0.4079521468707493	0.5900064706802368
21363	WARM	0.31251747267586844	0.5087753193719047
27440	WARM	0.3431583344936371	0.5705029538699559
31219	WARM	0.2919673706804003	0.5193740086896079
31276	WARM	0.2739913633891514	0.5111502834728786
31283	WARM	0.3314983546733856	0.5204018950462341
60998	WARM	0.3317659114088331	0.5060368180274963
61523	WARM	0.29315326469285147	0.49400720851761953
62351	WARM	0.29463963423456463	0.4981016729559217
62465	WARM	0.47590407729148865	0.6840788466589791
251531	WARM	0.26771760625498636	0.45074633615357534
440917	WARM	0.2279378260884966	0.4724119007587433
637758	WARM	0.3738137866769518	0.5592223576136998
1549025	WARM	0.2459303459950856	0.4191976487636566
2733294	WARM	0.3185162969997951	0.5529248033251081
5281167	WARM	0.26061347339834484	0.4673695947442736
5281168	WARM	0.2567420516695295	0.46280659096581594
5318599	WARM	0.252828985452652	0.44447919726371765
5352837	WARM	0.25082486655030933	0.4476550349167415
5364231	WARM	0.2815837689808437	0.4949674350874765
262	WARM	0.2198409161397389	0.4164958340781076
323	WARM	0.46247474210602896	0.6844920856612069
750	WARM	0.28578576871326994	0.4716710831437792
753	WARM	0.27647630657468525	0.46667990939957754
962	WARM	0.2476216767515455	0.4431244134902954
5862	WARM	0.30646773747035433	0.49034343872751507
5962	WARM	0.3049621113709041	0.48317447304725647
6274	WARM	0.25745650487286703	0.43218908565385
6322	WARM	0.23642199167183467	0.4164540299347469
6669	WARM	0.38315546938351225	0.5897902931485858
7137	WARM	0.612961905343192	0.7787542598588126
15654	WARM	0.3740263709000179	0.560105425970895
62089	WARM	0.3007782655102866	0.509853218282972
853433	WARM	0.5407181254455021	0.7225409320422581
5371102	WARM	0.23727227534566606	0.43906582253319876
10857465	WARM	0.37156568254743305	0.620665465082441
180	MUSKY	0.25875006190368105	0.4600501443658556
264	MUSKY	0.4984583130904606	0.7096934573990958
702	MUSKY	0.28950147543634686	0.5118032438414437
1031	MUSKY	0.2825214522225516	0.5000995738165719
3102	MUSKY	0.2729255386761257	0.48868390917778015
3314	MUSKY	0.16129437727587564	0.32124185136386324
6506	MUSKY	0.25069873460701536	0.42699216093335834
6544	MUSKY	0.24765841662883759	0.4496730736323765
6561	MUSKY	0.3369007280894688	0.5462306525026049
7092	MUSKY	0.2152673453092575	0.43745220984731403
7302	MUSKY	0.25711395910808016	0.47357372300965445
7476	MUSKY	0.24644629870142257	0.4785145137991224
7559	MUSKY	0.16137224648680007	0.34968792114939007
7657	MUSKY	0.2915906948702676	0.510522016457149
7770	MUSKY	0.11262362663234983	0.2698622303349631
7793	MUSKY	0.18210071538175857	0.42135808723313467
7797	MUSKY	0.09428331468786512	0.25681941849844797
8025	MUSKY	0.27704519033432007	0.49498153158596586
8049	MUSKY	0.25468059948512484	0.4150715725762503
8094	MUSKY	0.48335144775254385	0.7070228372301374
8419	MUSKY	0.20069492501871927	0.3973576937402998
8438	MUSKY	0.1636567030634199	0.36277464032173157
8468	MUSKY	0.22282724933964865	0.42031486119542805
8815	MUSKY	0.1586765455348151	0.3301026352814266
8878	MUSKY	0.12072604468890599	0.2964063882827759
9012	MUSKY	0.41770699620246887	0.685823210648128
10886	MUSKY	0.18369450952325547	0.36008784600666593
11567	MUSKY	0.21929899709565298	0.4754689633846283
12020	MUSKY	0.22522765610899245	0.42894055587904795
12265	MUSKY	0.2638749820845468	0.48108960475240437
12377	MUSKY	0.36090289269174847	0.6409259183066232
16537	MUSKY	0.15661925503185817	0.3769794489656176
17898	MUSKY	0.29623140181813923	0.5166910801615033
18467	MUSKY	0.24649583867618016	0.4413678858961378
21363	MUSKY	0.5999786598341805	0.803216780935015
27440	MUSKY	0.35973342827388216	0.6256491712161473
31219	MUSKY	0.16316428567681993	0.36564247948782785
31276	MUSKY	0.10039762833288737	0.2881103583744594
31283	MUSKY	0.2856128492525646	0.4687547172818865
60998	MUSKY	0.2758531740733555	0.4844756892749241
61523	MUSKY	0.20729048337255204	0.4830705097743443
62351	MUSKY	0.3208237886428833	0.5663360101836068
62465	MUSKY	0.22226393861430033	0.4309984190123422
251531	MUSKY	0.23342299035617284	0.43892885531697956
440917	MUSKY	0.11699647456407547	0.29686196574143003
637758	MUSKY	0.21050686495644705	0.46189549565315247
1549025	MUSKY	0.22528518523488725	0.47352500898497446
2733294	MUSKY	0.11890994118792671	0.29290758286203655
5281167	MUSKY	0.24186746776103973	0.47093992148126873
5281168	MUSKY	0.3924027681350708	0.6112336260931832
5318599	MUSKY	0.29305986421448843	0.5112010112830571
5352837	MUSKY	0.24271315123353684	0.4561830290726253
5364231	MUSKY	0.28917969124657766	0.5023538810866219
262	MUSKY	0.24249082377978734	0.4429424490247454
323	MUSKY	0.22883649809019907	0.4998942528452192
750	MUSKY	0.2636211173874991	0.45433381625584196
753	MUSKY	0.228066372019904	0.41753398946353365
962	MUSKY	0.2115666483129774	0.40384852460452486
5862	MUSKY	0.29651561805180143	0.5013712389128548
5962	MUSKY	0.4075113024030413	0.6121588264192853
6274	MUSKY	0.2880057969263622	0.4858302984918867
6322	MUSKY	0.3207269310951233	0.5087715302194867
6669	MUSKY	0.24405188432761601	0.44295368450028555
7137	MUSKY	0.12693664750882558	0.25184228803430286
15654	MUSKY	0.32374803509031025	0.5596452951431274
62089	MUSKY	0.5321286363261086	0.7587899735995701
853433	MUSKY	0.14165216471467698	0.3098134249448776
5371102	MUSKY	0.2718777230807713	0.5052695827824729
10857465	MUSKY	0.2783257748399462	0.5070388061659676
180	SWEATY	0.16623781621456146	0.36493684564317974
264	SWEATY	0.40148437874657766	0.6259069613048008
702	SWEATY	0.1872724805559431	0.41862272790500094
1031	SWEATY	0.18849698773452214	0.4096955955028534
3102	SWEATY	0.13392835961920874	0.3140494312558855
3314	SWEATY	0.04252573049494198	0.143929089818682
6506	SWEATY	0.1471984258719853	0.31817186304501127
6544	SWEATY	0.14469022090945924	0.2865158702645983
6561	SWEATY	0.25705440768173765	0.4804683285100119
7092	SWEATY	0.09665130504540034	0.2282475871699197
7302	SWEATY	0.15475893446377345	0.3558976479939052
7476	SWEATY	0.11860735182251249	0.2426094114780426
7559	SWEATY	0.08061811221497399	0.21169754011290415
7657	SWEATY	0.16510331417833055	0.35430993352617535
7770	SWEATY	0.07323065506560462	0.15976381301879883
7793	SWEATY	0.1027231855051858	0.23285725925649917
7797	SWEATY	0.03311859656657491	0.13732458544628962
8025	SWEATY	0.18069953152111598	0.4032027849129268
8049	SWEATY	0.13360691709177835	0.2839087780032839
8094	SWEATY	0.32231469239507404	0.5613840009484973
8419	SWEATY	0.0755811972277505	0.18214499950408936
8438	SWEATY	0.05785861345274108	0.16947226439203536
8468	SWEATY	0.1003182902932167	0.2589988112449646
8815	SWEATY	0.05658750661781856	0.15953385404178075
8878	SWEATY	0.04508892872503826	0.14830522771392549
9012	SWEATY	0.2320641726255417	0.5240930531706128
10886	SWEATY	0.12258097210100719	0.2717117007289614
11567	SWEATY	0.09535528453333038	0.2826323083468846
12020	SWEATY	0.12414345038788659	0.3244415989943913
12265	SWEATY	0.13853714295795985	0.3386912984507425
12377	SWEATY	0.24839212426117488	0.5011827264513288
16537	SWEATY	0.10420587658882141	0.23866802879742213
17898	SWEATY	0.13617785381419317	0.3512190282344818
18467	SWEATY	0.11474766262939998	0.2908999238695417
21363	SWEATY	0.4613623150757381	0.6821270840508598
27440	SWEATY	0.1914099987064089	0.46940885697092327
31219	SWEATY	0.07789299530642373	0.2185241856745311
31276	SWEATY	0.05566282517143658	0.14416782877274922
31283	SWEATY	0.1281039086835725	0.28405592271259855
60998	SWEATY	0.1841426364013127	0.3640087842941284
61523	SWEATY	0.13034009720597947	0.3118961325713566
62351	SWEATY	0.19199215727193014	0.4348637802260263
62465	SWEATY	0.08007863642913955	0.19421825451510294
251531	SWEATY	0.0982835761138371	0.26154062364782604
440917	SWEATY	0.052492456776755195	0.19750377535820007
637758	SWEATY	0.10906922923667091	0.29362101214272635
1549025	SWEATY	0.1337281816772052	0.3320422385420118
2733294	SWEATY	0.0879504457116127	0.2260367955480303
5281167	SWEATY	0.16600312292575836	0.3693021663597652
5281168	SWEATY	0.25464624379362377	0.5238197105271476
5318599	SWEATY	0.16715078268732345	0.3724343052932194
5352837	SWEATY	0.14418821781873703	0.3278293396745409
5364231	SWEATY	0.1681104919740132	0.3678180660520281
262	SWEATY	0.14620770726885116	0.3411908107144492
323	SWEATY	0.0975365766457149	0.24778844841888972
750	SWEATY	0.14957034587860107	0.30751683030809673
753	SWEATY	0.12477950219597135	0.30681668860571726
962	SWEATY	0.11740022365536008	0.2754697310073035
5862	SWEATY	0.17186133350644792	0.3802837218557085
5962	SWEATY	0.24960039343152726	0.4631826324122293
6274	SWEATY	0.1640168513570513	0.35858326724597384
6322	SWEATY	0.18102887059961045	0.37614437511989046
6669	SWEATY	0.09708060483847346	0.21325036670480454
7137	SWEATY	0.010106714176280158	0.15070924162864685
15654	SWEATY	0.1751690741096224	0.4194055753094809
62089	SWEATY	0.36802259939057486	0.6123774221965245
853433	SWEATY	0.029780972748994827	0.13219925654785974
5371102	SWEATY	0.1296401247382164	0.307734306369509
10857465	SWEATY	0.0912620946764946	0.3324043069566999
180	AMMONIA/URINOUS	0.32093565804617746	0.4528315876211439
264	AMMONIA/URINOUS	0.3312428295612335	0.4665598826748984
702	AMMONIA/URINOUS	0.2451999272618975	0.3969013052327292
1031	AMMONIA/URINOUS	0.2673271873167583	0.4149418388094221
3102	AMMONIA/URINOUS	0.36591262902532307	0.495045576776777
3314	AMMONIA/URINOUS	0.15369636671883719	0.24069280070917948
6506	AMMONIA/URINOUS	0.19721462258270808	0.32653327924864634
6544	AMMONIA/URINOUS	0.3555998461587088	0.4963246839387076
6561	AMMONIA/URINOUS	0.3745728518281664	0.5115095717566354
7092	AMMONIA/URINOUS	0.24064046144485474	0.3906814157962799
7302	AMMONIA/URINOUS	0.3340576844555991	0.4883367419242859
7476	AMMONIA/URINOUS	0.275147272007806	0.4103998839855194
7559	AMMONIA/URINOUS	0.3437584340572357	0.47690218687057495
7657	AMMONIA/URINOUS	0.324376323393413	0.46147778630256653
7770	AMMONIA/URINOUS	0.134468959910529	0.2223895000559943
7793	AMMONIA/URINOUS	0.3056771755218506	0.46203678846359253
7797	AMMONIA/URINOUS	0.0910501176757472	0.19098420441150665
8025	AMMONIA/URINOUS	0.2606119087764195	0.41423564297812326
8049	AMMONIA/URINOUS	0.1640583872795105	0.2750196244035448
8094	AMMONIA/URINOUS	0.3407388542379652	0.44443510685648235
8419	AMMONIA/URINOUS	0.1660325186593192	0.28461076957838877
8438	AMMONIA/URINOUS	0.23499044137341635	0.3764446590627943
8468	AMMONIA/URINOUS	0.22918751410075597	0.3510070187704904
8815	AMMONIA/URINOUS	0.17840088797467096	0.2959340938499996
8878	AMMONIA/URINOUS	0.09215054448161807	0.1925109326839447
9012	AMMONIA/URINOUS	0.45414615103176664	0.6156270163399833
10886	AMMONIA/URINOUS	0.17483275064400264	0.30530740107808796
11567	AMMONIA/URINOUS	0.5078366526535579	0.6498186673436847
12020	AMMONIA/URINOUS	0.27633391107831684	0.41005355971200125
12265	AMMONIA/URINOUS	0.37373856135777067	0.5075829241956983
12377	AMMONIA/URINOUS	0.3475180779184614	0.46794918179512024
16537	AMMONIA/URINOUS	0.2913174033164978	0.4152168503829411
17898	AMMONIA/URINOUS	0.2693811420883451	0.42571244069508146
18467	AMMONIA/URINOUS	0.20579910278320312	0.35155026401792255
21363	AMMONIA/URINOUS	0.5040799336774009	0.6253572957856315
27440	AMMONIA/URINOUS	0.3840635972363608	0.5547113077981132
31219	AMMONIA/URINOUS	0.2357577085494995	0.38738663707460674
31276	AMMONIA/URINOUS	0.2525504742349897	0.3777227912630354
31283	AMMONIA/URINOUS	0.17387003132275172	0.2735813430377415
60998	AMMONIA/URINOUS	0.28013764321804047	0.4115253303732191
61523	AMMONIA/URINOUS	0.37324136069842745	0.5473179391452244
62351	AMMONIA/URINOUS	0.30980527826717924	0.4479719741003854
62465	AMMONIA/URINOUS	0.2885569759777614	0.41018919008118765
251531	AMMONIA/URINOUS	0.24870173845972335	0.3700852223805019
440917	AMMONIA/URINOUS	0.3818049260548183	0.49465715885162354
637758	AMMONIA/URINOUS	0.2296778666121619	0.3719670559678759
1549025	AMMONIA/URINOUS	0.24741610246045248	0.41494060839925495
2733294	AMMONIA/URINOUS	0.16835022185529983	0.3041884515966688
5281167	AMMONIA/URINOUS	0.2631912742342268	0.3879653641155788
5281168	AMMONIA/URINOUS	0.3408422427518027	0.46569625394684927
5318599	AMMONIA/URINOUS	0.31742549368313383	0.45752011452402386
5352837	AMMONIA/URINOUS	0.28480924453054157	0.4186280199459621
5364231	AMMONIA/URINOUS	0.20255954350743974	0.32120525411197115
262	AMMONIA/URINOUS	0.26720637934548513	0.39980696780341013
323	AMMONIA/URINOUS	0.4642662448542459	0.6195142098835537
750	AMMONIA/URINOUS	0.16445496891226088	0.28474203603608267
753	AMMONIA/URINOUS	0.2491789162158966	0.3789962444986616
962	AMMONIA/URINOUS	0.2122937845332282	0.33964817438806805
5862	AMMONIA/URINOUS	0.26624977375779835	0.4008735886641911
5962	AMMONIA/URINOUS	0.3134367657559259	0.4472602903842926
6274	AMMONIA/URINOUS	0.2523610591888428	0.38836691209248136
6322	AMMONIA/URINOUS	0.24431139443601882	0.3713265359401703
6669	AMMONIA/URINOUS	0.14484183490276337	0.23769839320863997
7137	AMMONIA/URINOUS	0.21855965576001576	0.3364273267132895
15654	AMMONIA/URINOUS	0.2897917798587254	0.4538433424064091
62089	AMMONIA/URINOUS	0.4269212399210249	0.5429214920316424
853433	AMMONIA/URINOUS	0.18116952266011918	0.2802778014114925
5371102	AMMONIA/URINOUS	0.3092736857278006	0.45014977029391695
10857465	AMMONIA/URINOUS	0.3698299825191498	0.4862220159598759
180	DECAYED	0.08921511684145246	0.32154539227485657
264	DECAYED	0.21249646161283767	0.5132990522044045
702	DECAYED	0.09350828719990593	0.3442695311137608
1031	DECAYED	0.0914492809346744	0.34506294557026457
3102	DECAYED	0.0740519676889692	0.30976011071886334
3314	DECAYED	0.07057168866906847	0.2690977454185486
6506	DECAYED	0.07341609096952847	0.2741709755999701
6544	DECAYED	0.1106915410075869	0.33623020138059345
6561	DECAYED	0.1391072624496051	0.4136289358139038
7092	DECAYED	0.08965226475681577	0.30868970496313913
7302	DECAYED	0.1074468834059579	0.324337329183306
7476	DECAYED	0.07607359332697732	0.30843208517347065
7559	DECAYED	0.05374264610665185	0.2686311921903065
7657	DECAYED	0.11372894474438258	0.3981529687132154
7770	DECAYED	0.06525847847972598	0.2600457732166563
7793	DECAYED	0.056386003004653115	0.2736566492489406
7797	DECAYED	0.04731841039444719	0.2259701873574938
8025	DECAYED	0.09594344560589109	0.34360911164964947
8049	DECAYED	0.05826928945524352	0.25410603838307516
8094	DECAYED	0.2051301577261516	0.48732552358082365
8419	DECAYED	0.06593547229255949	0.3001463455813272
8438	DECAYED	0.037059026903339794	0.21138914355209895
8468	DECAYED	0.0684661865234375	0.2721526729209082
8815	DECAYED	0.07267829403281212	0.29226834007671904
8878	DECAYED	0.05743520201316902	0.2466650434902736
9012	DECAYED	0.2742259693997247	0.6633298482213702
10886	DECAYED	0.08876393522535052	0.288827474628176
11567	DECAYED	0.0978469688977514	0.32884256328855244
12020	DECAYED	0.068748126072543	0.2959827610424587
12265	DECAYED	0.09368631988763809	0.348025096314294
12377	DECAYED	0.2950707716601236	0.7216758983475822
16537	DECAYED	0.05986400746873447	0.25194762860025677
17898	DECAYED	0.13677647496972764	0.4130364656448364
18467	DECAYED	0.1032550281711987	0.32294819610459463
21363	DECAYED	0.23061372339725494	0.5344908322606768
27440	DECAYED	0.20385109313896724	0.5505176825182778
31219	DECAYED	0.0774907459105764	0.29150679281779696
31276	DECAYED	0.06033348771078246	0.27881822841508047
31283	DECAYED	0.047839942787374766	0.24888671721730912
60998	DECAYED	0.11167241526501519	0.33444173846926006
61523	DECAYED	0.08091228721397263	0.3242427578994206
62351	DECAYED	0.19482266902923584	0.5088379979133606
62465	DECAYED	0.1037738174200058	0.3240211478301457
251531	DECAYED	0.06391675876719612	0.2680863674197878
440917	DECAYED	0.04337457327970436	0.24002869427204132
637758	DECAYED	0.08275893437010902	0.32464417815208435
1549025	DECAYED	0.06956424191594124	0.2837857816900526
2733294	DECAYED	0.09078662736075264	0.28116950179849354
5281167	DECAYED	0.10965892246791295	0.345938754933221
5281168	DECAYED	0.1690621514405523	0.4505884775093624
5318599	DECAYED	0.11506196750061852	0.35240479026521954
5352837	DECAYED	0.10456635696547371	0.3295691864831107
5364231	DECAYED	0.09899398684501648	0.3366409625325884
262	DECAYED	0.07968443366033691	0.31920633145741056
323	DECAYED	0.08213049599102565	0.2985383783067976
750	DECAYED	0.0823831068617957	0.2864339309079306
753	DECAYED	0.08264365526182312	0.2987298454557146
962	DECAYED	0.06064104661345482	0.2630931032555444
5862	DECAYED	0.13135875442198344	0.3787275765623365
5962	DECAYED	0.1693310695035117	0.4595546764986856
6274	DECAYED	0.0975387277347701	0.3299101080213274
6322	DECAYED	0.10818123178822654	0.35302608779498507
6669	DECAYED	0.02572531984852893	0.19112291719232286
7137	DECAYED	0.05559404194355011	0.22973749041557312
15654	DECAYED	0.15179907104798726	0.46048549669129507
62089	DECAYED	0.21481644894395555	0.5212650511945996
853433	DECAYED	0.06341330174888883	0.2606042410646166
5371102	DECAYED	0.07188584495868001	0.3082602151802608
10857465	DECAYED	0.10085467036281313	0.3637800897870745
180	WOOD	0.1806082629731723	0.3383157891886575
264	WOOD	0.1596511783344405	0.3158030467373984
702	WOOD	0.18172488255160196	0.34016003779002596
1031	WOOD	0.14542439792837417	0.29962111370904104
3102	WOOD	0.14463904712881362	0.32194284881864277
3314	WOOD	0.2852938345500401	0.43962281942367554
6506	WOOD	0.19161948348794663	0.35391354986599516
6544	WOOD	0.1997433751821518	0.3845077965940748
6561	WOOD	0.10099043377808162	0.2696618778364999
7092	WOOD	0.2336264295237405	0.42129710742405485
7302	WOOD	0.20317945522921427	0.38494354486465454
7476	WOOD	0.18014015895979746	0.33808064460754395
7559	WOOD	0.08348429788436208	0.20540161643709456
7657	WOOD	0.16254715408597672	0.33365266237940105
7770	WOOD	0.011479322399411882	0.06590199789830617
7793	WOOD	0.2076734048979623	0.36784026452473234
7797	WOOD	0.04621984277452741	0.13805473382983888
8025	WOOD	0.14041583772216523	0.2808487372738974
8049	WOOD	0.19418332087142126	0.33806224380220684
8094	WOOD	0.2613959951060159	0.4552523749215262
8419	WOOD	0.20509323903492518	0.3678289609295981
8438	WOOD	0.13955155866486685	0.3125483308519636
8468	WOOD	0.23271269457680838	0.3981781687055315
8815	WOOD	0.19933901301452092	0.36949500867298674
8878	WOOD	0.06649101844855718	0.15485031689916337
9012	WOOD	0.1729799679347447	0.3818486545767103
10886	WOOD	0.10582153712000165	0.2315465999501092
11567	WOOD	0.23974130834851945	0.4506714003426688
12020	WOOD	0.167283119899886	0.32656747102737427
12265	WOOD	0.2329361481325967	0.4215114414691925
12377	WOOD	0.11504215747117996	0.3134205383913858
16537	WOOD	0.1909130641392299	0.3539402612618038
17898	WOOD	0.3428313306399754	0.5522912655557904
18467	WOOD	0.309665709733963	0.48634107198034016
21363	WOOD	0.21570679545402527	0.41428994280951364
27440	WOOD	0.3239426612854004	0.5515216546399253
31219	WOOD	0.09256746886031968	0.2260165342262813
31276	WOOD	0.028992633734430586	0.11702281555959157
31283	WOOD	0.2747118387903486	0.4666013206754412
60998	WOOD	0.11499034719807762	0.24857574701309204
61523	WOOD	0.2842796572617122	0.4794006986277444
62351	WOOD	0.1792116846357073	0.32879424946648733
62465	WOOD	0.3769421534878867	0.5623516099793571
251531	WOOD	0.16877664838518416	0.322799380336489
440917	WOOD	0.24310117108481272	0.4374104951109205
637758	WOOD	0.10056064171450478	0.1898391651255744
1549025	WOOD	0.1834471481187003	0.38240906596183777
2733294	WOOD	0.07136401800172669	0.1811885109969548
5281167	WOOD	0.21209763203348433	0.40818906681878225
5281168	WOOD	0.2975912094116211	0.479363066809518
5318599	WOOD	0.28417826124600004	0.4865105152130127
5352837	WOOD	0.21546385543687002	0.40624808413641794
5364231	WOOD	0.24680904405457632	0.42815608637673513
262	WOOD	0.15734318218060903	0.31047654151916504
323	WOOD	0.20705541968345642	0.4267054115022932
750	WOOD	0.20533111691474915	0.34725765671048847
753	WOOD	0.1915287779910224	0.3466750255652836
962	WOOD	0.1974041908979416	0.341193037373679
5862	WOOD	0.18590491158621653	0.34001300590378897
5962	WOOD	0.2071430448974882	0.367959874016898
6274	WOOD	0.22272555317197526	0.3986003484044756
6322	WOOD	0.24538440363747732	0.41849814142499653
6669	WOOD	0.2465696632862091	0.41539773770741056
7137	WOOD	0.1625618977206094	0.28800889211041586
15654	WOOD	0.302483183997018	0.5054578568254199
62089	WOOD	0.2804453458104815	0.4773064596312387
853433	WOOD	0.2136827835014888	0.38195552996226717
5371102	WOOD	0.19948328818593705	0.3843677171639034
10857465	WOOD	0.2941436469554901	0.4919637015887669
180	GRASS	0.11758824224982943	0.24939448918615068
264	GRASS	0.08581458990062986	0.23889399426324026
702	GRASS	0.14407013143811906	0.2884920196873801
1031	GRASS	0.1356836301939828	0.28377609167780193
3102	GRASS	0.08401591862951006	0.2607382961681911
3314	GRASS	0.10985152210508074	0.26101902553013395
6506	GRASS	0.13380909391811915	0.2810094271387373
6544	GRASS	0.11212276507701192	0.3140391026224409
6561	GRASS	0.09402042946645192	0.23835453391075134
7092	GRASS	0.07947397923895291	0.235146130834307
7302	GRASS	0.0825487854225295	0.21337770989962987
7476	GRASS	0.1163564675620624	0.28286200548921314
7559	GRASS	0.1532886496612004	0.323795952967235
7657	GRASS	0.12244664984089988	0.3191762523991721
7770	GRASS	0.10542497251714979	0.26268805137702395
7793	GRASS	0.2044591030904225	0.430757999420166
7797	GRASS	0.17322262695857457	0.328645191022328
8025	GRASS	0.1179322919675282	0.25422549673489164
8049	GRASS	0.1045189265693937	0.2391758475984846
8094	GRASS	0.11606102968965258	0.28102085845811026
8419	GRASS	0.09736804344824382	0.24081647396087646
8438	GRASS	0.0802955696625369	0.23637845047882625
8468	GRASS	0.10645343576158796	0.24949380542550767
8815	GRASS	0.14510406979492732	0.355774815593447
8878	GRASS	0.14980327870164598	0.31589638335364206
9012	GRASS	0.08933521807193756	0.2633755398648126
10886	GRASS	0.23999689519405365	0.40109236325536457
11567	GRASS	0.11159962202821459	0.2873864940234593
12020	GRASS	0.1428066896540778	0.31926311339650837
12265	GRASS	0.1312996479017394	0.3161495753696987
12377	GRASS	0.17554900263037002	0.378457282270704
16537	GRASS	0.27972247345106943	0.5046181125300271
17898	GRASS	0.1254665425845555	0.3023179130894797
18467	GRASS	0.10920650724853788	0.2577910955463137
21363	GRASS	0.03936182042317731	0.19301263988018036
27440	GRASS	0.2354768706219537	0.4628406635352543
31219	GRASS	0.13368752279451915	0.2952530894960676
31276	GRASS	0.10863766127399035	0.2534396839993341
31283	GRASS	0.10780989591564451	0.2525441071816853
60998	GRASS	0.14066245087555476	0.2871186839682715
61523	GRASS	0.3580173211438315	0.6382049322128296
62351	GRASS	0.15497914169515883	0.3436449979032789
62465	GRASS	0.09383630220379148	0.2467543695654188
251531	GRASS	0.13355341021503722	0.33846489446503775
440917	GRASS	0.30180185607501436	0.6134572454861232
637758	GRASS	0.08526712762457984	0.22696931873049056
1549025	GRASS	0.17499967983790807	0.37709674664906095
2733294	GRASS	0.25691514355795725	0.4086042727742876
5281167	GRASS	0.3843296340533665	0.6031924528735024
5281168	GRASS	0.2346039137669972	0.44575420022010803
5318599	GRASS	0.2468759694269725	0.4747739774840219
5352837	GRASS	0.27155992814472746	0.4977154816899981
5364231	GRASS	0.2896539270877838	0.502250075340271
262	GRASS	0.14314774104527064	0.303745550768716
323	GRASS	0.058978049350636344	0.20808453857898712
750	GRASS	0.11959815344640187	0.2511261318411146
753	GRASS	0.1327647375208991	0.289222640650613
962	GRASS	0.14859327035290854	0.3095588684082031
5862	GRASS	0.10026070794888906	0.2275675471339907
5962	GRASS	0.0909950275506292	0.23757894975798471
6274	GRASS	0.13112240071807588	0.28866100311279297
6322	GRASS	0.1387127616575786	0.2989598512649536
6669	GRASS	0.15123617436204637	0.3278614452907017
7137	GRASS	0.11149250396660396	0.28418418765068054
15654	GRASS	0.15524653238909586	0.3356510273047856
62089	GRASS	0.08123700320720673	0.23289455260549272
853433	GRASS	0.09666857761996132	0.25255816749164034
5371102	GRASS	0.17521533157144273	0.35988967759268625
10857465	GRASS	0.22092262549059732	0.5182877566133227
180	FLOWER	0.11139571240970067	0.34117048553058077
264	FLOWER	0.10524005975042071	0.29383786235536846
702	FLOWER	0.11961183164800916	0.37643068603106905
1031	FLOWER	0.13273932039737701	0.38216026765959604
3102	FLOWER	0.2867026776075363	0.544742728982653
3314	FLOWER	0.22896212339401245	0.5363487260682243
6506	FLOWER	0.17923051757471903	0.4429974598543985
6544	FLOWER	0.22678511696202414	0.4456092757838113
6561	FLOWER	0.09316194483212062	0.29787755012512207
7092	FLOWER	0.16291384611810958	0.4212202089173453
7302	FLOWER	0.0950731315783092	0.312699909721102
7476	FLOWER	0.3350838805947985	0.6179906129837036
7559	FLOWER	0.4190398156642914	0.7232473152024406
7657	FLOWER	0.2248045482805797	0.4988063020365579
7770	FLOWER	0.3439130570207323	0.6060689176831927
7793	FLOWER	0.47594758442470003	0.7777775270598275
7797	FLOWER	0.43297917928014484	0.6631657225745065
8025	FLOWER	0.1337204756481307	0.38161516189575195
8049	FLOWER	0.24995377446923936	0.4894149729183742
8094	FLOWER	0.11920103643621717	0.2600221846784864
8419	FLOWER	0.28239416437489645	0.608202372278486
8438	FLOWER	0.2781121986252921	0.5823228529521397
8468	FLOWER	0.2150830945798329	0.4876928584916251
8815	FLOWER	0.22932000245366777	0.5110660791397095
8878	FLOWER	0.40415771518434795	0.6176812308175224
9012	FLOWER	0.09152908410344805	0.19736615674836294
10886	FLOWER	0.29910913535526823	0.5470580458641052
11567	FLOWER	0.09060613065958023	0.30013682161058697
12020	FLOWER	0.14419605689389364	0.40871054359844755
12265	FLOWER	0.11104717212063926	0.3369494889463697
12377	FLOWER	0.06365029513835907	0.21397164038249425
16537	FLOWER	0.3700134498732431	0.6490805915423802
17898	FLOWER	0.09827957195895058	0.3057653435638973
18467	FLOWER	0.1149530176605497	0.36184746452740263
21363	FLOWER	0.1215337695819991	0.2823007277079991
27440	FLOWER	0.10795827422823225	0.2739070781639644
31219	FLOWER	0.3815825751849583	0.709180874483926
31276	FLOWER	0.26398769872529165	0.5474208550793784
31283	FLOWER	0.20307454679693496	0.3980927722794669
60998	FLOWER	0.35769437892096384	0.651995062828064
61523	FLOWER	0.4257249917302813	0.7254839794976371
62351	FLOWER	0.10225705376693181	0.3040078452655247
62465	FLOWER	0.14949169542108262	0.41745051741600037
251531	FLOWER	0.4182684123516083	0.6970972759383065
440917	FLOWER	0.24019195139408112	0.5501599567277091
637758	FLOWER	0.3870490661689213	0.7163792593138558
1549025	FLOWER	0.3340488523244858	0.6408270001411438
2733294	FLOWER	0.37734031677246094	0.6184762631143842
5281167	FLOWER	0.24099730806691305	0.4995916613510677
5281168	FLOWER	0.11532339027949742	0.2833286608968462
5318599	FLOWER	0.17654908767768315	0.39399972558021545
5352837	FLOWER	0.2166570339884077	0.4657192315374102
5364231	FLOWER	0.18847555773598806	0.4230203798839024
262	FLOWER	0.14948946237564087	0.41408444728170124
323	FLOWER	0.20592112413474492	0.432726046868733
750	FLOWER	0.18894683676106588	0.4430066645145416
753	FLOWER	0.16396790317126683	0.43764819843428476
962	FLOWER	0.21102580002376012	0.48095148376056124
5862	FLOWER	0.14236107575041906	0.37729698419570923
5962	FLOWER	0.1358696147799492	0.34732954842703684
6274	FLOWER	0.15103290442909514	0.40973459822790964
6322	FLOWER	0.18221085625035421	0.441736387354987
6669	FLOWER	0.49822379861559185	0.709305192743029
7137	FLOWER	0.4141511491366795	0.6991271206310817
15654	FLOWER	0.10140648164919444	0.301253365618842
62089	FLOWER	0.08072858303785324	0.2176947912999562
853433	FLOWER	0.3111169934272766	0.624184216771807
5371102	FLOWER	0.32538377812930513	0.6120661411966596
10857465	FLOWER	0.3260447084903717	0.5549276726586478
180	CHEMICAL	0.3585393215928759	0.6392070395605904
264	CHEMICAL	0.20030903603349412	0.5244538698877607
702	CHEMICAL	0.22605874070099422	0.5451738621507373
1031	CHEMICAL	0.27141596589769634	0.5776244699954987
3102	CHEMICAL	0.33455411876950947	0.5750817997114999
3314	CHEMICAL	0.18394057878426143	0.46899343388421194
6506	CHEMICAL	0.2302348698888506	0.5061212480068207
6544	CHEMICAL	0.45918236460004536	0.6780242664473397
6561	CHEMICAL	0.3676826570715223	0.6603371330669948
7092	CHEMICAL	0.27360970420496805	0.5236012935638428
7302	CHEMICAL	0.353532965694155	0.6034363337925502
7476	CHEMICAL	0.30476817914417814	0.5687246705804553
7559	CHEMICAL	0.4088072734219687	0.70218368938991
7657	CHEMICAL	0.28186306783131193	0.5339715353080204
7770	CHEMICAL	0.24136293147291457	0.5456488004752568
7793	CHEMICAL	0.36562820843287874	0.6631729773112706
7797	CHEMICAL	0.1998754824910845	0.4813390927655356
8025	CHEMICAL	0.27088297264916555	0.5837282836437225
8049	CHEMICAL	0.2037295720406941	0.47908278022493633
8094	CHEMICAL	0.3128203707081931	0.6266536372048515
8419	CHEMICAL	0.1728224584034511	0.4346475047724588
8438	CHEMICAL	0.29698718232767923	0.5497730629784721
8468	CHEMICAL	0.2314542042357581	0.5069286823272705
8815	CHEMICAL	0.24831723315375193	0.5180030422551292
8878	CHEMICAL	0.1941222229174205	0.48163638370377676
9012	CHEMICAL	0.27377178200653624	0.5906051397323608
10886	CHEMICAL	0.23967409985406057	0.5195661442620414
11567	CHEMICAL	0.7042709248406547	0.8524931924683707
12020	CHEMICAL	0.3298010102340153	0.6036068286214556
12265	CHEMICAL	0.438690973179681	0.689438922064645
12377	CHEMICAL	0.17024228402546474	0.4966929044042315
16537	CHEMICAL	0.34860759547778536	0.6302421689033508
17898	CHEMICAL	0.19993912322180613	0.5130012716565814
18467	CHEMICAL	0.17608184899602616	0.4780766155038561
21363	CHEMICAL	0.29546173981257845	0.6335360152380807
27440	CHEMICAL	0.303723612001964	0.6247378672872271
31219	CHEMICAL	0.3482168572289603	0.6620856523513794
31276	CHEMICAL	0.43428834847041536	0.7248310106141227
31283	CHEMICAL	0.21354488176958902	0.4877662147794451
60998	CHEMICAL	0.22399123013019562	0.487590491771698
61523	CHEMICAL	0.38966132061822073	0.6842319454465594
62351	CHEMICAL	0.1929156290633338	0.5159588328429631
62465	CHEMICAL	0.2922552355698177	0.5665541291236877
251531	CHEMICAL	0.2777490402970995	0.5473477499825614
440917	CHEMICAL	0.5782265322549003	0.8107686127935138
637758	CHEMICAL	0.2119429281779698	0.49615337593214853
1549025	CHEMICAL	0.24327469723565237	0.5526010394096375
2733294	CHEMICAL	0.2500847429037094	0.5571245040212359
5281167	CHEMICAL	0.24550173538071768	0.5484896302223206
5281168	CHEMICAL	0.3454099212374006	0.6421930875097003
5318599	CHEMICAL	0.3861316740512848	0.6915087103843689
5352837	CHEMICAL	0.3250737658568791	0.6215008156640189
5364231	CHEMICAL	0.2333658358880452	0.5139477891581399
262	CHEMICAL	0.3137062404836927	0.594131588935852
323	CHEMICAL	0.5324191153049469	0.7501877546310425
750	CHEMICAL	0.16648123732634953	0.45262710537229267
753	CHEMICAL	0.26992481095450266	0.5576959337506976
962	CHEMICAL	0.26214158960751127	0.5400618953364236
5862	CHEMICAL	0.19827112981251307	0.5074044423443931
5962	CHEMICAL	0.21101905831268855	0.5255221383912223
6274	CHEMICAL	0.2594893489565168	0.5438860484531948
6322	CHEMICAL	0.23561427848679678	0.52461148585592
6669	CHEMICAL	0.15952731562512262	0.4101282273020063
7137	CHEMICAL	0.22363253150667464	0.4954066915171487
15654	CHEMICAL	0.19246650167873927	0.5144635140895844
62089	CHEMICAL	0.3725749892847879	0.6887179868561881
853433	CHEMICAL	0.2169004167829241	0.4822753923279898
5371102	CHEMICAL	0.3107356641973768	0.5798719951084682
10857465	CHEMICAL	0.3683699497154781	0.6954817516463143
