oID	descriptor	value	sigma
180	INTENSITY/STRENGTH	0.155340952532632	0.5046740940638951
264	INTENSITY/STRENGTH	0.44725232890674044	0.6953219260488238
702	INTENSITY/STRENGTH	0.09652660733887128	0.5008768439292908
1031	INTENSITY/STRENGTH	0.13510131516626903	0.513845409665789
3102	INTENSITY/STRENGTH	0.3801680675574711	0.602891206741333
3314	INTENSITY/STRENGTH	0.3977200303758894	0.6775715691702706
6506	INTENSITY/STRENGTH	0.16024575382471085	0.546338962657111
6544	INTENSITY/STRENGTH	0.2853333077260426	0.6063488806997027
6561	INTENSITY/STRENGTH	0.34565714427403044	0.6411570395742144
7092	INTENSITY/STRENGTH	0.36210077575274874	0.6125706519399371
7302	INTENSITY/STRENGTH	0.34001719525882174	0.5907465219497681
7476	INTENSITY/STRENGTH	0.3773918407303946	0.6398401686123439
7559	INTENSITY/STRENGTH	0.5135376581123897	0.6890533907072884
7657	INTENSITY/STRENGTH	0.3236904059137617	0.5688247169767108
7770	INTENSITY/STRENGTH	0.48646689312798636	0.6962089368275234
7793	INTENSITY/STRENGTH	0.34607058124882834	0.7036334361348834
7797	INTENSITY/STRENGTH	0.41031332101140705	0.6573404754911151
8025	INTENSITY/STRENGTH	0.17904100247791835	0.5933115312031337
8049	INTENSITY/STRENGTH	0.15648583748510905	0.5142714636666434
8094	INTENSITY/STRENGTH	0.3871638774871826	0.6238864319665092
8419	INTENSITY/STRENGTH	0.44994948165757315	0.6612226026398795
8438	INTENSITY/STRENGTH	0.40602294887815205	0.6131190657615662
8468	INTENSITY/STRENGTH	0.2382843324116298	0.5634295429502215
8815	INTENSITY/STRENGTH	0.3356086164712906	0.6248891523906163
8878	INTENSITY/STRENGTH	0.42397167001451763	0.6600787724767413
9012	INTENSITY/STRENGTH	0.6005271204880306	0.586750967161996
10886	INTENSITY/STRENGTH	0.27723241065229687	0.5995655570711408
11567	INTENSITY/STRENGTH	0.5480595018182483	0.6164428847176688
12020	INTENSITY/STRENGTH	0.192875508751188	0.5607547589710781
12265	INTENSITY/STRENGTH	0.22745551807539804	0.5543509977204459
12377	INTENSITY/STRENGTH	0.5529652110167912	0.561756065913609
16537	INTENSITY/STRENGTH	0.3117131505693708	0.6820420367377145
17898	INTENSITY/STRENGTH	0.4349769524165562	0.601876071521214
18467	INTENSITY/STRENGTH	0.3020581624337605	0.5589888095855713
21363	INTENSITY/STRENGTH	0.3610504610197885	0.663269715649741
27440	INTENSITY/STRENGTH	0.523177581174033	0.6450377021517072
31219	INTENSITY/STRENGTH	0.4257631174155644	0.6672290137835911
31276	INTENSITY/STRENGTH	0.4742292250905718	0.6393877778734479
31283	INTENSITY/STRENGTH	0.18634259062153952	0.5161828441279275
60998	INTENSITY/STRENGTH	0.30700146300452097	0.6935872861317226
61523	INTENSITY/STRENGTH	0.3932230387415205	0.6491022109985352
62351	INTENSITY/STRENGTH	0.4487162104674748	0.6129410181726728
62465	INTENSITY/STRENGTH	0.4910518867628915	0.6444895097187587
251531	INTENSITY/STRENGTH	0.13092168899519102	0.5463141288076129
440917	INTENSITY/STRENGTH	0.36624294945171904	0.6387079783848354
637758	INTENSITY/STRENGTH	0.41491264530590605	0.6782991119793483
1549025	INTENSITY/STRENGTH	0.219017251261643	0.6109244993754795
2733294	INTENSITY/STRENGTH	0.5183526022093636	0.6654407296861921
5281167	INTENSITY/STRENGTH	0.4953511825629643	0.6614868300301688
5281168	INTENSITY/STRENGTH	0.5590187353747231	0.7002430983952114
5318599	INTENSITY/STRENGTH	0.5354324196066175	0.6611877168927874
5352837	INTENSITY/STRENGTH	0.490356696503503	0.6584636654172625
5364231	INTENSITY/STRENGTH	0.4458645284175873	0.6519489969526019
262	INTENSITY/STRENGTH	0.16932049074343272	0.5191436409950256
323	INTENSITY/STRENGTH	0.532818113054548	0.6171882408005851
750	INTENSITY/STRENGTH	0.10739939925926072	0.4721050517899649
753	INTENSITY/STRENGTH	0.10600599965878896	0.5179323043142047
962	INTENSITY/STRENGTH	0.06907825438039643	0.4936372254576002
5862	INTENSITY/STRENGTH	0.26172688603401184	0.5681912473269871
5962	INTENSITY/STRENGTH	0.2623297678572791	0.5911609360149929
6274	INTENSITY/STRENGTH	0.10277077715311732	0.5341719857284001
6322	INTENSITY/STRENGTH	0.07640990508454186	0.48924805862563
6669	INTENSITY/STRENGTH	0.16756896727851459	0.5164767290864672
7137	INTENSITY/STRENGTH	0.6294294851166862	0.7616533381598336
15654	INTENSITY/STRENGTH	0.3922792800835201	0.5884692754064288
62089	INTENSITY/STRENGTH	0.3819141558238438	0.6329669186047145
853433	INTENSITY/STRENGTH	0.4602097613470895	0.7041908417429242
5371102	INTENSITY/STRENGTH	0.3223948861871447	0.6411574908665248
10857465	INTENSITY/STRENGTH	0.3211505743009703	0.7362921237945557
180	VALENCE/PLEASANTNESS	0.46326067192213877	0.552953132561275
264	VALENCE/PLEASANTNESS	0.270930500967162	0.519864022731781
702	VALENCE/PLEASANTNESS	0.46225359184401377	0.5559704388890948
1031	VALENCE/PLEASANTNESS	0.42200992362839834	0.561446760381971
3102	VALENCE/PLEASANTNESS	0.47059519376073566	0.6310420972960336
3314	VALENCE/PLEASANTNESS	0.6537620595523289	0.6680053217070443
6506	VALENCE/PLEASANTNESS	0.43799456102507456	0.5647464564868382
6544	VALENCE/PLEASANTNESS	0.45369155066353933	0.5782516258103507
6561	VALENCE/PLEASANTNESS	0.34202768547194345	0.5339961775711605
7092	VALENCE/PLEASANTNESS	0.5427423204694476	0.6282023191452026
7302	VALENCE/PLEASANTNESS	0.4502979133810316	0.6106068066188267
7476	VALENCE/PLEASANTNESS	0.6655007941382272	0.5841688939503261
7559	VALENCE/PLEASANTNESS	0.6283141033990043	0.6464439885956901
7657	VALENCE/PLEASANTNESS	0.46194196173122953	0.611784313406263
7770	VALENCE/PLEASANTNESS	0.6314436665603093	0.6546526636396136
7793	VALENCE/PLEASANTNESS	0.6513209342956543	0.646853506565094
7797	VALENCE/PLEASANTNESS	0.7621889114379883	0.6122750895363944
8025	VALENCE/PLEASANTNESS	0.4367680847644806	0.5836793610027858
8049	VALENCE/PLEASANTNESS	0.510159547839846	0.5670276965413775
8094	VALENCE/PLEASANTNESS	0.41925268513815744	0.5313267622675214
8419	VALENCE/PLEASANTNESS	0.7356746622494289	0.5936703681945801
8438	VALENCE/PLEASANTNESS	0.6317823103496006	0.6000069975852966
8468	VALENCE/PLEASANTNESS	0.6003251671791077	0.5848618916102818
8815	VALENCE/PLEASANTNESS	0.5715493219239371	0.6131422945431301
8878	VALENCE/PLEASANTNESS	0.7510445713996887	0.5932253514017377
9012	VALENCE/PLEASANTNESS	0.2670066122497831	0.5589001178741455
10886	VALENCE/PLEASANTNESS	0.6230974878583636	0.5897410086223057
11567	VALENCE/PLEASANTNESS	0.42390914048467365	0.6213707242693219
12020	VALENCE/PLEASANTNESS	0.4668358862400055	0.6017384018216815
12265	VALENCE/PLEASANTNESS	0.4077128512518747	0.5741621511323112
12377	VALENCE/PLEASANTNESS	0.3173467772347586	0.5446933252470834
16537	VALENCE/PLEASANTNESS	0.6489305921963283	0.6097093735422406
17898	VALENCE/PLEASANTNESS	0.47765363114220755	0.6754049403326852
18467	VALENCE/PLEASANTNESS	0.467119038105011	0.635283887386322
21363	VALENCE/PLEASANTNESS	0.33765348366328646	0.5351586852754865
27440	VALENCE/PLEASANTNESS	0.3942467612879617	0.687830558844975
31219	VALENCE/PLEASANTNESS	0.655462213924953	0.6022982427052089
31276	VALENCE/PLEASANTNESS	0.6606115698814392	0.6396871634892055
31283	VALENCE/PLEASANTNESS	0.5303763662065778	0.5677493980952671
60998	VALENCE/PLEASANTNESS	0.5090508546148028	0.6530810850007194
61523	VALENCE/PLEASANTNESS	0.469330017055784	0.6447789583887372
62351	VALENCE/PLEASANTNESS	0.33440869620868136	0.5728528925350734
62465	VALENCE/PLEASANTNESS	0.5093791910580227	0.6994702560561044
251531	VALENCE/PLEASANTNESS	0.5535579408918109	0.5621439899717059
440917	VALENCE/PLEASANTNESS	0.5729657241276332	0.6043466329574585
637758	VALENCE/PLEASANTNESS	0.6921065960611615	0.60233131476811
1549025	VALENCE/PLEASANTNESS	0.6245113270623344	0.5660788416862488
2733294	VALENCE/PLEASANTNESS	0.6879772033010211	0.65481869663511
5281167	VALENCE/PLEASANTNESS	0.487226882151195	0.6509103945323399
5281168	VALENCE/PLEASANTNESS	0.3261021929127829	0.5531076831477029
5318599	VALENCE/PLEASANTNESS	0.4403243064880371	0.5946027977125985
5352837	VALENCE/PLEASANTNESS	0.49448651501110624	0.6320914455822536
5364231	VALENCE/PLEASANTNESS	0.5370215858731952	0.6761589646339417
262	VALENCE/PLEASANTNESS	0.4752421847411564	0.5741116574832371
323	VALENCE/PLEASANTNESS	0.5075832392488208	0.6779761484691075
750	VALENCE/PLEASANTNESS	0.4929001671927316	0.585055581160954
753	VALENCE/PLEASANTNESS	0.48155487860952106	0.5810205595833915
962	VALENCE/PLEASANTNESS	0.4578935716833387	0.535163973058973
5862	VALENCE/PLEASANTNESS	0.39176282712391447	0.5929228918892997
5962	VALENCE/PLEASANTNESS	0.3849924291883196	0.5886815190315247
6274	VALENCE/PLEASANTNESS	0.5012623880590711	0.5856022664478847
6322	VALENCE/PLEASANTNESS	0.46060831206185476	0.5541128260748727
6669	VALENCE/PLEASANTNESS	0.5890978149005345	0.562771371432713
7137	VALENCE/PLEASANTNESS	0.7556139571326119	0.6718347072601318
15654	VALENCE/PLEASANTNESS	0.4428018459251949	0.6394069705690656
62089	VALENCE/PLEASANTNESS	0.3514693592275892	0.4836588629654476
853433	VALENCE/PLEASANTNESS	0.6906366859163556	0.6741381372724261
5371102	VALENCE/PLEASANTNESS	0.4885204774992807	0.5972090448651995
10857465	VALENCE/PLEASANTNESS	0.5601142304284232	0.6699640665735517
180	BAKERY	0.07955659713063921	0.27668177230017527
264	BAKERY	0.04009802958795002	0.1339261063507625
702	BAKERY	0.06059918153498854	0.22561741088117873
1031	BAKERY	0.05434068478643894	0.19499392807483673
3102	BAKERY	0.054280157067946026	0.1978402818952288
3314	BAKERY	0.26529758530003683	0.611300562109266
6506	BAKERY	0.06551278728459563	0.22465857011931284
6544	BAKERY	0.04391538591257164	0.1679996390427862
6561	BAKERY	0.049539488341127126	0.14030185554708755
7092	BAKERY	0.12416956360851016	0.3662032016686031
7302	BAKERY	0.09610813111066818	0.2993681686265128
7476	BAKERY	0.09450146715555872	0.2729930302926472
7559	BAKERY	0.05930588607277189	0.20570181097303117
7657	BAKERY	0.034192656565989764	0.1729154416493007
7770	BAKERY	0.122248646404062	0.36561604482786997
7793	BAKERY	0.059109023639134	0.17647171659129007
7797	BAKERY	0.09181703627109528	0.3312223085335323
8025	BAKERY	0.09236826428345271	0.27031199846948895
8049	BAKERY	0.05251241235860756	0.2295507448060172
8094	BAKERY	0.05067958789212363	0.18510831679616654
8419	BAKERY	0.37052486198289053	0.6671780603272575
8438	BAKERY	0.20364344545773097	0.46346656339509146
8468	BAKERY	0.1980844267777034	0.46619474462100435
8815	BAKERY	0.12171304119484765	0.3499814144202641
8878	BAKERY	0.10849253726857049	0.3606370006288801
9012	BAKERY	0.06209308175104005	0.22737133077212743
10886	BAKERY	0.06005430434431348	0.23246196338108607
11567	BAKERY	0.06887506427509445	0.2277107345206397
12020	BAKERY	0.05246458575129509	0.21142360142299108
12265	BAKERY	0.05167788293744836	0.22913828917912074
12377	BAKERY	0.05519964439528329	0.21103355501379287
16537	BAKERY	0.050898312990154536	0.13713784409420832
17898	BAKERY	0.16406199123178208	0.4626289052622659
18467	BAKERY	0.1264411551611764	0.39825636574200224
21363	BAKERY	0.029663005577666417	0.12233512955052513
27440	BAKERY	0.11946775551353182	0.39782993708338055
31219	BAKERY	0.0679946281015873	0.21441895408289774
31276	BAKERY	0.060835905107004304	0.27204787944044384
31283	BAKERY	0.07666794689638275	0.30983039311000277
60998	BAKERY	0.06377496144601277	0.188203221985272
61523	BAKERY	0.03257964817540986	0.15230788609811238
62351	BAKERY	0.06653329038194247	0.2599770299025944
62465	BAKERY	0.16608676527227675	0.4624369101864951
251531	BAKERY	0.045573241742593903	0.19737843317644937
440917	BAKERY	0.028924104624560902	0.09019995986350945
637758	BAKERY	0.1628365239926747	0.3951926444258009
1549025	BAKERY	0.06288772714989525	0.20972155247415816
2733294	BAKERY	0.07095008130584445	0.2618131765297481
5281167	BAKERY	0.039287905607904704	0.18476377853325435
5281168	BAKERY	0.02295511482017381	0.09987816587090492
5318599	BAKERY	0.03468818590044975	0.1631136281149728
5352837	BAKERY	0.040393870057804246	0.18462598962443216
5364231	BAKERY	0.05681607127189636	0.2746179167713438
262	BAKERY	0.054050360939332416	0.21561303096158163
323	BAKERY	0.09491240765367236	0.30294150965554373
750	BAKERY	0.09582992643117905	0.33041772672108244
753	BAKERY	0.07153658089893204	0.2807293938738959
962	BAKERY	0.04741673357784748	0.19858208192246302
5862	BAKERY	0.0982511926974569	0.35961024676050457
5962	BAKERY	0.07974678703716823	0.2776735510144915
6274	BAKERY	0.07742829088653837	0.28967385845524923
6322	BAKERY	0.06239129922219685	0.2643169505255563
6669	BAKERY	0.0751815459557942	0.27199469080993105
7137	BAKERY	0.3449630354131971	0.6961014185632978
15654	BAKERY	0.15518072034631455	0.45744279452732634
62089	BAKERY	0.03562525287270546	0.1577325878398759
853433	BAKERY	0.2853089038814817	0.6229492340769086
5371102	BAKERY	0.011898731546742576	0.08151912210243088
10857465	BAKERY	0.04710225122315543	0.22327040561607905
180	SWEET	0.13278870284557343	0.4513250504221235
264	SWEET	0.05495671448963029	0.31261042186192106
702	SWEET	0.11603835331542152	0.4229315519332886
1031	SWEET	0.11007180277790342	0.4021359511784145
3102	SWEET	0.1548103881733758	0.5027235490935189
3314	SWEET	0.3489944636821747	0.74390195948737
6506	SWEET	0.13229519873857498	0.43118045159748625
6544	SWEET	0.10681791390691485	0.4111145181315286
6561	SWEET	0.08290823602250644	0.32905120083263945
7092	SWEET	0.21087019358362472	0.592158283506121
7302	SWEET	0.1364197273339544	0.46781982694353375
7476	SWEET	0.34862664341926575	0.7545525857380458
7559	SWEET	0.3464034838335855	0.7286128061158317
7657	SWEET	0.12994528987577983	0.46229730333600727
7770	SWEET	0.48390559213502066	0.8110320908682687
7793	SWEET	0.32247469680649893	0.7374406627246312
7797	SWEET	0.5436341507094247	0.859272471496037
8025	SWEET	0.14251584985426494	0.47331002354621887
8049	SWEET	0.19567357429436275	0.5296980057443891
8094	SWEET	0.15260185407740728	0.4461102655955723
8419	SWEET	0.49368530937603544	0.8146158031054905
8438	SWEET	0.34578921113695416	0.7498558248792376
8468	SWEET	0.29391424145017353	0.6436909522329058
8815	SWEET	0.2377880960702896	0.5929443410464695
8878	SWEET	0.5812859109469822	0.8591400470052447
9012	SWEET	0.024034071447593824	0.19199558453900473
10886	SWEET	0.35352206230163574	0.6630214963640485
11567	SWEET	0.13515392584460123	0.45037876282419476
12020	SWEET	0.1312813822712217	0.4542753057820456
12265	SWEET	0.09495178237557411	0.4118892933641161
12377	SWEET	0.011985134333372116	0.13798670364277704
16537	SWEET	0.297343909740448	0.6550235748291016
17898	SWEET	0.14822685718536377	0.542923207793917
18467	SWEET	0.13200110516377858	0.48665521826062885
21363	SWEET	0.08917289120810372	0.3930926152638027
27440	SWEET	0.06520728287952286	0.4093758336135319
31219	SWEET	0.3702510254723685	0.7292221443993705
31276	SWEET	0.44275193980761934	0.7981289199420384
31283	SWEET	0.1940242967435292	0.5535563230514526
60998	SWEET	0.21095187323434011	0.606870813029153
61523	SWEET	0.12619891656296595	0.4747272389275687
62351	SWEET	0.05403036145227296	0.26985232319150654
62465	SWEET	0.21039919129439763	0.5454072100775582
251531	SWEET	0.18208640813827515	0.54032763838768
440917	SWEET	0.21042174100875854	0.6026518259729657
637758	SWEET	0.38990644046238493	0.780924882207598
1549025	SWEET	0.2729627937078476	0.6190291728292193
2733294	SWEET	0.43527448177337646	0.8069664580481393
5281167	SWEET	0.1578836590051651	0.5106203385761806
5281168	SWEET	0.07011699915996619	0.3109680414199829
5318599	SWEET	0.1439958597932543	0.46436624441828045
5352837	SWEET	0.1728360429406166	0.5485056000096458
5364231	SWEET	0.20847021681921823	0.5948900324957711
262	SWEET	0.1381846315094403	0.45750681843076435
323	SWEET	0.20632322132587433	0.6141607676233564
750	SWEET	0.14222382009029388	0.4765190822737558
753	SWEET	0.1395147836634091	0.4582231768539974
962	SWEET	0.09095168592674392	0.37680811967168537
5862	SWEET	0.08989197335072927	0.37649147851126535
5962	SWEET	0.11371785721608571	0.4195706376007625
6274	SWEET	0.13411335966416768	0.4820698584829058
6322	SWEET	0.10676668903657369	0.4280463584831783
6669	SWEET	0.24587092655045645	0.6003777810505458
7137	SWEET	0.5172668993473053	0.9351337041173663
15654	SWEET	0.11101522296667099	0.468847040619169
62089	SWEET	0.08161325646298272	0.3165933447224753
853433	SWEET	0.39164072275161743	0.8156088846070426
5371102	SWEET	0.11838553100824356	0.4082032186644418
10857465	SWEET	0.20459649392536708	0.593296046767916
180	FRUIT	0.04451677682144301	0.1815928210105215
264	FRUIT	0.03179403261414596	0.18923516784395492
702	FRUIT	0.03915333880909851	0.15563905239105225
1031	FRUIT	0.04467083566955158	0.15996181219816208
3102	FRUIT	0.09784421111856188	0.3063829711505345
3314	FRUIT	0.06263950972684793	0.2842135599681309
6506	FRUIT	0.06904275502477374	0.21923309351716722
6544	FRUIT	0.05136527706469808	0.22394531752382005
6561	FRUIT	0.041329168847629	0.192256327186312
7092	FRUIT	0.08472925584231104	0.30812981724739075
7302	FRUIT	0.04584155151886599	0.20038174092769623
7476	FRUIT	0.1749956256576947	0.43148142099380493
7559	FRUIT	0.3119108442749296	0.587323146206992
7657	FRUIT	0.0851001228604998	0.2813370185238974
7770	FRUIT	0.4516329637595585	0.6738431198256356
7793	FRUIT	0.1932961004120963	0.45496292625154766
7797	FRUIT	0.5610229287828717	0.784782418182918
8025	FRUIT	0.05464874846594674	0.1870496113385473
8049	FRUIT	0.13276923234973634	0.3192924090794155
8094	FRUIT	0.1362018414906093	0.33257365226745605
8419	FRUIT	0.11831123594726835	0.36327026571546284
8438	FRUIT	0.14276628834860666	0.3854602021830423
8468	FRUIT	0.09780269648347582	0.2641847899981907
8815	FRUIT	0.08594906117234911	0.30216161055224283
8878	FRUIT	0.6073283808571952	0.805920592376164
9012	FRUIT	0.00957251020840236	0.09720135799476079
10886	FRUIT	0.37453319345201763	0.5807083334241595
11567	FRUIT	0.0655870411012854	0.2597933943782534
12020	FRUIT	0.07232389066900526	0.23576452902385167
12265	FRUIT	0.052398396389825005	0.18059175142220088
12377	FRUIT	0.015263933688402176	0.094932778605393
16537	FRUIT	0.2236293362719672	0.48319487486566814
17898	FRUIT	0.056360047842775075	0.17707652492182596
18467	FRUIT	0.04130946498896394	0.13851262629032135
21363	FRUIT	0.0419242126601083	0.18342792349202292
27440	FRUIT	0.03554845707757132	0.09875652247241565
31219	FRUIT	0.3155000294957842	0.5931897759437561
31276	FRUIT	0.4302297362259456	0.6631598898342678
31283	FRUIT	0.1080273911356926	0.2778391923223223
60998	FRUIT	0.13917398239885057	0.37108696358544485
61523	FRUIT	0.08458556021962847	0.28779177367687225
62351	FRUIT	0.04539625346660614	0.14779266395739146
62465	FRUIT	0.048949344881943295	0.16613356236900603
251531	FRUIT	0.08072328673941749	0.25366409548691343
440917	FRUIT	0.14224112778902054	0.39424632276807514
637758	FRUIT	0.20324096083641052	0.4973307635102953
1549025	FRUIT	0.23243512426103866	0.47329399841172354
2733294	FRUIT	0.516107222863606	0.7759898986135211
5281167	FRUIT	0.21094395433153426	0.42619694556508747
5281168	FRUIT	0.09699889086186886	0.2768320483820779
5318599	FRUIT	0.17454663664102554	0.3853996012892042
5352837	FRUIT	0.19730779315744126	0.427139869758061
5364231	FRUIT	0.2605909939323153	0.5037423627717155
262	FRUIT	0.06153821386396885	0.1975782194307872
323	FRUIT	0.10450680660349983	0.3356851977961404
750	FRUIT	0.048440101955618174	0.17381277361086436
753	FRUIT	0.04932427778840065	0.18827298815761292
962	FRUIT	0.031908915511199405	0.13564412189381464
5862	FRUIT	0.014321097305842809	0.11056475660630635
5962	FRUIT	0.04963928514293262	0.1679883279970714
6274	FRUIT	0.0536005688565118	0.18830870517662593
6322	FRUIT	0.0390605205403907	0.1447845846414566
6669	FRUIT	0.13683961118970597	0.31320372223854065
7137	FRUIT	0.1576654314994812	0.4805858773844583
15654	FRUIT	0.03910072813076632	0.10453430563211441
62089	FRUIT	0.05427632214767592	0.19003414681979588
853433	FRUIT	0.08245385704295975	0.3483572708708899
5371102	FRUIT	0.06852448731660843	0.2554688560111182
10857465	FRUIT	0.057327400626880784	0.2259756794997624
180	FISH	0.08137349358626775	0.18589845086847032
264	FISH	0.16871513639177596	0.3095710958753313
702	FISH	0.09663223794528417	0.19619968320642198
1031	FISH	0.10584607081753868	0.2227375337055751
3102	FISH	0.045917575380631855	0.13336482963391713
3314	FISH	0.0730345446084227	0.10982407523053032
6506	FISH	0.09361515300614494	0.20722677665097372
6544	FISH	0.060979666986635754	0.16748100306306565
6561	FISH	0.12706229516438075	0.275072591645377
7092	FISH	0.0563636203961713	0.15138504121984755
7302	FISH	0.06595653668045998	0.14281334834439413
7476	FISH	0.012209672347775527	0.06828734970518521
7559	FISH	0.03800609814269202	0.072138569184712
7657	FISH	0.06477982870170049	0.16258762351104192
7770	FISH	0.05129178001412323	0.09671560781342643
7793	FISH	0.04161820187333173	0.009397479306374277
7797	FISH	0.018737017742491195	0.029041816081319536
8025	FISH	0.09786984430892127	0.19951130236898149
8049	FISH	0.0626205698187862	0.1319790365440505
8094	FISH	0.07986606391412872	0.18380341572420938
8419	FISH	0.05417047441005707	0.08845050632953644
8438	FISH	0.03557894166026797	0.10344067960977554
8468	FISH	0.05626028776168823	0.11181526631116867
8815	FISH	0.06099502635853631	0.15601845298494613
8878	FISH	0.021246842507805144	0.05156854806201799
9012	FISH	0.31510250908987864	0.5763017109462193
10886	FISH	0.051193600853106806	0.11271801165172032
11567	FISH	0.04285081449363913	0.11644472181797028
12020	FISH	0.07791680204016822	0.17320425701992853
12265	FISH	0.08937803655862808	0.2255235058920724
12377	FISH	0.4165387238774981	0.6456769449370248
16537	FISH	0.02577520294913224	0.0653769341962678
17898	FISH	0.04561311325856617	0.10996914974280766
18467	FISH	0.05396919724132333	0.12863581308296748
21363	FISH	0.12261524530393737	0.20993295737675258
27440	FISH	0.12199582159519196	0.26089340661253246
31219	FISH	0.024155781205211366	0.06346106582454272
31276	FISH	0.02997683234778898	0.07696943251149994
31283	FISH	0.06937435854758535	0.13819353388888495
60998	FISH	0.07585219613143376	0.1714225858449936
61523	FISH	0.12006289405482155	0.2403314220053809
62351	FISH	0.2334898156779153	0.4503740966320038
62465	FISH	0.08600221201777458	0.14545267820358276
251531	FISH	0.053653771323817115	0.11340760013886861
440917	FISH	0.006605957302131823	0.04229479070220675
637758	FISH	0.027981362779558237	0.09104925926242556
1549025	FISH	0.05955020311687674	0.12006599243198122
2733294	FISH	0.031553799619099925	0.08474776255232948
5281167	FISH	0.10876238133226122	0.22890031124864305
5281168	FISH	0.1626146212220192	0.34223092453820364
5318599	FISH	0.1007283686527184	0.23211708877767837
5352837	FISH	0.08410231343337468	0.18626838603190013
5364231	FISH	0.09462758685861315	0.1895686388015747
262	FISH	0.05896185711026192	0.13744185119867325
323	FISH	0.036571303116423745	0.10705255291291646
750	FISH	0.0816150898379939	0.15903768582003458
753	FISH	0.08277621971709388	0.17090038316590445
962	FISH	0.06398080182926995	0.13353593328169414
5862	FISH	0.17111521639994212	0.3390321007796696
5962	FISH	0.09536652426634516	0.2113826104572841
6274	FISH	0.06596753959144865	0.15130015249763215
6322	FISH	0.0760439086173262	0.15815746997083938
6669	FISH	0.062325598405940194	0.10806675148861748
7137	FISH	0.0301625630153077	0.06992626642542225
15654	FISH	0.09925385351691927	0.19303265426840102
62089	FISH	0.0649664511105844	0.16910187474318913
853433	FISH	0.05482770263084343	0.09825907115425382
5371102	FISH	0.06399884527283055	0.17911624482699803
10857465	FISH	0.01282959577760526	0.028382272326520512
180	GARLIC	0.10818093163626534	0.3054245838097164
264	GARLIC	0.134350163596017	0.3795891957623618
702	GARLIC	0.13589525861399515	0.32803612095969065
1031	GARLIC	0.15176557110888617	0.34913662927491323
3102	GARLIC	0.057557826595646996	0.19932530181748526
3314	GARLIC	0.05984054771917207	0.19108939170837402
6506	GARLIC	0.12298860507352012	0.34444092001233784
6544	GARLIC	0.07568995015961784	0.2506093851157597
6561	GARLIC	0.13508449920586177	0.3445774699960436
7092	GARLIC	0.0632398362670626	0.21173652580806188
7302	GARLIC	0.06866946763225965	0.24834772731576646
7476	GARLIC	0.016241808155817643	0.12665780846561706
7559	GARLIC	0.02118263273899044	0.12906174681016377
7657	GARLIC	0.06789849592106682	0.22428835928440094
7770	GARLIC	0.04897371067532471	0.16445037296840123
7793	GARLIC	0.003516153698521001	0.10989553853869438
7797	GARLIC	0.021469456875430688	0.10284902794020516
8025	GARLIC	0.1187069873724665	0.3288665200982775
8049	GARLIC	0.07873145810195378	0.2518222119127001
8094	GARLIC	0.08409512894494194	0.2814800611564091
8419	GARLIC	0.043194196320005825	0.17660551624638693
8438	GARLIC	0.03242692178381341	0.1598428679364068
8468	GARLIC	0.05419909528323582	0.2009135718856539
8815	GARLIC	0.07301092972712857	0.21679372659751348
8878	GARLIC	0.029372639687997953	0.12399864409651075
9012	GARLIC	0.3065205706017358	0.5464094664369311
10886	GARLIC	0.04591437801718712	0.19036023318767548
11567	GARLIC	0.043908383431179185	0.17723931159291947
12020	GARLIC	0.09787000502858843	0.27516586227076395
12265	GARLIC	0.08770966849156789	0.2835713859115328
12377	GARLIC	0.5226278943674905	0.7228129506111145
16537	GARLIC	0.023711756936141422	0.15818363428115845
17898	GARLIC	0.07151422835886478	0.2555913243974958
18467	GARLIC	0.06868349281804902	0.25666251139981405
21363	GARLIC	0.07916234965835299	0.2611833023173468
27440	GARLIC	0.15124247116701944	0.3805589633328574
31219	GARLIC	0.021033397210495814	0.13447232118674687
31276	GARLIC	0.02510415350220033	0.16316999707903182
31283	GARLIC	0.07447533415896553	0.2597947269678116
60998	GARLIC	0.07019725974117007	0.2380673395735877
61523	GARLIC	0.12963580340147018	0.3034904514040266
62351	GARLIC	0.251662939786911	0.48140691007886616
62465	GARLIC	0.05776536597737244	0.19607799819537572
251531	GARLIC	0.06123840542776244	0.21719833144119807
440917	GARLIC	0.023018638337297097	0.14218321974788392
637758	GARLIC	0.022173293067940643	0.15388501861265727
1549025	GARLIC	0.052373975914503844	0.22907708372388566
2733294	GARLIC	0.025662668847611973	0.1170148838843618
5281167	GARLIC	0.10874111098902565	0.2639479658433369
5281168	GARLIC	0.12698959346328462	0.35871567470686777
5318599	GARLIC	0.0957190500838416	0.2519842428820474
5352837	GARLIC	0.0848236403294972	0.21868849013532912
5364231	GARLIC	0.09917820085372243	0.2376344587121691
262	GARLIC	0.07559350931218692	0.2523943100656782
323	GARLIC	0.026810859463044574	0.15443948762757437
750	GARLIC	0.10972193096365247	0.3069772294589451
753	GARLIC	0.08882106521299907	0.28582014782088144
962	GARLIC	0.060381351837090085	0.26128725707530975
5862	GARLIC	0.20382152923515864	0.4344240852764675
5962	GARLIC	0.09420098683663777	0.32370328477450777
6274	GARLIC	0.07096030084150177	0.2661488013608115
6322	GARLIC	0.07160820599113192	0.27403412759304047
6669	GARLIC	0.08799539080687932	0.2262588973556246
7137	GARLIC	0.01188925321080855	0.1609455304486411
15654	GARLIC	0.13291822799614497	0.33375215956142973
62089	GARLIC	0.052096806067441194	0.25549387080328806
853433	GARLIC	0.03600147020603929	0.16899060138634273
5371102	GARLIC	0.07798773263181959	0.2193177810737065
10857465	GARLIC	0.045585023505347114	0.1508366114326886
180	SPICES	0.19561057644230978	0.39771575161388945
264	SPICES	0.1286856308579445	0.33948956642832073
702	SPICES	0.2115997416632516	0.4171111413410732
1031	SPICES	0.1824441977909633	0.387669746364866
3102	SPICES	0.18502271814005716	0.3848385896001543
3314	SPICES	0.47747670326914105	0.7306968910353524
6506	SPICES	0.19178339200360434	0.3904626710074289
6544	SPICES	0.2444004033293043	0.45657664111682345
6561	SPICES	0.15056095165865763	0.3619698541504996
7092	SPICES	0.31906107919556753	0.5331498214176723
7302	SPICES	0.20710029346602304	0.4146816389901297
7476	SPICES	0.2144586103303092	0.39926737546920776
7559	SPICES	0.15273545043809073	0.33938033665929523
7657	SPICES	0.1628290436097554	0.3697351600442614
7770	SPICES	0.14071835896798543	0.34181668928691317
7793	SPICES	0.17845947188990458	0.353726327419281
7797	SPICES	0.14123273747307913	0.37145234431539265
8025	SPICES	0.18336286076477595	0.4021191682134356
8049	SPICES	0.14047014713287354	0.3235348718506949
8094	SPICES	0.14657076661075866	0.3278157923902784
8419	SPICES	0.37035538469042095	0.6276857767786298
8438	SPICES	0.25891160539218355	0.4813197340284075
8468	SPICES	0.27208842975752695	0.49932001743997845
8815	SPICES	0.3441150486469269	0.5523655925478254
8878	SPICES	0.13324450382164546	0.35701707005500793
9012	SPICES	0.24603542046887533	0.48240710156304495
10886	SPICES	0.14769454726151057	0.33396644251687185
11567	SPICES	0.18034560765538896	0.3746778070926666
12020	SPICES	0.19304107768195017	0.40280250140598844
12265	SPICES	0.1619383543729782	0.35656497308186125
12377	SPICES	0.36601654972348896	0.5896602272987366
16537	SPICES	0.16560261590140207	0.3515455978257315
17898	SPICES	0.26059424238545553	0.47062332715306965
18467	SPICES	0.24106525310448237	0.45398163369723726
21363	SPICES	0.11466340507779803	0.3074142507144383
27440	SPICES	0.28480954255376545	0.44499232939311434
31219	SPICES	0.14859401434659958	0.33379275032452177
31276	SPICES	0.12312505394220352	0.30768256528036936
31283	SPICES	0.14994922706059047	0.3626611530780792
60998	SPICES	0.18765329463141306	0.3602705938475473
61523	SPICES	0.22917704284191132	0.4004885511738913
62351	SPICES	0.24744727781840734	0.4823651228632246
62465	SPICES	0.4334189168044499	0.6810309716633388
251531	SPICES	0.18884033177580153	0.3576090633869171
440917	SPICES	0.18520350860697882	0.39008733204432894
637758	SPICES	0.25465442878859385	0.4796685108116695
1549025	SPICES	0.14047690161636897	0.2986598440579006
2733294	SPICES	0.13768782147339412	0.33359578251838684
5281167	SPICES	0.23112055233546666	0.4221385717391968
5281168	SPICES	0.19353689466203963	0.3890046775341034
5318599	SPICES	0.18326779561383383	0.34687516519001554
5352837	SPICES	0.19119342948709214	0.36345488684517996
5364231	SPICES	0.2320134767464229	0.42710319587162565
262	SPICES	0.16153796442917415	0.35888296365737915
323	SPICES	0.23758628964424133	0.4610452822276524
750	SPICES	0.20474714466503688	0.4141724024500166
753	SPICES	0.20777081165994918	0.4220840803214482
962	SPICES	0.16477414965629578	0.3620458883898599
5862	SPICES	0.23100800386496953	0.45947137475013733
5962	SPICES	0.1424373516014644	0.33585200565201895
6274	SPICES	0.20691042712756566	0.4069413074425289
6322	SPICES	0.1594552823475429	0.35259163805416655
6669	SPICES	0.16550685252462113	0.35980098588126047
7137	SPICES	0.38348598991121563	0.6693175775664193
15654	SPICES	0.27347107018743244	0.4753380502973284
62089	SPICES	0.11131891501801354	0.3044766230242593
853433	SPICES	0.4647844008037022	0.7171697190829686
5371102	SPICES	0.24806268300328935	0.4424335105078561
10857465	SPICES	0.24335270055702754	0.49378739084516254
180	COLD	0.2290129555123193	0.3665033110550472
264	COLD	0.12475181158099856	0.28769692352839876
702	COLD	0.25182907709053587	0.3784131535461971
1031	COLD	0.22170471932206834	0.3529964004244123
3102	COLD	0.30029488035610746	0.4774746724537441
3314	COLD	0.2274910317999976	0.4177869132586888
6506	COLD	0.2343503407069615	0.38013615352766855
6544	COLD	0.29517652094364166	0.45799629177365986
6561	COLD	0.19462413447243826	0.35793396830558777
7092	COLD	0.25520506714071545	0.433440489428384
7302	COLD	0.2882739390645708	0.4417692508016314
7476	COLD	0.2566084052835192	0.43314766032355173
7559	COLD	0.3339723178318569	0.528000682592392
7657	COLD	0.31828128014292034	0.4717053089823042
7770	COLD	0.22451639388288772	0.42118923578943523
7793	COLD	0.3163671280656542	0.5004794640200478
7797	COLD	0.26417375036648344	0.49681270122528076
8025	COLD	0.21148813196590968	0.3490668535232544
8049	COLD	0.24334119047437394	0.4001667712415968
8094	COLD	0.2220300499882017	0.39223710553986685
8419	COLD	0.17152803071907588	0.3585654539721353
8438	COLD	0.23360249400138855	0.4258187583514622
8468	COLD	0.2126656642981938	0.38480289919035776
8815	COLD	0.2689258243356432	0.441318154335022
8878	COLD	0.23837535509041377	0.46058216265269686
9012	COLD	0.13640840564455306	0.23675204600606645
10886	COLD	0.24603847307818277	0.45190791147095816
11567	COLD	0.29978059445108685	0.48890864849090576
12020	COLD	0.27643809786864687	0.4283408394881657
12265	COLD	0.2257402092218399	0.3589640940938677
12377	COLD	0.11208148407084602	0.23670639949185507
16537	COLD	0.2731166694845472	0.45334249309131075
17898	COLD	0.21841580314295633	0.37266180344990324
18467	COLD	0.22805081733635493	0.38373146312577383
21363	COLD	0.17629872688225337	0.33568158745765686
27440	COLD	0.14704969738210952	0.2824386017663138
31219	COLD	0.31803724595478605	0.5080630736691611
31276	COLD	0.2912238836288452	0.4722465063844408
31283	COLD	0.2305144476039069	0.36732146995408194
60998	COLD	0.22858028326715743	0.4008973709174565
61523	COLD	0.21065081655979156	0.36283627578190397
62351	COLD	0.12257884229932513	0.23834362413202012
62465	COLD	0.21848103191171372	0.4237313313143594
251531	COLD	0.24312530032226018	0.4077136048248836
440917	COLD	0.4996629272188459	0.6475538781711033
637758	COLD	0.24002246132918767	0.43517314536230906
1549025	COLD	0.20708814901965006	0.38744036640439716
2733294	COLD	0.2685839320932116	0.4817886565412794
5281167	COLD	0.26674925642354147	0.44934821128845215
5281168	COLD	0.19065362002168382	0.35268154740333557
5318599	COLD	0.2726054787635803	0.42404753821236746
5352837	COLD	0.299582302570343	0.4680485427379608
5364231	COLD	0.27628099279744284	0.44509819575718473
262	COLD	0.32572286895343233	0.4623091561453683
323	COLD	0.3007286765745708	0.5013257307665688
750	COLD	0.23501705484730856	0.38402146100997925
753	COLD	0.279228789465768	0.419583329132625
962	COLD	0.271135538816452	0.41253557801246643
5862	COLD	0.16307484890733445	0.28157739128385273
5962	COLD	0.1827410523380552	0.32846043365342276
6274	COLD	0.2653348978076662	0.4183278722422464
6322	COLD	0.24062436606202806	0.3841005691460201
6669	COLD	0.24033102180276597	0.39811266320092337
7137	COLD	0.19567104322569712	0.4007419943809509
15654	COLD	0.147372624703816	0.2746369498116629
62089	COLD	0.21639004136834825	0.36364273939813885
853433	COLD	0.22107747622898646	0.42507890292576384
5371102	COLD	0.26214845904282164	0.4407878134931837
10857465	COLD	0.3757892165865217	0.5632511164460864
180	SOUR	0.32571806226457867	0.526104816368648
264	SOUR	0.7167725988796779	0.8551997457231794
702	SOUR	0.32763634409223286	0.5288672362055097
1031	SOUR	0.38158581938062397	0.5924719657216754
3102	SOUR	0.21540264785289764	0.41260250977107454
3314	SOUR	0.13339169323444366	0.321421355009079
6506	SOUR	0.43565755656787325	0.6399080668176923
6544	SOUR	0.2689416067940848	0.47919665915625437
6561	SOUR	0.48194132106644766	0.676433801651001
7092	SOUR	0.17823535629681178	0.3785858026572636
7302	SOUR	0.27146331327302115	0.4754522144794464
7476	SOUR	0.1702348930495126	0.3539775695119585
7559	SOUR	0.216954305768013	0.4096275397709438
7657	SOUR	0.2061987008367266	0.4211155559335436
7770	SOUR	0.3424765339919499	0.5221059577805656
7793	SOUR	0.2057074010372162	0.3928882394518171
7797	SOUR	0.19309890270233154	0.38781035797936575
8025	SOUR	0.3712974190711975	0.5837205307824271
8049	SOUR	0.3100486993789673	0.5017196238040924
8094	SOUR	0.38031984865665436	0.5683122958455767
8419	SOUR	0.1306921328817095	0.3166096380778721
8438	SOUR	0.14269771852663585	0.325987560408456
8468	SOUR	0.18385662777083261	0.38147477166993277
8815	SOUR	0.17781950533390045	0.3728377861636026
8878	SOUR	0.24339822573321207	0.46474467856543406
9012	SOUR	0.3747476765087673	0.6302903294563293
10886	SOUR	0.25144609808921814	0.44475047503198895
11567	SOUR	0.20396009300436294	0.4176688620022365
12020	SOUR	0.2880098287548338	0.48825416394642424
12265	SOUR	0.26747306329863413	0.5131721368857792
12377	SOUR	0.44158064467566355	0.6752726861408779
16537	SOUR	0.28209810171808514	0.49682209747178213
17898	SOUR	0.210886327283723	0.4476177820137569
18467	SOUR	0.2183952054807118	0.4463375764233725
21363	SOUR	0.5577690516199384	0.7046087809971401
27440	SOUR	0.30721157789230347	0.5821482709475926
31219	SOUR	0.22710515132972173	0.4093436130455562
31276	SOUR	0.25384263907160076	0.46714002745492117
31283	SOUR	0.21906752458640508	0.4248352902276175
60998	SOUR	0.3351681743349348	0.5354094122137342
61523	SOUR	0.29484653047152926	0.5236826113292149
62351	SOUR	0.36734908393451143	0.6125445195606777
62465	SOUR	0.1831647413117545	0.37708004457609995
251531	SOUR	0.18650831707886287	0.4053509533405304
440917	SOUR	0.26600194190229687	0.481890537909099
637758	SOUR	0.19093641638755798	0.35822522214480806
1549025	SOUR	0.25375660189560484	0.4530606269836426
2733294	SOUR	0.2649677949292319	0.4560342047895704
5281167	SOUR	0.3387360913412912	0.5475286075047084
5281168	SOUR	0.47562798857688904	0.6685636384146554
5318599	SOUR	0.3196559505803244	0.5263647862843105
5352837	SOUR	0.26971509626933504	0.47471807258469717
5364231	SOUR	0.33638496909822735	0.5368968078068325
262	SOUR	0.30829019631658283	0.5131002962589264
323	SOUR	0.1681712120771408	0.3505028017929622
750	SOUR	0.30013579981667654	0.4891808841909681
753	SOUR	0.29332567964281353	0.4933068539415087
962	SOUR	0.3293511612074716	0.5578396575791496
5862	SOUR	0.35598563296454294	0.5917582767350333
5962	SOUR	0.4100300541945866	0.6247087291308812
6274	SOUR	0.2831255538122995	0.496957072189876
6322	SOUR	0.3203600687640054	0.54733464547566
6669	SOUR	0.3118299139397485	0.4632514502320971
7137	SOUR	0.09060525894165039	0.28632548451423645
15654	SOUR	0.24763081967830658	0.5084950413022723
62089	SOUR	0.41416460275650024	0.6068877407482692
853433	SOUR	0.1155690848827362	0.2895394563674927
5371102	SOUR	0.2609729490109852	0.4785600219454084
10857465	SOUR	0.2704940693719046	0.4419551534312112
180	BURNT	0.08982482871838979	0.33643539037023273
264	BURNT	0.0857660004070827	0.32467209867068697
702	BURNT	0.07719479128718376	0.3160189390182495
1031	BURNT	0.07243965140410832	0.31196823716163635
3102	BURNT	0.07556858978101186	0.31892530407224384
3314	BURNT	0.14484670971121108	0.48416881050382343
6506	BURNT	0.09201821631618909	0.3070648057120187
6544	BURNT	0.06531661855322975	0.31747386285236906
6561	BURNT	0.10261852347425052	0.35699175936835154
7092	BURNT	0.08332486982856478	0.35436991708619253
7302	BURNT	0.13083021129880631	0.395415587084634
7476	BURNT	0.006145465852958816	0.20860407607895987
7559	BURNT	-0.0009455369519335883	0.21210848007883346
7657	BURNT	0.10778300783463887	0.37019601464271545
7770	BURNT	0.02304754698915141	0.16515744371073587
7793	BURNT	0.03218610904046467	0.23546800443104335
7797	BURNT	-0.00973149495465415	0.16749827776636397
8025	BURNT	0.08535548512424741	0.31021885360990253
8049	BURNT	0.07563231991870063	0.30700898596218656
8094	BURNT	0.10651610898120063	0.3515643264566149
8419	BURNT	0.09491448423692159	0.38128929904529024
8438	BURNT	0.08346054702997208	0.31426101497241427
8468	BURNT	0.10992394919906344	0.3861948677471706
8815	BURNT	0.06805405233587537	0.340301228421075
8878	BURNT	0.007211993315390178	0.1911503438438688
9012	BURNT	0.3120447780404772	0.6303814479282924
10886	BURNT	0.02895940707198211	0.205657320363181
11567	BURNT	0.131573491862842	0.4096862418310983
12020	BURNT	0.08295556743230138	0.31760089312280926
12265	BURNT	0.1426084360906056	0.41607981068747385
12377	BURNT	0.24231798308236258	0.5035704246589116
16537	BURNT	0.025891616408314024	0.22597595836435044
17898	BURNT	0.1988694497517177	0.5374204771859306
18467	BURNT	0.19060214076723372	0.5194131348814283
21363	BURNT	0.06436800743852343	0.3003409334591457
27440	BURNT	0.24211343058518	0.6007287842886788
31219	BURNT	-0.003686677398426192	0.17898433761937277
31276	BURNT	0.025347275925534114	0.19278893300465175
31283	BURNT	0.10663435714585441	0.392288727419717
60998	BURNT	0.009607262909412384	0.23678636338029588
61523	BURNT	0.06914223358035088	0.3642395096165793
62351	BURNT	0.25121261392320904	0.5653897736753736
62465	BURNT	0.24144003220966884	0.6282978057861328
251531	BURNT	0.07032685966363975	0.2916244310992105
440917	BURNT	0.019363429131252424	0.19055606850555964
637758	BURNT	0.0005434812711817878	0.18694630903857096
1549025	BURNT	0.07661378436854907	0.24228494933673314
2733294	BURNT	-0.015888878809554235	0.1806956891502653
5281167	BURNT	0.06003373036427157	0.30891165137290955
5281168	BURNT	0.14335631472723825	0.43140047788619995
5318599	BURNT	0.13635066683803285	0.40322515794209074
5352837	BURNT	0.08639732029821191	0.3292058025087629
5364231	BURNT	0.0785526909998485	0.3040185741015843
262	BURNT	0.06963943237704891	0.29347260509218487
323	BURNT	0.12358426834855761	0.3993941417762211
750	BURNT	0.12096428658281054	0.3908550313540867
753	BURNT	0.10618638672998973	0.3575020858219692
962	BURNT	0.1004856207541057	0.35670867562294006
5862	BURNT	0.2577846476009914	0.560270505292075
5962	BURNT	0.16019726863929204	0.45806201440947397
6274	BURNT	0.12000111171177455	0.38232068930353436
6322	BURNT	0.13231277891567775	0.40520818318639484
6669	BURNT	0.02616648642080171	0.22043160029820033
7137	BURNT	0.10332578314202172	0.36802375316619873
15654	BURNT	0.22969259747437068	0.5701198109558651
62089	BURNT	0.14865155198744365	0.43815233026232037
853433	BURNT	0.12396728673151561	0.4366854897567204
5371102	BURNT	0.026461968730602945	0.3100587683064597
10857465	BURNT	0.04627070522734097	0.32954264538628714
180	ACID	0.25231749032224926	0.4239845063005175
264	ACID	0.3066640453679221	0.4885572876249041
702	ACID	0.26043720969132017	0.4257801558290209
1031	ACID	0.28099171604428974	0.45932065163339886
3102	ACID	0.3124699081693377	0.5035804680415562
3314	ACID	0.1788209421294076	0.3550982304981777
6506	ACID	0.28179275563785006	0.4514981635979244
6544	ACID	0.31183673228536335	0.4881596011774881
6561	ACID	0.34256366321018766	0.5250955053738185
7092	ACID	0.23490197956562042	0.40215544189725605
7302	ACID	0.3070683479309082	0.4768459711756025
7476	ACID	0.14430701732635498	0.32364065306527273
7559	ACID	0.25656857447964804	0.45349099806376864
7657	ACID	0.3447999358177185	0.5365810181413379
7770	ACID	0.21632942131587438	0.4077560433319637
7793	ACID	0.23900450340339116	0.4755836384637015
7797	ACID	0.13743900933435985	0.30942494528634207
8025	ACID	0.27518596393721445	0.46186224477631704
8049	ACID	0.24830424998487746	0.41860777139663696
8094	ACID	0.2503905849797385	0.4362056255340576
8419	ACID	0.10592810756393842	0.2635621300765446
8438	ACID	0.13895857972758158	0.31415160638945444
8468	ACID	0.16641998503889358	0.3431818740708487
8815	ACID	0.22219964010374887	0.3871390095778874
8878	ACID	0.15907311013766698	0.32000879304749624
9012	ACID	0.32960127932684763	0.5525742598942348
10886	ACID	0.17923266972814286	0.3540950672967093
11567	ACID	0.46869157893317087	0.6308275290897915
12020	ACID	0.28591770785195486	0.4637546070984432
12265	ACID	0.33707636169024874	0.5101482144423893
12377	ACID	0.2448486770902361	0.4687235014779227
16537	ACID	0.20934098746095384	0.4082394668034145
17898	ACID	0.2347449745450701	0.4378769270011357
18467	ACID	0.24362673504011972	0.43714578236852375
21363	ACID	0.3012740654604776	0.48513907194137573
27440	ACID	0.28457358692373547	0.49995354243687223
31219	ACID	0.23617940076759883	0.4169821356024061
31276	ACID	0.27719945141247343	0.46779100384031025
31283	ACID	0.198859480874879	0.3583987057209015
60998	ACID	0.20067925538335527	0.40779926095690044
61523	ACID	0.2750702691929681	0.48793892349515644
62351	ACID	0.2636141926050186	0.48310624275888714
62465	ACID	0.3449488069329943	0.5255494288035801
251531	ACID	0.22224876497473037	0.3990425893238613
440917	ACID	0.39303850276129587	0.5717996188572475
637758	ACID	0.13600130592073714	0.3010255438940866
1549025	ACID	0.16523162807737077	0.3585633635520935
2733294	ACID	0.15835336489336832	0.32710408312933786
5281167	ACID	0.2173468726021903	0.42459871087755474
5281168	ACID	0.3159989331449781	0.5212148427963257
5318599	ACID	0.2701802594321115	0.4851714159761156
5352837	ACID	0.23421622387000493	0.4496918192931584
5364231	ACID	0.18527184852531978	0.36440710936273846
262	ACID	0.3278296036379678	0.5014263732092721
323	ACID	0.3217415383883885	0.5064527009214673
750	ACID	0.23561641573905945	0.400420606136322
753	ACID	0.276761280638831	0.4518677720001766
962	ACID	0.31549032245363506	0.47962527189935955
5862	ACID	0.24815987476280757	0.45160262073789326
5962	ACID	0.29221929822649273	0.4880963776792799
6274	ACID	0.24690649764878408	0.4286503962108067
6322	ACID	0.2900636749608176	0.4648964447634561
6669	ACID	0.18557108725820268	0.33840665221214294
7137	ACID	0.12574977534157888	0.3014759549072811
15654	ACID	0.20003860550267355	0.39985430240631104
62089	ACID	0.3293852912528174	0.5124303145068032
853433	ACID	0.15783406368323735	0.3282542739595686
5371102	ACID	0.2935838997364044	0.4863069866384779
10857465	ACID	0.27058056209768566	0.47624132462910246
180	WARM	0.2523978671857289	0.4136658992086138
264	WARM	0.3079128861427307	0.49757409521511625
702	WARM	0.21867126652172633	0.3791441491671971
1031	WARM	0.2193440284047808	0.3857558327061789
3102	WARM	0.26806298749787466	0.4559976841722216
3314	WARM	0.4933526303086962	0.6607961399214608
6506	WARM	0.2545224960361208	0.41802352241107393
6544	WARM	0.265541672706604	0.4442987527166094
6561	WARM	0.25821005020822796	0.43993235911641804
7092	WARM	0.3551152391093118	0.5140287407806942
7302	WARM	0.33170805658612934	0.5106810459068843
7476	WARM	0.33137115836143494	0.4742576224463327
7559	WARM	0.30733737349510193	0.48974965299878803
7657	WARM	0.2447372909103121	0.43527876905032564
7770	WARM	0.28504009544849396	0.4841321281024388
7793	WARM	0.3015571747507368	0.4429014197417668
7797	WARM	0.30792939237185885	0.49989930221012663
8025	WARM	0.22594377398490906	0.40399718284606934
8049	WARM	0.2546276790755136	0.4061234380517687
8094	WARM	0.28341110263551983	0.445919041122709
8419	WARM	0.5467653359685626	0.6776718923023769
8438	WARM	0.40507032190050396	0.5429361718041557
8468	WARM	0.4027014034135001	0.5400879766259875
8815	WARM	0.33902966124670847	0.5015796422958374
8878	WARM	0.3304427095821926	0.5276853782790047
9012	WARM	0.36845079915864126	0.5748242480414254
10886	WARM	0.2654510374580111	0.44115654485566275
11567	WARM	0.3106521112578256	0.5142891917909894
12020	WARM	0.22654588733400619	0.3862258919647762
12265	WARM	0.22701140173843928	0.4093247779778072
12377	WARM	0.33960037572043283	0.5206624865531921
16537	WARM	0.23562808547701156	0.3768219309193747
17898	WARM	0.4114104849951608	0.5567536609513419
18467	WARM	0.3697625185762133	0.5240998012678963
21363	WARM	0.2903599866798946	0.4710101442677634
27440	WARM	0.4007504028933389	0.5725038817950657
31219	WARM	0.2963457703590393	0.47515409759112764
31276	WARM	0.25813081009047373	0.4487468259675162
31283	WARM	0.3133820593357086	0.4693870629583086
60998	WARM	0.30116973178727285	0.4699901470116207
61523	WARM	0.28113458837781635	0.44220193369047983
62351	WARM	0.34209902371679035	0.5468639986855643
62465	WARM	0.4798905040536608	0.6553448949541364
251531	WARM	0.27524737800870624	0.41756279127938406
440917	WARM	0.23689118666308268	0.3928462735244206
637758	WARM	0.38313362428120207	0.5590353097234454
1549025	WARM	0.28400343656539917	0.438841496195112
2733294	WARM	0.2573215088674	0.47635331749916077
5281167	WARM	0.2718763841050012	0.42565519894872395
5281168	WARM	0.2942418839250292	0.478421219757625
5318599	WARM	0.2897963098117283	0.4452673239367349
5352837	WARM	0.2642624207905361	0.4190339616366795
5364231	WARM	0.28383377620152067	0.4485877369131361
262	WARM	0.2179213081087385	0.3806336990424565
323	WARM	0.3641738678727831	0.5434688585145133
750	WARM	0.3034792159284864	0.450665112052645
753	WARM	0.25905725359916687	0.41534059814044405
962	WARM	0.24187677460057394	0.40793587054525104
5862	WARM	0.37196915064539227	0.555363621030535
5962	WARM	0.3175129634993417	0.49781491075243267
6274	WARM	0.29031831451824736	0.44253855092184885
6322	WARM	0.2730097323656082	0.4404333872454507
6669	WARM	0.30787163972854614	0.4606652557849884
7137	WARM	0.5706819210733686	0.7439018913677761
15654	WARM	0.41641077399253845	0.5679940581321716
62089	WARM	0.30374699405261446	0.4814147523471287
853433	WARM	0.5047445978437152	0.6759901983397347
5371102	WARM	0.25901617109775543	0.4178339200360434
10857465	WARM	0.3588208385876247	0.5181706973484584
180	MUSKY	0.2875716430800302	0.4889626332691738
264	MUSKY	0.6606021778924125	0.8704629795891898
702	MUSKY	0.28886495317731586	0.47734886407852173
1031	MUSKY	0.32329688327653067	0.5167269280978611
3102	MUSKY	0.22511584631034307	0.43294047883578707
3314	MUSKY	0.14393079280853271	0.31013318470546175
6506	MUSKY	0.3450412452220917	0.541283403124128
6544	MUSKY	0.2518016163791929	0.44756791847092764
6561	MUSKY	0.43015409793172565	0.6541173372949872
7092	MUSKY	0.1799572855234146	0.3577760968889509
7302	MUSKY	0.2777155637741089	0.49508296166147503
7476	MUSKY	0.18489181569644383	0.3694131204060146
7559	MUSKY	0.1815805584192276	0.41502032961164204
7657	MUSKY	0.21173726235117232	0.4066000282764435
7770	MUSKY	0.21486041375568934	0.38308953387396677
7793	MUSKY	0.17088364916188375	0.4131740118776049
7797	MUSKY	0.1066843228680747	0.2955623822552817
8025	MUSKY	0.2953298475061144	0.49266818165779114
8049	MUSKY	0.2746150961944035	0.47874035579817636
8094	MUSKY	0.36637955052512033	0.5848181588309151
8419	MUSKY	0.12861981987953186	0.28213805173124584
8438	MUSKY	0.17533165429319655	0.35137746163776945
8468	MUSKY	0.2044756199632372	0.36717985783304485
8815	MUSKY	0.17117328090327127	0.3343103953770229
8878	MUSKY	0.1522390799862998	0.3427922214780535
9012	MUSKY	0.37999177404812406	0.6458195958818708
10886	MUSKY	0.1842274878706251	0.3695619659764426
11567	MUSKY	0.21282464691570827	0.4291962427752359
12020	MUSKY	0.2584252336195537	0.44041624665260315
12265	MUSKY	0.3034933422292982	0.4886659213474819
12377	MUSKY	0.35043786678995403	0.6193475467818124
16537	MUSKY	0.1774817066533225	0.35819392119135174
17898	MUSKY	0.2626153017793383	0.5026369307722364
18467	MUSKY	0.27792687501226154	0.5088646582194737
21363	MUSKY	0.5592975957053048	0.7691951223782131
27440	MUSKY	0.3593802920409611	0.6217437131064278
31219	MUSKY	0.16433208967958177	0.3948796732085092
31276	MUSKY	0.14054688279117858	0.30975776485034395
31283	MUSKY	0.25893694375242504	0.49539678011621746
60998	MUSKY	0.319654324225017	0.5650386469704765
61523	MUSKY	0.2775018172604697	0.4945526761668069
62351	MUSKY	0.37386563420295715	0.5878887942859105
62465	MUSKY	0.19554301457745688	0.45462351185934885
251531	MUSKY	0.20353633803980692	0.3827310928276607
440917	MUSKY	0.1786354652472905	0.32957989828927176
637758	MUSKY	0.18349739270550863	0.37952721118927
1549025	MUSKY	0.19631028388227736	0.3787325237478529
2733294	MUSKY	0.13000527237142837	0.2953790511403765
5281167	MUSKY	0.26163037759917124	0.4621187746524811
5281168	MUSKY	0.4264783774103437	0.6562298876898629
5318599	MUSKY	0.30607550910540987	0.526406603200095
5352837	MUSKY	0.24604180029460362	0.45414397971970694
5364231	MUSKY	0.24875190641198838	0.4419231287070683
262	MUSKY	0.24466060314859664	0.42340666907174246
323	MUSKY	0.20593632331916265	0.42103407212666105
750	MUSKY	0.2884098376546587	0.486961019890649
753	MUSKY	0.2638075671025685	0.4416948173727308
962	MUSKY	0.31177546296800884	0.5037615767547062
5862	MUSKY	0.3561962630067553	0.5805214813777378
5962	MUSKY	0.40854843173708233	0.6445075528962272
6274	MUSKY	0.288842179945537	0.48581931420734953
6322	MUSKY	0.3261405144418989	0.5303886873381478
6669	MUSKY	0.27600893804005217	0.481050934110369
7137	MUSKY	0.1115644361291613	0.29571445073400227
15654	MUSKY	0.30730355637414114	0.5365278039659772
62089	MUSKY	0.42431155272892546	0.6580352102007184
853433	MUSKY	0.12650899376188005	0.28872448418821606
5371102	MUSKY	0.2405281173331397	0.43347164137022837
10857465	MUSKY	0.28257795529706137	0.5686638312680381
180	SWEATY	0.1795274955885751	0.36329140833445955
264	SWEATY	0.5265855618885585	0.7623469659260341
702	SWEATY	0.18548875195639475	0.3568696847983769
1031	SWEATY	0.23300299899918692	0.42269544090543476
3102	SWEATY	0.0943984038063458	0.2427805768592017
3314	SWEATY	0.029460867068597248	0.07647780382207461
6506	SWEATY	0.22231291021619523	0.4395440859454019
6544	SWEATY	0.1166346903358187	0.2833446115255356
6561	SWEATY	0.3036903866699764	0.509241636310305
7092	SWEATY	0.0642586669751576	0.17471952523503984
7302	SWEATY	0.14640451541968755	0.32883892740522114
7476	SWEATY	0.07068644783326558	0.133623121040208
7559	SWEATY	0.06522737922413009	0.19831809401512146
7657	SWEATY	0.08319699711033277	0.21272757010800497
7770	SWEATY	0.1464849572096552	0.24665909154074533
7793	SWEATY	0.07446042714374405	0.20011515063898905
7797	SWEATY	0.02578495442867279	0.0873170979321003
8025	SWEATY	0.21321452515465872	0.408140276159559
8049	SWEATY	0.16606298514774867	0.3227372169494629
8094	SWEATY	0.21314014494419098	0.3913487493991852
8419	SWEATY	0.03372319548257759	0.06025083416274616
8438	SWEATY	0.05558952156986509	0.10930237067597252
8468	SWEATY	0.07530148806316513	0.15811914099114283
8815	SWEATY	0.05032253637909889	0.13977156153747014
8878	SWEATY	0.06794819235801697	0.1326534684215273
9012	SWEATY	0.18731088510581426	0.41869406189237324
10886	SWEATY	0.08764769615871566	0.20184248047215597
11567	SWEATY	0.08784931791680199	0.2515982197863715
12020	SWEATY	0.14987871050834656	0.2952493280172348
12265	SWEATY	0.15658792853355408	0.32510184390204294
12377	SWEATY	0.21927393121378763	0.4613433139664786
16537	SWEATY	0.06337024883500167	0.22272580862045288
17898	SWEATY	0.11233758287770408	0.3007280102797917
18467	SWEATY	0.11388337825025831	0.28853543741362436
21363	SWEATY	0.40485301188060213	0.612271283354078
27440	SWEATY	0.19481080344745091	0.4538710117340088
31219	SWEATY	0.06931717427713531	0.2021562201636178
31276	SWEATY	0.07204248064330646	0.17866975707667215
31283	SWEATY	0.12788760768515722	0.29759364468710764
60998	SWEATY	0.19485925776617868	0.38329805220876423
61523	SWEATY	0.15859316076551164	0.34752500908715384
62351	SWEATY	0.2034135056393487	0.4235512784549168
62465	SWEATY	0.04161707711006914	0.18759616145065852
251531	SWEATY	0.0769120305776596	0.20618467458656856
440917	SWEATY	0.0942227164549487	0.17911468233380998
637758	SWEATY	0.08423206635883876	0.14633374129022872
1549025	SWEATY	0.09987321496009827	0.25392891679491314
2733294	SWEATY	0.0593699323279517	0.16652120436940873
5281167	SWEATY	0.13925097776310785	0.29671235382556915
5281168	SWEATY	0.2621361144951412	0.4642905422619411
5318599	SWEATY	0.13780957460403442	0.306423225573131
5352837	SWEATY	0.1081777922809124	0.24544659044061387
5364231	SWEATY	0.12961268637861525	0.2731446134192603
262	SWEATY	0.16054850071668625	0.3149213365146092
323	SWEATY	0.07121904247573443	0.19729001181466238
750	SWEATY	0.16046997266156332	0.3266205872808184
753	SWEATY	0.1472447429384504	0.29650588759354185
962	SWEATY	0.18815305829048157	0.36629413281168255
5862	SWEATY	0.18600997541631972	0.4020882419177464
5962	SWEATY	0.263822540640831	0.48269707390240263
6274	SWEATY	0.13336077758244105	0.2990078202315739
6322	SWEATY	0.178484674010958	0.3658310728413718
6669	SWEATY	0.15914562131677354	0.32204754863466534
7137	SWEATY	0.01935301667877606	0.06041873592351164
15654	SWEATY	0.14904848911932536	0.36792644006865366
62089	SWEATY	0.2695384238447462	0.4730043240955898
853433	SWEATY	0.03184859294976507	0.04777394501226289
5371102	SWEATY	0.10127425938844681	0.2532251924276352
10857465	SWEATY	0.10967926148857389	0.25638627793107716
180	AMMONIA/URINOUS	0.1973635128566197	0.31815108231135775
264	AMMONIA/URINOUS	0.4374382666179112	0.5355438419750759
702	AMMONIA/URINOUS	0.2107288475547518	0.32532850333622526
1031	AMMONIA/URINOUS	0.26594507694244385	0.3887499528271811
3102	AMMONIA/URINOUS	0.30655476450920105	0.422912665775844
3314	AMMONIA/URINOUS	0.11393640083926064	0.20384388949189866
6506	AMMONIA/URINOUS	0.2615939165864672	0.3618235971246447
6544	AMMONIA/URINOUS	0.2564447394439152	0.3942811020783016
6561	AMMONIA/URINOUS	0.35174019421849934	0.47482881375721525
7092	AMMONIA/URINOUS	0.18088636653763907	0.2858794650861195
7302	AMMONIA/URINOUS	0.281782220516886	0.40202029262270245
7476	AMMONIA/URINOUS	0.1395973978298051	0.22164560215813772
7559	AMMONIA/URINOUS	0.2196450744356428	0.3476446270942688
7657	AMMONIA/URINOUS	0.3234446006161826	0.42924616166523527
7770	AMMONIA/URINOUS	0.1709735861846379	0.24454909563064575
7793	AMMONIA/URINOUS	0.2127419433423451	0.354208094733102
7797	AMMONIA/URINOUS	0.03997927425163133	0.08462756020682198
8025	AMMONIA/URINOUS	0.25110297330788206	0.40615396414484295
8049	AMMONIA/URINOUS	0.19560650842530386	0.2690211960247585
8094	AMMONIA/URINOUS	0.20713958782809122	0.29440343592848095
8419	AMMONIA/URINOUS	0.0765849764325789	0.12230129114219121
8438	AMMONIA/URINOUS	0.12377881471599851	0.19121706698622024
8468	AMMONIA/URINOUS	0.12588602304458618	0.2130812874862126
8815	AMMONIA/URINOUS	0.14831378417355673	0.24504138103553227
8878	AMMONIA/URINOUS	0.04914595080273492	0.08989471303565162
9012	AMMONIA/URINOUS	0.3857662635190146	0.48781660199165344
10886	AMMONIA/URINOUS	0.13060312558497703	0.2029269209929875
11567	AMMONIA/URINOUS	0.4207887053489685	0.5437751965863364
12020	AMMONIA/URINOUS	0.23715089474405562	0.35528750504766193
12265	AMMONIA/URINOUS	0.3376989151750292	0.4550083449908665
12377	AMMONIA/URINOUS	0.2809857300349644	0.36261564067431856
16537	AMMONIA/URINOUS	0.18703410242285048	0.31297061273029875
17898	AMMONIA/URINOUS	0.2115141132048198	0.359017265694482
18467	AMMONIA/URINOUS	0.22931696261678422	0.36052222762789043
21363	AMMONIA/URINOUS	0.42706660287720816	0.5155578298228127
27440	AMMONIA/URINOUS	0.30013312825134825	0.46030434114592417
31219	AMMONIA/URINOUS	0.1760481595993042	0.2968721517494747
31276	AMMONIA/URINOUS	0.20919538395745413	0.2904635880674635
31283	AMMONIA/URINOUS	0.12168012133666448	0.2039539132799421
60998	AMMONIA/URINOUS	0.2833026796579361	0.4077249935695103
61523	AMMONIA/URINOUS	0.2793340342385428	0.41618819321904865
62351	AMMONIA/URINOUS	0.27167245958532604	0.40069749525615145
62465	AMMONIA/URINOUS	0.31305108751569477	0.45058657441820416
251531	AMMONIA/URINOUS	0.19638578593730927	0.3248781327690397
440917	AMMONIA/URINOUS	0.3117453030177525	0.436236777475902
637758	AMMONIA/URINOUS	0.12074267651353564	0.1887507779257638
1549025	AMMONIA/URINOUS	0.12011331532682691	0.24849627699170793
2733294	AMMONIA/URINOUS	0.08659395149775914	0.11941359617880412
5281167	AMMONIA/URINOUS	0.18956807681492396	0.28532121011189054
5281168	AMMONIA/URINOUS	0.2929227990763528	0.39296977860586985
5318599	AMMONIA/URINOUS	0.21105666884354182	0.32362409574644907
5352837	AMMONIA/URINOUS	0.19014361926487514	0.29392319917678833
5364231	AMMONIA/URINOUS	0.13146801825080598	0.17948582874877111
262	AMMONIA/URINOUS	0.2653957860810416	0.38968707408223835
323	AMMONIA/URINOUS	0.3180381102221353	0.4394856435911996
750	AMMONIA/URINOUS	0.1950392233473914	0.281374705689294
753	AMMONIA/URINOUS	0.22298830534730638	0.33661901099341257
962	AMMONIA/URINOUS	0.27006494998931885	0.3904534365449633
5862	AMMONIA/URINOUS	0.2747125710759844	0.38687548892838614
5962	AMMONIA/URINOUS	0.3196121028491429	0.41609351124082294
6274	AMMONIA/URINOUS	0.1829422903912408	0.295052421944482
6322	AMMONIA/URINOUS	0.2465933816773551	0.35461659516607014
6669	AMMONIA/URINOUS	0.1526524829013007	0.2192194781133107
7137	AMMONIA/URINOUS	0.10608003873910223	0.1466298454574176
15654	AMMONIA/URINOUS	0.20760233913149154	0.3551820857184274
62089	AMMONIA/URINOUS	0.31051663628646303	0.40696294818605694
853433	AMMONIA/URINOUS	0.10429504620177406	0.17242423338549479
5371102	AMMONIA/URINOUS	0.28701411400522503	0.41138762661388945
10857465	AMMONIA/URINOUS	0.28167187103203367	0.39230488879340036
180	DECAYED	0.09972134126084191	0.3284593565123422
264	DECAYED	0.3189584101949419	0.6820168750626701
702	DECAYED	0.10833460518292018	0.35326047454561504
1031	DECAYED	0.13663760891982488	0.39697474241256714
3102	DECAYED	0.06027277771915708	0.30283270137650625
3314	DECAYED	0.07413983078939575	0.29939687677792143
6506	DECAYED	0.13707801593201502	0.4009106627532414
6544	DECAYED	0.07003055033939225	0.3168389541762216
6561	DECAYED	0.1971519355263029	0.4981376656464168
7092	DECAYED	0.06411650138241905	0.2873026153870991
7302	DECAYED	0.09250153281858989	0.33599530373300823
7476	DECAYED	0.06252717386398997	0.24145921000412532
7559	DECAYED	0.07181269994803838	0.30791713510240826
7657	DECAYED	0.06555892207792827	0.2955629697867802
7770	DECAYED	0.11903994956186839	0.35361024737358093
7793	DECAYED	0.04970126785337925	0.2300974896975926
7797	DECAYED	0.056513783654996326	0.2676745504140854
8025	DECAYED	0.1264104215162141	0.3799126020499638
8049	DECAYED	0.09828974413020271	0.31065436771937777
8094	DECAYED	0.14393370492117746	0.4117861773286547
8419	DECAYED	0.04960915499499866	0.22812121893678391
8438	DECAYED	0.054985747539571354	0.2406040940965925
8468	DECAYED	0.06024100684693882	0.2643777472632272
8815	DECAYED	0.06752163278205055	0.28868635637419565
8878	DECAYED	0.06479954799371106	0.2903098932334355
9012	DECAYED	0.23090551154954092	0.5610722431114742
10886	DECAYED	0.07609844926212515	0.2907158434391022
11567	DECAYED	0.08099882836852755	0.33458898748670307
12020	DECAYED	0.09744470460074288	0.33381843992641996
12265	DECAYED	0.1238384981240545	0.3829693283353533
12377	DECAYED	0.2803521773644856	0.6266305446624756
16537	DECAYED	0.025192613314305033	0.22991409259183065
17898	DECAYED	0.09504541116101402	0.3721786652292524
18467	DECAYED	0.0966956296137401	0.357573858329228
21363	DECAYED	0.23238404095172882	0.560340166091919
27440	DECAYED	0.18356465228966304	0.5237482403005872
31219	DECAYED	0.06994574570230075	0.292547983782632
31276	DECAYED	0.07807721570134163	0.3176664241722652
31283	DECAYED	0.07468853784458977	0.26857710097517284
60998	DECAYED	0.1135571056178638	0.41366186312266756
61523	DECAYED	0.10304244075502668	0.3732311725616455
62351	DECAYED	0.20019117849213736	0.5290961691311428
62465	DECAYED	0.08822826934712273	0.38150921038218905
251531	DECAYED	0.0533328615128994	0.25229128130844664
440917	DECAYED	0.06917786704642433	0.25187549207891735
637758	DECAYED	0.0720355755516461	0.267370411327907
1549025	DECAYED	0.06965031155518123	0.2613789715937206
2733294	DECAYED	0.0694228650203773	0.29956032974379404
5281167	DECAYED	0.1046295017004013	0.3973835749285562
5281168	DECAYED	0.18904487362929753	0.5169440039566585
5318599	DECAYED	0.11984036969287055	0.40086238724844797
5352837	DECAYED	0.09359797196728843	0.35659995675086975
5364231	DECAYED	0.1102843742285456	0.37499520608357023
262	DECAYED	0.08450084179639816	0.29782857639448984
323	DECAYED	0.05494168773293495	0.32108028871672495
750	DECAYED	0.09397259461028236	0.30593715395246235
753	DECAYED	0.09723641404083797	0.3209797441959381
962	DECAYED	0.09851965201752526	0.3206934077399118
5862	DECAYED	0.1677914091518947	0.45961086239133564
5962	DECAYED	0.17053309082984924	0.44625235881124226
6274	DECAYED	0.0824435076543263	0.3127753436565399
6322	DECAYED	0.10492023825645447	0.3253640830516815
6669	DECAYED	0.09236731486661094	0.3074424224240439
7137	DECAYED	0.050273469516209195	0.2636827038867133
15654	DECAYED	0.13293420736278808	0.42113685607910156
62089	DECAYED	0.1550772860646248	0.41608552847589764
853433	DECAYED	0.06415773342762675	0.2765293014901025
5371102	DECAYED	0.04124617523380688	0.2904226524489267
10857465	DECAYED	0.09268828907183238	0.37210354634693693
180	WOOD	0.22463711883340562	0.35470307299069
264	WOOD	0.1820956990122795	0.2920328123228891
702	WOOD	0.20296695828437805	0.32363875423158917
1031	WOOD	0.1603130293743951	0.2797081768512726
3102	WOOD	0.20829309948853084	0.3605461078030722
3314	WOOD	0.27600970225674765	0.4199953590120588
6506	WOOD	0.21918378983225142	0.3462120422295162
6544	WOOD	0.293426445552281	0.440261504479817
6561	WOOD	0.21665287017822266	0.35396107605525423
7092	WOOD	0.2282073391335351	0.37309729627200533
7302	WOOD	0.28805687597819735	0.45157782094819204
7476	WOOD	0.18022883577006205	0.30714040994644165
7559	WOOD	0.10895423271826335	0.22156196406909398
7657	WOOD	0.20387869221823557	0.34198107038225445
7770	WOOD	0.05588263486112867	0.12724788274083818
7793	WOOD	0.24533722230366298	0.4063572244984763
7797	WOOD	0.12342040134327752	0.22999625972339086
8025	WOOD	0.1486859012927328	0.279878420489175
8049	WOOD	0.2511051148176193	0.3733540560517992
8094	WOOD	0.2664234404053007	0.41579176272664753
8419	WOOD	0.22418961567538126	0.3528504712241037
8438	WOOD	0.20722681071077073	0.3297706352812903
8468	WOOD	0.26605745937143055	0.3908254546778543
8815	WOOD	0.2199063471385411	0.35745787620544434
8878	WOOD	0.1338131300040654	0.2422982837472643
9012	WOOD	0.22265481735978807	0.38421989338738577
10886	WOOD	0.16138178748743875	0.2760024219751358
11567	WOOD	0.28534176307065146	0.44796657988003324
12020	WOOD	0.209175243973732	0.33346486517361235
12265	WOOD	0.24768727804933274	0.4003839450223105
12377	WOOD	0.1770037795816149	0.2945811152458191
16537	WOOD	0.2588088597570147	0.39167496987751554
17898	WOOD	0.3804451695510319	0.5656248075621468
18467	WOOD	0.3563917406967708	0.5349794966833932
21363	WOOD	0.19389422131436213	0.3215955708708082
27440	WOOD	0.4402237023626055	0.6149662392480033
31219	WOOD	0.10749553037541253	0.20887271421296255
31276	WOOD	0.06700532298002924	0.1446458665387971
31283	WOOD	0.30867886543273926	0.48309886881283354
60998	WOOD	0.13166398129292897	0.267555975488254
61523	WOOD	0.22446628766400473	0.3713232236249106
62351	WOOD	0.260394492319652	0.400338168655123
62465	WOOD	0.35339211566107614	0.5483454040118626
251531	WOOD	0.23113425501755305	0.3376646765640804
440917	WOOD	0.23334433351244246	0.36830262201172964
637758	WOOD	0.13861039280891418	0.2639829729284559
1549025	WOOD	0.20228592412812368	0.3068363921982901
2733294	WOOD	0.11646877974271774	0.19975899159908295
5281167	WOOD	0.24862357122557505	0.36593349490846905
5281168	WOOD	0.30686359320368084	0.43953913024493624
5318599	WOOD	0.2780936339071819	0.42606241362435476
5352837	WOOD	0.2379515596798488	0.36949317370142254
5364231	WOOD	0.2152614210333143	0.3333451194422586
262	WOOD	0.19765431540352957	0.313163093158177
323	WOOD	0.23561810382774898	0.3986793415887015
750	WOOD	0.2688372773783548	0.4086046261446817
753	WOOD	0.2360195815563202	0.35532004492623465
962	WOOD	0.2993886853967394	0.4461097078663962
5862	WOOD	0.2621963343450001	0.42028109090668814
5962	WOOD	0.315912378685815	0.5061329432896206
6274	WOOD	0.3242245061056955	0.4730358975274222
6322	WOOD	0.32449342949049814	0.4887265775884901
6669	WOOD	0.2008339294365474	0.3087161034345627
7137	WOOD	0.22037396899291448	0.3463226386478969
15654	WOOD	0.3611418604850769	0.5472192210810525
62089	WOOD	0.3340922168322972	0.5253622446741376
853433	WOOD	0.24685271510056087	0.38983936820711407
5371102	WOOD	0.2936713567801884	0.4700587775026049
10857465	WOOD	0.3292254762990134	0.5136482673031944
180	GRASS	0.10727091027157647	0.22902050614356995
264	GRASS	0.07442669410790716	0.20346596198422567
702	GRASS	0.13190704903432302	0.2718264843736376
1031	GRASS	0.10133147346121925	0.22109264986855642
3102	GRASS	0.11776270717382431	0.26245196376528057
3314	GRASS	0.08955213853291102	0.25696961581707
6506	GRASS	0.10055320709943771	0.23888013405459269
6544	GRASS	0.1615148846592222	0.3156770978655134
6561	GRASS	0.10733673402241298	0.25850422254630495
7092	GRASS	0.11461216424192701	0.25099036949021475
7302	GRASS	0.10787136746304375	0.24426594802311488
7476	GRASS	0.14038208659206117	0.28342434763908386
7559	GRASS	0.15519880929163524	0.2586097461836679
7657	GRASS	0.11462007888725825	0.27164737241608755
7770	GRASS	0.07302288444978851	0.1874995870249612
7793	GRASS	0.16580898740461894	0.37982605610574993
7797	GRASS	0.16945001163652965	0.3130337383065905
8025	GRASS	0.11734056259904589	0.25419117297445026
8049	GRASS	0.08688712120056152	0.18932495159762247
8094	GRASS	0.13198171023811614	0.2924029103347233
8419	GRASS	0.07136572604732853	0.18860813762460435
8438	GRASS	0.09844450546162468	0.2179433490548815
8468	GRASS	0.09843851093735013	0.2348137710775648
8815	GRASS	0.14369050519806997	0.31472476039613995
8878	GRASS	0.08882843490157809	0.22257392534187861
9012	GRASS	0.08671467431953975	0.2641838788986206
10886	GRASS	0.15534245648554393	0.2920453889029367
11567	GRASS	0.07437268032559327	0.17122651423726762
12020	GRASS	0.15641634911298752	0.3125831740243094
12265	GRASS	0.1363460293837956	0.27802574634552
12377	GRASS	0.06880425981112889	0.2607323144163404
16537	GRASS	0.282742583325931	0.4722300853048052
17898	GRASS	0.1596480586699077	0.2967135650771005
18467	GRASS	0.13717831990548543	0.2849735702787127
21363	GRASS	0.06984537786671094	0.1950093529054097
27440	GRASS	0.22638357962880815	0.3978592966284071
31219	GRASS	0.09437463964734759	0.19578658044338226
31276	GRASS	0.10222772083112172	0.2194415820496423
31283	GRASS	0.09432981376137052	0.19945005221026285
60998	GRASS	0.14354682713747025	0.2942123625959669
61523	GRASS	0.20368643424340657	0.3971373566559383
62351	GRASS	0.1453502199479512	0.32362510902541025
62465	GRASS	0.07101854841623988	0.20874257811478206
251531	GRASS	0.10798199155500957	0.26009146869182587
440917	GRASS	0.15461177272456034	0.35708413805280415
637758	GRASS	0.11344756079571587	0.21681839653423854
1549025	GRASS	0.1363131840314184	0.2705592215061188
2733294	GRASS	0.35050330417496817	0.48944624832698275
5281167	GRASS	0.3938467672892979	0.6167723025594439
5281168	GRASS	0.25811039337090086	0.4530911701066153
5318599	GRASS	0.29071434906550814	0.4877828700201852
5352837	GRASS	0.3275000367845808	0.542072377034596
5364231	GRASS	0.37946982043130056	0.5879844001361302
262	GRASS	0.11446608603000641	0.24957268791539328
323	GRASS	0.07762400087501321	0.20325362469468797
750	GRASS	0.09194667637348175	0.20065663754940033
753	GRASS	0.1252345900450434	0.2706778794527054
962	GRASS	0.10358378078256335	0.23946677148342133
5862	GRASS	0.08889636397361755	0.2136251266513552
5962	GRASS	0.09936034679412842	0.2415750686611448
6274	GRASS	0.15110621920653752	0.3281715597425188
6322	GRASS	0.10127345366137368	0.24210339997495925
6669	GRASS	0.10716733655759267	0.23199860964502608
7137	GRASS	0.09670967608690262	0.19673726175512588
15654	GRASS	0.15569898699011123	0.2966545947960445
62089	GRASS	0.08945896582944053	0.23254479467868805
853433	GRASS	0.09049032947846822	0.24668412123407638
5371102	GRASS	0.26729421743324827	0.43920775396483286
10857465	GRASS	0.18840285497052328	0.3915116786956787
180	FLOWER	0.14268368695463454	0.316413198198591
264	FLOWER	0.0869685241154262	0.19610798358917236
702	FLOWER	0.1488581427506038	0.3367407705102648
1031	FLOWER	0.14017987889902933	0.3161578050681523
3102	FLOWER	0.21007880994251796	0.4319088416440146
3314	FLOWER	0.21128296000616892	0.45218542218208313
6506	FLOWER	0.13596135910068238	0.2849802055529186
6544	FLOWER	0.14345000897135055	0.3422577295984541
6561	FLOWER	0.09650252653019768	0.21631265112331935
7092	FLOWER	0.2023607130561556	0.41768135343279156
7302	FLOWER	0.14207840391567775	0.30299863645008634
7476	FLOWER	0.46617508786065237	0.718379693371909
7559	FLOWER	0.42561917645590647	0.6960477318082537
7657	FLOWER	0.20422079520566122	0.4322270282677242
7770	FLOWER	0.2562382497957775	0.4995426280157907
7793	FLOWER	0.5108618693692344	0.7589163524763924
7797	FLOWER	0.4115079130445208	0.6481124077524457
8025	FLOWER	0.12144714381013598	0.2955836568559919
8049	FLOWER	0.19275003245898656	0.3832316654069083
8094	FLOWER	0.1569842877132552	0.3216236616883959
8419	FLOWER	0.25713428216321127	0.5223949125834874
8438	FLOWER	0.27903089991637636	0.5405548555510384
8468	FLOWER	0.19831170567444392	0.45231887698173523
8815	FLOWER	0.23876027975763595	0.4616063152040754
8878	FLOWER	0.33632274184908184	0.5269522752080645
9012	FLOWER	0.09057523735931941	0.17105549361024583
10886	FLOWER	0.28855916431971956	0.5159083093915667
11567	FLOWER	0.12386631433452878	0.2605494622673307
12020	FLOWER	0.1452602126768657	0.3631730377674103
12265	FLOWER	0.1266506463289261	0.2935505871261869
12377	FLOWER	0.09047786306057658	0.17173980602196284
16537	FLOWER	0.4772995710372925	0.7102071217128209
17898	FLOWER	0.11385879452739443	0.28406242174761637
18467	FLOWER	0.12122215224163872	0.2990563469273703
21363	FLOWER	0.1843279962028776	0.3314924921308245
27440	FLOWER	0.08962995505758695	0.2204422312123435
31219	FLOWER	0.399580534015383	0.6561826041766575
31276	FLOWER	0.29097047661031994	0.5397646512304034
31283	FLOWER	0.20063060309205735	0.392383085829871
60998	FLOWER	0.32608156970569063	0.5881857190813337
61523	FLOWER	0.32173227412360056	0.5035696370261056
62351	FLOWER	0.10202551207372121	0.22777488189084188
62465	FLOWER	0.14575824354376113	0.34688202823911396
251531	FLOWER	0.30867817997932434	0.5740458795002529
440917	FLOWER	0.27493757222379955	0.5440073183604649
637758	FLOWER	0.40501888734953745	0.6473858186176845
1549025	FLOWER	0.36096819383757456	0.5963328651019505
2733294	FLOWER	0.38036306841032846	0.6330358556338719
5281167	FLOWER	0.21493665874004364	0.41399519784109934
5281168	FLOWER	0.09843763070447105	0.2296134169612612
5318599	FLOWER	0.20648204003061568	0.3684385461466653
5352837	FLOWER	0.24324488639831543	0.44960049646241323
5364231	FLOWER	0.233992229614939	0.43897920846939087
262	FLOWER	0.14370858669281006	0.3395243457385472
323	FLOWER	0.21949751036507742	0.428374103137425
750	FLOWER	0.1475247655596052	0.3385279434067862
753	FLOWER	0.13936111224549158	0.3471366677965437
962	FLOWER	0.12291262831006732	0.31463965347834993
5862	FLOWER	0.09814260261399406	0.23987495047705515
5962	FLOWER	0.10682628623076848	0.2508491895028523
6274	FLOWER	0.14935593732765742	0.3641294666699001
6322	FLOWER	0.12580482342413493	0.316898592880794
6669	FLOWER	0.33495201809065683	0.5134235663073403
7137	FLOWER	0.37428538714136395	0.6346422348703656
15654	FLOWER	0.10199990336384092	0.24527103986058915
62089	FLOWER	0.10692406126431056	0.22523430841309683
853433	FLOWER	0.26438568958214353	0.5174891863550458
5371102	FLOWER	0.25627386782850536	0.4870039778096335
10857465	FLOWER	0.37042221214090076	0.5520347612244743
180	CHEMICAL	0.18240198493003845	0.41860717109271456
264	CHEMICAL	0.18602112361363002	0.4543831561292921
702	CHEMICAL	0.1802228412457875	0.4210733728749411
1031	CHEMICAL	0.19929595930235727	0.44162862641470774
3102	CHEMICAL	0.3553147741726467	0.5693146245820182
3314	CHEMICAL	0.1511553664292608	0.40474893365587505
6506	CHEMICAL	0.17628771918160574	0.42754226497241427
6544	CHEMICAL	0.313289931842259	0.5362810960837773
6561	CHEMICAL	0.2901542867933001	0.5333581141063145
7092	CHEMICAL	0.24563172885349818	0.4505195277077811
7302	CHEMICAL	0.30826271006039213	0.5303255617618561
7476	CHEMICAL	0.18219805828162602	0.42455744317599703
7559	CHEMICAL	0.33689536792891367	0.5577373845236642
7657	CHEMICAL	0.38444057532719206	0.5987844041415623
7770	CHEMICAL	0.19187687124524797	0.46808579564094543
7793	CHEMICAL	0.26986566185951233	0.5380979222910744
7797	CHEMICAL	0.12121877074241638	0.3945506683417729
8025	CHEMICAL	0.21584566150392806	0.471323834998267
8049	CHEMICAL	0.18610715440341405	0.4178204451288496
8094	CHEMICAL	0.22042422209467208	0.4661037879330771
8419	CHEMICAL	0.10125854664615222	0.30342027970722746
8438	CHEMICAL	0.178557887673378	0.39605573245457243
8468	CHEMICAL	0.13661573720829828	0.37408420017787386
8815	CHEMICAL	0.22138670725481852	0.45061796477862764
8878	CHEMICAL	0.10465876066258975	0.3467760171209063
9012	CHEMICAL	0.2634953260421753	0.5000884107181004
10886	CHEMICAL	0.15201915161950247	0.39748317854745047
11567	CHEMICAL	0.5856027858597892	0.7473247817584446
12020	CHEMICAL	0.2550978021962302	0.5016324903283801
12265	CHEMICAL	0.3384641706943512	0.5628815761634282
12377	CHEMICAL	0.12880991931472505	0.34677823526518686
16537	CHEMICAL	0.1744350322655269	0.46824079751968384
17898	CHEMICAL	0.22615178568022593	0.47351322003773283
18467	CHEMICAL	0.2303962984255382	0.46959467019353596
21363	CHEMICAL	0.24631643082414353	0.4861374497413635
27440	CHEMICAL	0.23031077214649745	0.49325647950172424
31219	CHEMICAL	0.3023358838898795	0.5178328624793461
31276	CHEMICAL	0.2978024355002812	0.5550862635884967
31283	CHEMICAL	0.1508513582604272	0.36814138293266296
60998	CHEMICAL	0.18914906680583954	0.4375289039952414
61523	CHEMICAL	0.24123659517083848	0.4891975394317082
62351	CHEMICAL	0.17625445553234645	0.4184048431260245
62465	CHEMICAL	0.3360861028943743	0.5730799095971244
251531	CHEMICAL	0.20879520901611873	0.44259198222841534
440917	CHEMICAL	0.4300552564007895	0.6800101484571185
637758	CHEMICAL	0.1612509446484702	0.3727998946394239
1549025	CHEMICAL	0.15162872523069382	0.3710385816437857
2733294	CHEMICAL	0.14051247068813869	0.4059100406510489
5281167	CHEMICAL	0.17810851548399245	0.46430374894823345
5281168	CHEMICAL	0.25038098863192965	0.5209770160061973
5318599	CHEMICAL	0.27088156768253874	0.5395618379116058
5352837	CHEMICAL	0.2483604678085872	0.5273711085319519
5364231	CHEMICAL	0.13637921746288026	0.3811648317745754
262	CHEMICAL	0.31621456146240234	0.5573558126177106
323	CHEMICAL	0.4071032064301627	0.5972837380000523
750	CHEMICAL	0.1490573702113969	0.3745408483913967
753	CHEMICAL	0.2191437610558101	0.4695228934288025
962	CHEMICAL	0.24771816389901297	0.5138192389692579
5862	CHEMICAL	0.1690649688243866	0.40068723474230084
5962	CHEMICAL	0.20451278133051737	0.4587124160357884
6274	CHEMICAL	0.1737052138362612	0.43679160731179373
6322	CHEMICAL	0.20457308845860617	0.45744636229106356
6669	CHEMICAL	0.13889336585998535	0.341499816094126
7137	CHEMICAL	0.15792102366685867	0.3418301727090563
15654	CHEMICAL	0.14326750593526022	0.3934020570346287
62089	CHEMICAL	0.29543457073824747	0.5466307061059135
853433	CHEMICAL	0.14916190185717174	0.3874549354825701
5371102	CHEMICAL	0.2520504593849182	0.48614863412720816
10857465	CHEMICAL	0.3443996437958309	0.5835207530430385
