oID	descriptor	value	sigma
180	INTENSITY/STRENGTH	0.14511067420244217	0.5062150699751717
264	INTENSITY/STRENGTH	0.4434514726911272	0.7444557206971305
702	INTENSITY/STRENGTH	0.07687896436878613	0.46217834097998484
1031	INTENSITY/STRENGTH	0.10101117991975375	0.4802765165056501
3102	INTENSITY/STRENGTH	0.28638383746147156	0.594752277646746
3314	INTENSITY/STRENGTH	0.3911402566092355	0.6929284759930202
6506	INTENSITY/STRENGTH	0.12278039434126445	0.5784493344170707
6544	INTENSITY/STRENGTH	0.4509960838726589	0.7448097211974007
6561	INTENSITY/STRENGTH	0.3520851561001369	0.6088076744760785
7092	INTENSITY/STRENGTH	0.37832788058689665	0.6475116525377546
7302	INTENSITY/STRENGTH	0.33587813803127836	0.579019580568586
7476	INTENSITY/STRENGTH	0.4497542253562382	0.644230706351144
7559	INTENSITY/STRENGTH	0.5601147413253784	0.7890513113566807
7657	INTENSITY/STRENGTH	0.3193914272955486	0.622501790523529
7770	INTENSITY/STRENGTH	0.6214016633374351	0.7816640819822039
7793	INTENSITY/STRENGTH	0.4676887350422995	0.6181277292115348
7797	INTENSITY/STRENGTH	0.46905116949762615	0.7128392713410514
8025	INTENSITY/STRENGTH	0.2596057951450348	0.6378788862909589
8049	INTENSITY/STRENGTH	0.15629234058516367	0.5249600197587695
8094	INTENSITY/STRENGTH	0.5500226063387734	0.7144115992954799
8419	INTENSITY/STRENGTH	0.5039999953338078	0.6836895942687988
8438	INTENSITY/STRENGTH	0.41232605491365704	0.6054976582527161
8468	INTENSITY/STRENGTH	0.1739992509995188	0.5671164989471436
8815	INTENSITY/STRENGTH	0.27555476129055023	0.579727862562452
8878	INTENSITY/STRENGTH	0.525117060967854	0.7361160431589399
9012	INTENSITY/STRENGTH	0.5935480850083488	0.6800625835146222
10886	INTENSITY/STRENGTH	0.40176157440458027	0.7019779937607902
11567	INTENSITY/STRENGTH	0.6672838500567845	0.6830139926501683
12020	INTENSITY/STRENGTH	0.3659429337297167	0.6221452951431274
12265	INTENSITY/STRENGTH	0.17499771607773645	0.49998299138886587
12377	INTENSITY/STRENGTH	0.5472537747451237	0.6520531688417707
16537	INTENSITY/STRENGTH	0.49003406933375765	0.7534663847514561
17898	INTENSITY/STRENGTH	0.6545572451182774	0.6145080668585641
18467	INTENSITY/STRENGTH	0.5038414129189083	0.5841501780918666
21363	INTENSITY/STRENGTH	0.5921080963952201	0.8126102771077838
27440	INTENSITY/STRENGTH	0.541949029479708	0.687415327344622
31219	INTENSITY/STRENGTH	0.47824021748134066	0.705703249999455
31276	INTENSITY/STRENGTH	0.4968914730208261	0.7469368577003479
31283	INTENSITY/STRENGTH	0.253733115536826	0.5906611851283482
60998	INTENSITY/STRENGTH	0.41986691526004244	0.6985993470464434
61523	INTENSITY/STRENGTH	0.4300112341131483	0.729009849684579
62351	INTENSITY/STRENGTH	0.25461532175540924	0.5967391559055873
62465	INTENSITY/STRENGTH	0.4999815651348659	0.6306896465165275
251531	INTENSITY/STRENGTH	0.15429701443229402	0.5826163717678615
440917	INTENSITY/STRENGTH	0.28233609242098673	0.5774281961577279
637758	INTENSITY/STRENGTH	0.5165961384773254	0.8168221626962934
1549025	INTENSITY/STRENGTH	0.19031553396156856	0.5839932475771222
2733294	INTENSITY/STRENGTH	0.678598974432264	0.7639789496149335
5281167	INTENSITY/STRENGTH	0.5486953513962882	0.7158446737698146
5281168	INTENSITY/STRENGTH	0.4905659854412079	0.693905907017844
5318599	INTENSITY/STRENGTH	0.6682512760162354	0.7231532335281372
5352837	INTENSITY/STRENGTH	0.4911195422921862	0.6480766875403268
5364231	INTENSITY/STRENGTH	0.5607946983405522	0.6579537221363613
262	INTENSITY/STRENGTH	0.135147648198264	0.4727497100830078
323	INTENSITY/STRENGTH	0.45402930464063374	0.666568432535444
750	INTENSITY/STRENGTH	0.1615897842815944	0.4251896696431296
753	INTENSITY/STRENGTH	0.13689958517040526	0.45654445460864473
962	INTENSITY/STRENGTH	0.20869403864656175	0.48734247258731295
5862	INTENSITY/STRENGTH	0.220342150756291	0.5297020844050816
5962	INTENSITY/STRENGTH	0.35088991693087984	0.6817414675440107
6274	INTENSITY/STRENGTH	0.16200135861124312	0.4710882859570639
6322	INTENSITY/STRENGTH	0.16106810527188437	0.4711518543107169
6669	INTENSITY/STRENGTH	0.2615619493382318	0.5843779189246041
7137	INTENSITY/STRENGTH	0.5518020221165248	0.8449148450578962
15654	INTENSITY/STRENGTH	0.2970206141471863	0.551861081804548
62089	INTENSITY/STRENGTH	0.659757809979575	0.6860003641673497
853433	INTENSITY/STRENGTH	0.4817715116909572	0.7493347014699664
5371102	INTENSITY/STRENGTH	0.3541412225791386	0.718672513961792
10857465	INTENSITY/STRENGTH	0.55779858146395	0.8821265186582293
180	VALENCE/PLEASANTNESS	0.4339755007198879	0.5274855239050729
264	VALENCE/PLEASANTNESS	0.22421800238745554	0.5109784007072449
702	VALENCE/PLEASANTNESS	0.47559381808553425	0.5331116148403713
1031	VALENCE/PLEASANTNESS	0.4612181527273996	0.5533038207462856
3102	VALENCE/PLEASANTNESS	0.4342652176107679	0.5857686996459961
3314	VALENCE/PLEASANTNESS	0.5792324117251805	0.5919742073331561
6506	VALENCE/PLEASANTNESS	0.42983358246939524	0.5293110694204058
6544	VALENCE/PLEASANTNESS	0.5521289706230164	0.6262764760426113
6561	VALENCE/PLEASANTNESS	0.3414662182331085	0.508036766733442
7092	VALENCE/PLEASANTNESS	0.5781898668834141	0.5903926832335336
7302	VALENCE/PLEASANTNESS	0.3885540153299059	0.5620614119938442
7476	VALENCE/PLEASANTNESS	0.607377426964896	0.598556365285601
7559	VALENCE/PLEASANTNESS	0.6203375118119376	0.7029005203928266
7657	VALENCE/PLEASANTNESS	0.4327091319220407	0.6034407189914158
7770	VALENCE/PLEASANTNESS	0.6526578494480678	0.7016381706510272
7793	VALENCE/PLEASANTNESS	0.5563111134937831	0.5968222107206073
7797	VALENCE/PLEASANTNESS	0.6919562135423932	0.6460639749254499
8025	VALENCE/PLEASANTNESS	0.4302062392234802	0.5999854207038879
8049	VALENCE/PLEASANTNESS	0.4997486685003553	0.5423531447138105
8094	VALENCE/PLEASANTNESS	0.2880203979355948	0.4766283631324768
8419	VALENCE/PLEASANTNESS	0.6359119585582188	0.5895988600594657
8438	VALENCE/PLEASANTNESS	0.6419310144015721	0.5854067206382751
8468	VALENCE/PLEASANTNESS	0.5587332929883685	0.593261352607182
8815	VALENCE/PLEASANTNESS	0.5269314987318856	0.5490904705865043
8878	VALENCE/PLEASANTNESS	0.7034803458622524	0.6042278153555733
9012	VALENCE/PLEASANTNESS	0.26235900606427875	0.5485481534685407
10886	VALENCE/PLEASANTNESS	0.5377148389816284	0.6378893511635917
11567	VALENCE/PLEASANTNESS	0.45643393056733267	0.6613215804100037
12020	VALENCE/PLEASANTNESS	0.4016371284212385	0.5839414937155587
12265	VALENCE/PLEASANTNESS	0.4262089899608067	0.5328847340175084
12377	VALENCE/PLEASANTNESS	0.297455723796572	0.5512591600418091
16537	VALENCE/PLEASANTNESS	0.6389385461807251	0.628787202494485
17898	VALENCE/PLEASANTNESS	0.34713374291147503	0.6280200822012765
18467	VALENCE/PLEASANTNESS	0.36372206040791105	0.5849467601094928
21363	VALENCE/PLEASANTNESS	0.3034129355634962	0.5424953103065491
27440	VALENCE/PLEASANTNESS	0.2659116472516741	0.5900725637163434
31219	VALENCE/PLEASANTNESS	0.628030172416142	0.63046452828816
31276	VALENCE/PLEASANTNESS	0.5765458515712193	0.6833844440323966
31283	VALENCE/PLEASANTNESS	0.43241301604679655	0.506910468850817
60998	VALENCE/PLEASANTNESS	0.514630160161427	0.6289189543042865
61523	VALENCE/PLEASANTNESS	0.5390177667140961	0.6230459383555821
62351	VALENCE/PLEASANTNESS	0.3536578799997057	0.5124476977757045
62465	VALENCE/PLEASANTNESS	0.42252366883414133	0.5785575423921857
251531	VALENCE/PLEASANTNESS	0.5545384202684674	0.5722567439079285
440917	VALENCE/PLEASANTNESS	0.5562914609909058	0.601783743926457
637758	VALENCE/PLEASANTNESS	0.5828632286616734	0.6824960453169686
1549025	VALENCE/PLEASANTNESS	0.547336254801069	0.562829179423196
2733294	VALENCE/PLEASANTNESS	0.6953606350081307	0.6481327925409589
5281167	VALENCE/PLEASANTNESS	0.5006687215396336	0.5996984583990914
5281168	VALENCE/PLEASANTNESS	0.31048312357493807	0.5314269576753888
5318599	VALENCE/PLEASANTNESS	0.4077134387833731	0.5827015297753471
5352837	VALENCE/PLEASANTNESS	0.5054851387228284	0.5880372524261475
5364231	VALENCE/PLEASANTNESS	0.4580002895423344	0.5624366317476545
262	VALENCE/PLEASANTNESS	0.4791747544492994	0.5503751039505005
323	VALENCE/PLEASANTNESS	0.6375602909496852	0.6456666248185294
750	VALENCE/PLEASANTNESS	0.4859920399529593	0.5572181429181781
753	VALENCE/PLEASANTNESS	0.5001865455082485	0.5629945056779044
962	VALENCE/PLEASANTNESS	0.49423984970365253	0.5826758401734489
5862	VALENCE/PLEASANTNESS	0.39378959792000906	0.540286796433585
5962	VALENCE/PLEASANTNESS	0.3279298735516412	0.546562739780971
6274	VALENCE/PLEASANTNESS	0.4877165641103472	0.5694992797715324
6322	VALENCE/PLEASANTNESS	0.43655183059828623	0.5247897335461208
6669	VALENCE/PLEASANTNESS	0.6586002366883414	0.5835354243006025
7137	VALENCE/PLEASANTNESS	0.7177411999021258	0.6209618960108075
15654	VALENCE/PLEASANTNESS	0.44136350069727215	0.5561256323541913
62089	VALENCE/PLEASANTNESS	0.22512065299919673	0.4565200848238809
853433	VALENCE/PLEASANTNESS	0.6475763065474374	0.6021196246147156
5371102	VALENCE/PLEASANTNESS	0.5167803338595799	0.5960439188139779
10857465	VALENCE/PLEASANTNESS	0.519603601523808	0.6142932517187936
180	BAKERY	0.0339429285377264	0.1383690078343664
264	BAKERY	0.019168393686413765	0.12135772513491767
702	BAKERY	0.06634975277951785	0.2696305960416794
1031	BAKERY	0.053947659741554944	0.2423830990280424
3102	BAKERY	0.029349293293697492	0.1708301305770874
3314	BAKERY	0.2469564207962581	0.5682509115764073
6506	BAKERY	0.07533142396381923	0.23931968425001418
6544	BAKERY	-0.01285761727818421	0.0868660504264491
6561	BAKERY	0.03867416536169393	0.13626957365444728
7092	BAKERY	0.1473047775881631	0.3829482282911028
7302	BAKERY	0.06949771834271294	0.24834210319178446
7476	BAKERY	0.10273838894707817	0.3155199885368347
7559	BAKERY	0.059719718992710114	0.30294417483466013
7657	BAKERY	0.027908699586987495	0.15241152686732157
7770	BAKERY	0.10145871660539083	0.3953580686024257
7793	BAKERY	0.09222870745829173	0.2532794347831181
7797	BAKERY	0.06964070349931717	0.2870599946805409
8025	BAKERY	0.05664307624101639	0.25810857117176056
8049	BAKERY	0.0623347924223968	0.22112065766538894
8094	BAKERY	0.02897558015372072	0.07237821551305908
8419	BAKERY	0.25294066752706257	0.4829682324613844
8438	BAKERY	0.20202721442495072	0.4625063495976584
8468	BAKERY	0.17280036636761256	0.4365686646529606
8815	BAKERY	0.10678501959357943	0.3609232987676348
8878	BAKERY	0.12814149579831532	0.35758509380476816
9012	BAKERY	0.030613155769450322	0.2015737539955548
10886	BAKERY	0.06617219825940472	0.23406856400626047
11567	BAKERY	0.09060182635273252	0.223926414336477
12020	BAKERY	0.038112247096640725	0.17716904197420394
12265	BAKERY	0.04750304562704904	0.19162231257983617
12377	BAKERY	0.04234409678195204	0.17866356670856476
16537	BAKERY	0.05161891079374722	0.17247207249913896
17898	BAKERY	0.15982755380017416	0.4230991516794477
18467	BAKERY	0.10139266295092446	0.32296874267714365
21363	BAKERY	0.04635335664663996	0.13514097886426107
27440	BAKERY	0.07088804457868848	0.2854814486844199
31219	BAKERY	0.04285897846732821	0.271993739264352
31276	BAKERY	0.06656728525246892	0.2833141727106912
31283	BAKERY	0.06255779229104519	0.19590111715453012
60998	BAKERY	0.06639810970851354	0.24042841792106628
61523	BAKERY	0.05485517691288676	0.15840567541973932
62351	BAKERY	0.06270021732364382	0.22416456256593978
62465	BAKERY	0.1319833089198385	0.3673276518072401
251531	BAKERY	0.030726967113358632	0.15898243018559047
440917	BAKERY	0.0582800709775516	0.1719494547162737
637758	BAKERY	0.11924584742103304	0.3660126881940024
1549025	BAKERY	0.04867956521255629	0.21312751088823592
2733294	BAKERY	0.09165828196065766	0.32355205714702606
5281167	BAKERY	0.02449044824710914	0.13337530834334238
5281168	BAKERY	0.03469244550381388	0.09234135704381126
5318599	BAKERY	0.00018583291343280247	0.061249274228300364
5352837	BAKERY	0.02369294155921255	0.15265597509486334
5364231	BAKERY	0.04875423014163971	0.19958171461309707
262	BAKERY	0.04519607871770859	0.23396553524902888
323	BAKERY	0.22490390709468297	0.5131237293992724
750	BAKERY	0.12262288800307683	0.3521176448890141
753	BAKERY	0.08497033374650138	0.289022901228496
962	BAKERY	0.0914798378944397	0.296509604368891
5862	BAKERY	0.11108476562159401	0.310182056256703
5962	BAKERY	0.06355032936802932	0.2093146720102855
6274	BAKERY	0.09011598995753697	0.28391758246081217
6322	BAKERY	0.05804237404039928	0.1843909344502858
6669	BAKERY	0.14890735915728978	0.30791852729661123
7137	BAKERY	0.2850196659564972	0.6139346361160278
15654	BAKERY	0.1669647917151451	0.43039958817618235
62089	BAKERY	0.03115637054932969	0.053317521299634664
853433	BAKERY	0.27417586530957905	0.6198379908289228
5371102	BAKERY	0.005768667108246258	0.08120651436703545
10857465	BAKERY	0.08121085060494286	0.20370690737451827
180	SWEET	0.053188453295401165	0.2916274666786194
264	SWEET	0.04477901118142264	0.29221361024039133
702	SWEET	0.10804251794304166	0.414284667798451
1031	SWEET	0.09559366958481925	0.42009836435317993
3102	SWEET	0.12003480962344579	0.43492594361305237
3314	SWEET	0.25409483909606934	0.5741777334894452
6506	SWEET	0.11145492004496711	0.42034076367105755
6544	SWEET	0.15753901962723052	0.5145690143108368
6561	SWEET	0.05211562131132398	0.3086741992405483
7092	SWEET	0.28040660492011477	0.65626060962677
7302	SWEET	0.10578050145081111	0.3934789981160845
7476	SWEET	0.31076331223760334	0.6960124543734959
7559	SWEET	0.37760599170412334	0.8257502828325544
7657	SWEET	0.11579542500632149	0.4261455919061388
7770	SWEET	0.5364027065890176	0.8723833646093097
7793	SWEET	0.2588226922920772	0.5884793060166496
7797	SWEET	0.4530089965888432	0.8039721761431012
8025	SWEET	0.11288516542741231	0.5040109838758197
8049	SWEET	0.18251481652259827	0.448613635131291
8094	SWEET	0.06977048569491931	0.24045913560049875
8419	SWEET	0.3404001465865544	0.6529600620269775
8438	SWEET	0.35983228257724215	0.7457888637270246
8468	SWEET	0.19344314081328257	0.5953677211488996
8815	SWEET	0.19409556474004472	0.4659388150487627
8878	SWEET	0.5299392512866429	0.813378027507237
9012	SWEET	0.01528869675738471	0.17034594608204706
10886	SWEET	0.323413610458374	0.6673588497298104
11567	SWEET	0.11943844280072621	0.5233455130032131
12020	SWEET	0.085250657583986	0.4140706956386566
12265	SWEET	0.0919661426118442	0.33894493750163485
12377	SWEET	0.032159258744546344	0.16612993393625533
16537	SWEET	0.30256990449769156	0.7027255381856646
17898	SWEET	0.10292440120662961	0.4495157173701695
18467	SWEET	0.08624783371176038	0.40962058305740356
21363	SWEET	0.12364582930292402	0.3453079717499869
27440	SWEET	0.04812163008110864	0.3337801141398294
31219	SWEET	0.36468187400272917	0.7694906677518573
31276	SWEET	0.3402298816612789	0.7388543401445661
31283	SWEET	0.11829387609447752	0.3180534222296306
60998	SWEET	0.25867998600006104	0.6353863562856402
61523	SWEET	0.1846155822277069	0.5480347956929889
62351	SWEET	0.07079999947122165	0.27448390211377827
62465	SWEET	0.05597675698144095	0.30579071811267305
251531	SWEET	0.17162005816187179	0.5255504718848637
440917	SWEET	0.1410757037145751	0.45826341424669537
637758	SWEET	0.38179381830351694	0.8019463079316276
1549025	SWEET	0.20054164741720473	0.5523232519626617
2733294	SWEET	0.4992003696305411	0.8104320509093148
5281167	SWEET	0.1604339246238981	0.5092462727001735
5281168	SWEET	0.09019743438277926	0.3032749124935695
5318599	SWEET	0.11319106285061155	0.4040339205946241
5352837	SWEET	0.16726464246000564	0.48599490949085783
5364231	SWEET	0.16148919186421803	0.4720303203378405
262	SWEET	0.11482942849397659	0.42479752217020306
323	SWEET	0.37597112144742695	0.789223483630589
750	SWEET	0.15678953805140086	0.4818230484213148
753	SWEET	0.13387859612703323	0.4646253458091191
962	SWEET	0.1716829857655934	0.5049035762037549
5862	SWEET	0.11859049488391195	0.34698175532477243
5962	SWEET	0.07705531216093472	0.3222006687096187
6274	SWEET	0.11090683085577828	0.4516503001962389
6322	SWEET	0.0668667485671384	0.28935920340674265
6669	SWEET	0.3372898059231894	0.635699314730508
7137	SWEET	0.49954273445265635	0.8428244590759277
15654	SWEET	0.17916492904935563	0.4937236564499991
62089	SWEET	0.024466979716505324	0.1701896669609206
853433	SWEET	0.3570244482585362	0.6975821937833514
5371102	SWEET	0.12905131386859076	0.479072311094829
10857465	SWEET	0.22417461659227098	0.49712302003587994
180	FRUIT	0.0022947676479816437	0.13663125144583838
264	FRUIT	0.008702246738331658	0.1916015531335558
702	FRUIT	0.03651364679847445	0.17934711277484894
1031	FRUIT	0.036210162831204276	0.18515159615448543
3102	FRUIT	0.07852073812058993	0.27755857365471975
3314	FRUIT	0.010319103220743793	0.24455336800643376
6506	FRUIT	0.060879564711025784	0.24012473225593567
6544	FRUIT	0.1190650425851345	0.38281730668885366
6561	FRUIT	0.025605484044977596	0.18759047772203172
7092	FRUIT	0.13234595954418182	0.3761234070573534
7302	FRUIT	0.02725596326802458	0.16261898832661764
7476	FRUIT	0.18234749351228988	0.4348839947155544
7559	FRUIT	0.34188354441097807	0.6781321082796369
7657	FRUIT	0.1110013233763831	0.31620427114622934
7770	FRUIT	0.5327509769371578	0.7631810137203762
7793	FRUIT	0.14746387941496714	0.3841047372136797
7797	FRUIT	0.49178373387881685	0.7569581525666373
8025	FRUIT	0.028655790856906345	0.21512862614222936
8049	FRUIT	0.1310551847730364	0.2978584851537432
8094	FRUIT	0.05240797384509018	0.24394682901246206
8419	FRUIT	0.10073307262999671	0.34387106129101347
8438	FRUIT	0.17668247861521585	0.44084002716200693
8468	FRUIT	0.049704313810382574	0.23545591958931514
8815	FRUIT	0.09553606169564384	0.29525945442063467
8878	FRUIT	0.5101771993296487	0.7561669434819903
9012	FRUIT	0.03637825325131416	0.14262448676994868
10886	FRUIT	0.3303892271859305	0.5788173930985587
11567	FRUIT	0.06277005693742208	0.3298659026622772
12020	FRUIT	0.030891505735261098	0.23220146766730718
12265	FRUIT	0.03456534259021282	0.1755859979561397
12377	FRUIT	0.02569478058389255	0.1480364448257855
16537	FRUIT	0.2477563236440931	0.5489783797945295
17898	FRUIT	-0.0003801852996860232	0.11974286075149264
18467	FRUIT	0.021778207006199018	0.14311083725520543
21363	FRUIT	0.04465475093041148	0.1884469219616481
27440	FRUIT	0.011103832029870577	0.12173426577023097
31219	FRUIT	0.31938340834208895	0.6213663475854057
31276	FRUIT	0.3079878900732313	0.5640829971858433
31283	FRUIT	0.09102082997560501	0.2231952633176531
60998	FRUIT	0.17721835204533168	0.45495872838156565
61523	FRUIT	0.13696690489138877	0.40206755910600933
62351	FRUIT	0.05688910505601338	0.16281461928571975
62465	FRUIT	-0.03418525042278426	0.061431444117001126
251531	FRUIT	0.05417262949049473	0.2533118724822998
440917	FRUIT	0.04914247563907078	0.3093287561620985
637758	FRUIT	0.27489757537841797	0.5218780594212669
1549025	FRUIT	0.16666467487812042	0.4234739584582193
2733294	FRUIT	0.5637134185859135	0.7833609921591622
5281167	FRUIT	0.19962298231465475	0.4419686922005245
5281168	FRUIT	0.14178091500486648	0.33248814940452576
5318599	FRUIT	0.17069952189922333	0.41248936312539236
5352837	FRUIT	0.2007215448788234	0.43056955507823397
5364231	FRUIT	0.23894170139517104	0.4548871857779367
262	FRUIT	0.04513628461531231	0.20845829589026316
323	FRUIT	0.1932674412216459	0.4538648085934775
750	FRUIT	0.048074248645986827	0.1861326822212764
753	FRUIT	0.04398428116525922	0.19803049734660558
962	FRUIT	0.06841174779193741	0.23808325614248002
5862	FRUIT	0.04244013742676803	0.14780221666608537
5962	FRUIT	0.03414708189666271	0.1617550722190312
6274	FRUIT	0.05401367082127503	0.18922832821096694
6322	FRUIT	0.0329844488629273	0.13295043792043412
6669	FRUIT	0.15595758919204986	0.37843331694602966
7137	FRUIT	0.24285967648029327	0.5281495749950409
15654	FRUIT	0.053277412695544105	0.19724717736244202
62089	FRUIT	0.01730239817074367	0.1408167172755514
853433	FRUIT	0.07036179570215088	0.34467253940446035
5371102	FRUIT	0.0739098819238799	0.2883425567831312
10857465	FRUIT	0.10948868255530085	0.3064917155674526
180	FISH	0.017072422030780996	0.076921211289508
264	FISH	0.11112678476742335	0.2434442149741309
702	FISH	0.03293899766036442	0.1131623238325119
1031	FISH	0.02973569623593773	0.11010154017380305
3102	FISH	0.015361476423484939	0.09451099165848323
3314	FISH	0.03800303182963814	0.1301189810037613
6506	FISH	0.055996381278548925	0.17256669913019454
6544	FISH	0.023070210990096842	0.06295493724090713
6561	FISH	0.057537472141640525	0.15435263301645005
7092	FISH	0.014323831402829714	0.06908049061894417
7302	FISH	0.06461992700185094	0.17148272054536
7476	FISH	0.02685292118362018	0.06973061284848622
7559	FISH	0.013752117486936706	0.05344374371426446
7657	FISH	0.04019579344562122	0.13058571091720036
7770	FISH	0.0019842207963977542	0.08352579761828695
7793	FISH	0.0030710033274122645	0.019668569522244588
7797	FISH	0.02231186974261488	0.03950249882681029
8025	FISH	0.03170816680150373	0.14091302241597856
8049	FISH	0.019689728505909443	0.07550252388630595
8094	FISH	0.08508580976298877	0.19781009427138738
8419	FISH	0.03647462997053351	0.10495534007038389
8438	FISH	0.008263651547687394	0.04125688970088959
8468	FISH	0.005094822496175766	0.06266181809561593
8815	FISH	0.0634799977498395	0.16473220927374704
8878	FISH	0.02231520786881447	0.031218354191098894
9012	FISH	0.28434773428099497	0.48023731793676105
10886	FISH	0.02928261418959924	0.09812606232506889
11567	FISH	0.002577209712139198	0.060301105358770916
12020	FISH	0.030393989091472968	0.10837318641798836
12265	FISH	0.050352477335504124	0.1298797226377896
12377	FISH	0.3168610547270094	0.4852250601564135
16537	FISH	0.0481531268783978	0.08018512491668973
17898	FISH	0.10351229565484184	0.21753569373062678
18467	FISH	0.06261305883526802	0.18807616191250937
21363	FISH	0.19338797884328024	0.29066573083400726
27440	FISH	0.14356621674128942	0.29960564630372183
31219	FISH	0.004494643371020045	0.043511723301240375
31276	FISH	0.014084649405309133	0.07207026119743075
31283	FISH	0.03092861388410841	0.11437860557011195
60998	FISH	0.027466714515217712	0.09637220523187093
61523	FISH	0.03840014045791967	0.09044462655271802
62351	FISH	0.1490922783102308	0.3070057885987418
62465	FISH	0.08831749843167407	0.23939496065889085
251531	FISH	0.011039481232208865	0.08045952767133713
440917	FISH	0.06100491753646305	0.043304657297475
637758	FISH	-0.0035459883511066437	0.05878353651080813
1549025	FISH	0.051488566611494334	0.09628839045763016
2733294	FISH	0.007380136155656406	0.05992719850369862
5281167	FISH	0.059217299201658795	0.1280081176332065
5281168	FISH	0.11909356181110654	0.21438549671854293
5318599	FISH	0.046070996938007217	0.11203335651329585
5352837	FISH	0.04841558156268937	0.11264910389270101
5364231	FISH	0.040237310741628916	0.14865643424647196
262	FISH	0.0008191419765353203	0.044963588139840534
323	FISH	-0.002879394085279533	0.02786159355725561
750	FISH	0.0047205715839351925	0.06919603422284126
753	FISH	0.006109333996261869	0.07089832904083389
962	FISH	-0.006019417196512222	0.05277002762470927
5862	FISH	0.1457096380846841	0.2815675011702946
5962	FISH	0.18290360059056962	0.30342617630958557
6274	FISH	0.019321856488074576	0.06116906926035881
6322	FISH	0.11854075001818794	0.17857499846390315
6669	FISH	-0.015805244844939028	-0.004631109003509794
7137	FISH	0.01463142636099032	0.04097663078989301
15654	FISH	0.05772746380950723	0.17789942239012038
62089	FISH	0.10302674983228956	0.21757222286292485
853433	FISH	0.029492548799940517	0.08153424465230533
5371102	FISH	0.036316044362527986	0.13995522367102758
10857465	FISH	-0.02277805669499295	0.01487818147454943
180	GARLIC	0.0679641312786511	0.25579753730978283
264	GARLIC	0.11213924416473933	0.3504267760685512
702	GARLIC	0.11034182565552848	0.3495506303650992
1031	GARLIC	0.10654596771512713	0.3344085429395948
3102	GARLIC	0.0490836745926312	0.21032441088131495
3314	GARLIC	0.08164865896105766	0.18776987280164445
6506	GARLIC	0.08935630002192088	0.29361479197229656
6544	GARLIC	0.026900039719683782	0.16348927361624582
6561	GARLIC	0.09310117896114077	0.29996015557221006
7092	GARLIC	0.06379338247435433	0.18707740093980516
7302	GARLIC	0.12470642370837075	0.3174578845500946
7476	GARLIC	0.06080120429396629	0.1805251964500972
7559	GARLIC	0.01166760761822973	0.11103989396776472
7657	GARLIC	0.06129502398627145	0.22556028195789882
7770	GARLIC	0.0068094129008906224	0.1429878015603338
7793	GARLIC	0.029275843873620033	0.12277169419186455
7797	GARLIC	0.031497057527303696	0.1507945880293846
8025	GARLIC	0.11342342517205647	0.3430131844111851
8049	GARLIC	0.05366756341287068	0.22140122524329595
8094	GARLIC	0.07182135699050766	0.2931709459849766
8419	GARLIC	0.05731858738831112	0.15004866676671164
8438	GARLIC	0.057624601892062595	0.1679178157023021
8468	GARLIC	0.0480101214987891	0.2139525775398527
8815	GARLIC	0.10388636642268725	0.2641796214239938
8878	GARLIC	0.01849334899868284	0.11507044519696917
9012	GARLIC	0.36107450297900606	0.5404136393751416
10886	GARLIC	0.04290052450128964	0.19349549285003118
11567	GARLIC	0.02854358697576182	0.15087234548160008
12020	GARLIC	0.08705988579562732	0.26950197986194063
12265	GARLIC	0.10021090826817922	0.29865915860448566
12377	GARLIC	0.4212301416056497	0.5853588240487235
16537	GARLIC	0.046743927257401605	0.18831372261047363
17898	GARLIC	0.12317332625389099	0.3158044474465506
18467	GARLIC	0.1028577419263976	0.32760237795966013
21363	GARLIC	0.06327893398702145	0.30593431421688627
27440	GARLIC	0.17032620736530849	0.4039516065801893
31219	GARLIC	0.018618624657392502	0.11245835998228618
31276	GARLIC	0.026461182428257807	0.15925914687769754
31283	GARLIC	0.07448608321802956	0.28413301706314087
60998	GARLIC	0.03465477137693337	0.18444187087672098
61523	GARLIC	0.0504056630390031	0.19225616965975081
62351	GARLIC	0.21885888704231807	0.45916371260370525
62465	GARLIC	0.07946855947375298	0.22921122610569
251531	GARLIC	0.035244137048721313	0.19706701806613378
440917	GARLIC	0.08408226498535701	0.2186415876661028
637758	GARLIC	0.028879080233829364	0.14101269734757288
1549025	GARLIC	0.060089749949319024	0.2190361214535577
2733294	GARLIC	0.009559875886355127	0.11138009546058518
5281167	GARLIC	0.05764595365950039	0.21592013325010026
5281168	GARLIC	0.08760180430752891	0.2677441196782248
5318599	GARLIC	0.03470423312059471	0.19776076078414917
5352837	GARLIC	0.05504764589880194	0.21745649193014419
5364231	GARLIC	0.07025875417249543	0.22553021567208426
262	GARLIC	0.060829716601542065	0.23110611949648177
323	GARLIC	0.04246943763324192	0.16587444288390024
750	GARLIC	0.06670473249895233	0.2571887714522226
753	GARLIC	0.07364117886338915	0.2595429654632296
962	GARLIC	0.05288586765527725	0.20068671022142684
5862	GARLIC	0.17121657516275132	0.4329904190131596
5962	GARLIC	0.13516186390604293	0.3766729916845049
6274	GARLIC	0.049374272780758996	0.23627090879849025
6322	GARLIC	0.0621281165097441	0.2737214522702353
6669	GARLIC	0.04126163439026901	0.20164758818490164
7137	GARLIC	0.017067836597561836	0.1004763889525618
15654	GARLIC	0.10402313300541469	0.3288931335721697
62089	GARLIC	0.07925598642655782	0.3110983201435634
853433	GARLIC	0.060021046815173965	0.12715286122901098
5371102	GARLIC	0.036380200779863765	0.20598295543875014
10857465	GARLIC	0.02868331383381571	0.09742388288889613
180	SPICES	0.17642787737505777	0.3712680765560695
264	SPICES	0.1043504508478301	0.30802264383860994
702	SPICES	0.21289357542991638	0.4221279280526297
1031	SPICES	0.19684881397656032	0.4003348137651171
3102	SPICES	0.1258994128022875	0.3135702311992645
3314	SPICES	0.5481868045670646	0.8011423179081508
6506	SPICES	0.17771297693252563	0.3839592720781054
6544	SPICES	0.2316203521830695	0.46497645548411776
6561	SPICES	0.15861949431044714	0.3521164229937962
7092	SPICES	0.2977377900055477	0.5441303764070783
7302	SPICES	0.18633451419217245	0.4017337305205209
7476	SPICES	0.16797034016677312	0.38468149304389954
7559	SPICES	0.13656155658619745	0.3499079006058829
7657	SPICES	0.1372746229171753	0.3474446194512503
7770	SPICES	0.12906179470675333	0.3437506641660418
7793	SPICES	0.16978371356214797	0.38513408814157757
7797	SPICES	0.11294474026986531	0.33773647461618694
8025	SPICES	0.1937746341739382	0.3972109045301165
8049	SPICES	0.10703673533030919	0.2946290799549648
8094	SPICES	0.0628778694995812	0.23892174874033248
8419	SPICES	0.2839564893926893	0.5319015724318368
8438	SPICES	0.23598757173333848	0.48084342905453276
8468	SPICES	0.25815718514578684	0.5109333438532693
8815	SPICES	0.40582157032830374	0.6260227475847516
8878	SPICES	0.08973258627312523	0.3243751696177891
9012	SPICES	0.27063325473240446	0.4857438291822161
10886	SPICES	0.12153956294059753	0.3234073008809771
11567	SPICES	0.23613498040607997	0.4685809484549931
12020	SPICES	0.1798016812120165	0.3832461450781141
12265	SPICES	0.18047451760087693	0.380776047706604
12377	SPICES	0.3065155531678881	0.5236498628343854
16537	SPICES	0.21463505710874284	0.434196127312524
17898	SPICES	0.19989098182746343	0.41929525562695097
18467	SPICES	0.1779526365654809	0.4044106262070792
21363	SPICES	0.12042815663984843	0.3629587505544935
27440	SPICES	0.1766333431005478	0.39193233847618103
31219	SPICES	0.15180436415331705	0.375365001814706
31276	SPICES	0.13334867251770838	0.32596702235085623
31283	SPICES	0.13251968047448567	0.3314970391137259
60998	SPICES	0.14156999545437948	0.3365697605269296
61523	SPICES	0.17724921873637609	0.3667977920600346
62351	SPICES	0.21234773099422455	0.41837296741349356
62465	SPICES	0.4825390407017299	0.6867979083742414
251531	SPICES	0.12517613491841725	0.31702880348478046
440917	SPICES	0.26563369802066256	0.47943337900297983
637758	SPICES	0.2202774861029216	0.40757003000804354
1549025	SPICES	0.09293415397405624	0.27798755892685484
2733294	SPICES	0.12459331750869751	0.3665466436317989
5281167	SPICES	0.1411212267620223	0.34012582898139954
5281168	SPICES	0.15706033259630203	0.35502447400774273
5318599	SPICES	0.105201142174857	0.2795302186693464
5352837	SPICES	0.13165595169578279	0.3278133400848934
5364231	SPICES	0.17912059170859201	0.39504896317209515
262	SPICES	0.1608606449195317	0.3522073881966727
323	SPICES	0.2700283293213163	0.5263521841594151
750	SPICES	0.16378323520932878	0.35755043796130587
753	SPICES	0.18252985605171748	0.37993656737463816
962	SPICES	0.15904935981546128	0.3490247002669743
5862	SPICES	0.18266087770462036	0.39302417635917664
5962	SPICES	0.12474504538944789	0.3224599403994424
6274	SPICES	0.16669833553688868	0.36327466794422697
6322	SPICES	0.14761489629745483	0.32788656439099995
6669	SPICES	0.08544845187238284	0.2770119628735951
7137	SPICES	0.453847131558827	0.698428315775735
15654	SPICES	0.19536179304122925	0.40859084044184
62089	SPICES	0.0867968425154686	0.27799391746520996
853433	SPICES	0.5373591014317104	0.8075293643133981
5371102	SPICES	0.15822596422263555	0.37305232882499695
10857465	SPICES	0.19459510062422072	0.4738300996167319
180	COLD	0.32967457601002287	0.4885982019560678
264	COLD	0.1685181579419545	0.31669746126447407
702	COLD	0.21450025481837137	0.3205947961126055
1031	COLD	0.2295215619461877	0.3395484175000872
3102	COLD	0.3094213732651302	0.47525317328316824
3314	COLD	0.19173455664089747	0.3723647722176143
6506	COLD	0.21509904520852224	0.37455262882368906
6544	COLD	0.37914045793669565	0.5110198429652623
6561	COLD	0.2338042344365801	0.3795830862862723
7092	COLD	0.28794280120304655	0.4573160580226353
7302	COLD	0.24219800957611629	0.3999671936035156
7476	COLD	0.2722605402980532	0.42892174209867207
7559	COLD	0.311810770205089	0.4905507479395185
7657	COLD	0.2914336919784546	0.4538981829370771
7770	COLD	0.25905572729451315	0.4471924773284367
7793	COLD	0.2705035294805254	0.4125204597200666
7797	COLD	0.2870117851666042	0.48064649956566946
8025	COLD	0.19392742855208261	0.32666073526654926
8049	COLD	0.29033962956496645	0.4628881130899702
8094	COLD	0.23617155424186162	0.3882168105670384
8419	COLD	0.17345706267016275	0.3266837980066027
8438	COLD	0.2828291824885777	0.45631509167807444
8468	COLD	0.306375441806657	0.4885054613862719
8815	COLD	0.18857565096446446	0.34192150831222534
8878	COLD	0.26809291328702656	0.4719789922237396
9012	COLD	0.17497587842600687	0.31112865039280485
10886	COLD	0.2479889350278037	0.4326686177934919
11567	COLD	0.42413026094436646	0.5790087495531354
12020	COLD	0.28014997073582243	0.4513108432292938
12265	COLD	0.2846859629665102	0.4195456121649061
12377	COLD	0.2128861801964896	0.35915745156151907
16537	COLD	0.303141393831798	0.45190124000821796
17898	COLD	0.16698456236294337	0.3084714114665985
18467	COLD	0.20703084128243582	0.33432833211762564
21363	COLD	0.2265738057238715	0.3818261112485613
27440	COLD	0.15170932986906596	0.28697453652109417
31219	COLD	0.3494077665465219	0.5204172347273145
31276	COLD	0.37348276376724243	0.5594899867262159
31283	COLD	0.2383326632635934	0.396678341286523
60998	COLD	0.2048287625823702	0.3378992165837969
61523	COLD	0.20555183930056437	0.32569295167922974
62351	COLD	0.1800826851810728	0.29906060440199717
62465	COLD	0.17683201602527074	0.34432679414749146
251531	COLD	0.207839520914214	0.3674099998814719
440917	COLD	0.42077880246298655	0.5750508223261152
637758	COLD	0.29242720135620665	0.4246037517275129
1549025	COLD	0.15174944698810577	0.2790644232715879
2733294	COLD	0.264131988797869	0.45761810030256
5281167	COLD	0.31375113129615784	0.4765546108995165
5281168	COLD	0.2533241808414459	0.39697463171822683
5318599	COLD	0.33681351797921316	0.49611906920160564
5352837	COLD	0.3250825490270342	0.4779466135161264
5364231	COLD	0.21108882767813547	0.37735400029591154
262	COLD	0.29537210294178556	0.4495090629373278
323	COLD	0.33081953653267454	0.5050147473812103
750	COLD	0.274986316050802	0.4158322640827724
753	COLD	0.2837760938065393	0.43162868704114643
962	COLD	0.2869584879704884	0.43977998409952435
5862	COLD	0.23615538009575435	0.34493155990328106
5962	COLD	0.19856365876538412	0.3341563216277531
6274	COLD	0.3942063663687025	0.5353220190320697
6322	COLD	0.32067218848637175	0.4622653339590345
6669	COLD	0.18279615470341273	0.33571901065962656
7137	COLD	0.19569931285721914	0.36375356146267485
15654	COLD	0.17789727449417114	0.296931124159268
62089	COLD	0.23071555367537908	0.3764463024480002
853433	COLD	0.2103185270513807	0.4062304752213614
5371102	COLD	0.26144054319177357	0.4176397238458906
10857465	COLD	0.34005681957517353	0.4890670733792441
180	SOUR	0.25220735583986553	0.48216845308031353
264	SOUR	0.8159417935780117	0.9079937594277518
702	SOUR	0.31340459414890837	0.5161917975970677
1031	SOUR	0.3255209709916796	0.5202614154134478
3102	SOUR	0.24353465863636561	0.4583340159484318
3314	SOUR	0.12138245467628751	0.31989961862564087
6506	SOUR	0.35666785495621817	0.5493152737617493
6544	SOUR	0.2006575529064451	0.4344192360128675
6561	SOUR	0.43083254780088154	0.633924560887473
7092	SOUR	0.1406140093292509	0.3421031449522291
7302	SOUR	0.29397731167929514	0.5360297901289803
7476	SOUR	0.15697102674416133	0.3829608176435743
7559	SOUR	0.21488962003162929	0.4249950349330902
7657	SOUR	0.2608277606112616	0.4859626420906612
7770	SOUR	0.30247749601091656	0.5659592960562024
7793	SOUR	0.16544860388551438	0.3881656229496002
7797	SOUR	0.21026193244116648	0.4446703152997153
8025	SOUR	0.3632533209664481	0.5986293980053493
8049	SOUR	0.23426934438092367	0.4285877389567239
8094	SOUR	0.5028362955365863	0.6780157089233398
8419	SOUR	0.15428081261260168	0.384117066860199
8438	SOUR	0.14924227552754538	0.3248981237411499
8468	SOUR	0.16976388224533626	0.3657069333962032
8815	SOUR	0.17714892540659224	0.40584046500069754
8878	SOUR	0.1718237910951887	0.4118404047829764
9012	SOUR	0.3702131509780884	0.6202962739127023
10886	SOUR	0.3115300876753671	0.5232531130313873
11567	SOUR	0.1699464683021818	0.3913165416036333
12020	SOUR	0.2210882646696908	0.44865109239305767
12265	SOUR	0.24382645743233816	0.4644372420651572
12377	SOUR	0.36468677861349924	0.6015446526663644
16537	SOUR	0.19129452322210586	0.40326174667903353
17898	SOUR	0.2842101901769638	0.5144284197262355
18467	SOUR	0.26475297127451214	0.5054118718419757
21363	SOUR	0.6094901221139091	0.7718604207038879
27440	SOUR	0.35704149518694195	0.6306618452072144
31219	SOUR	0.16319275966712407	0.3628064819744655
31276	SOUR	0.22716813215187617	0.4352248268468039
31283	SOUR	0.2769923508167267	0.47013811128480093
60998	SOUR	0.24280870812279837	0.45437134163720266
61523	SOUR	0.19677814841270447	0.4122670463153294
62351	SOUR	0.3690096523080553	0.5989240407943726
62465	SOUR	0.1913135860647474	0.42189753907067434
251531	SOUR	0.1832243608576911	0.4166897875922067
440917	SOUR	0.16964394279888698	0.4262185607637678
637758	SOUR	0.20374526296343123	0.43948070066315786
1549025	SOUR	0.2371124689068113	0.4381349469934191
2733294	SOUR	0.2268212607928685	0.4734853633812496
5281167	SOUR	0.29190540313720703	0.5154262695993695
5281168	SOUR	0.5118328545774732	0.7070734075137547
5318599	SOUR	0.3259764313697815	0.5415556601115635
5352837	SOUR	0.25243254005908966	0.46552643179893494
5364231	SOUR	0.31508514285087585	0.5247824532645089
262	SOUR	0.23498225850718363	0.4370811368737902
323	SOUR	0.15779562720230647	0.3279969479356493
750	SOUR	0.2389191027198519	0.4303548038005829
753	SOUR	0.24595009003366744	0.43995727385793415
962	SOUR	0.23021932584898813	0.4351597683770316
5862	SOUR	0.3269007887159075	0.5674360309328351
5962	SOUR	0.49745045815195355	0.7125673464366368
6274	SOUR	0.17575339334351675	0.3984540275165013
6322	SOUR	0.2546856850385666	0.4966176961149488
6669	SOUR	0.20480104216507503	0.39473421233040945
7137	SOUR	0.13213974556752614	0.3282267579010555
15654	SOUR	0.24382562509604863	0.47875987206186565
62089	SOUR	0.5163843504020146	0.6921348912375314
853433	SOUR	0.10427497008017131	0.2880815437861851
5371102	SOUR	0.2212300726345607	0.4402716202395303
10857465	SOUR	0.3234581564153944	0.5306100504738944
180	BURNT	0.0937750084059579	0.30245521664619446
264	BURNT	0.0902452649814742	0.3200024664402008
702	BURNT	0.07585988992026874	0.27731144215379444
1031	BURNT	0.06306036348853793	0.2550304021154131
3102	BURNT	0.10779645187514168	0.3322932507310595
3314	BURNT	0.16930467741830008	0.4795686049120767
6506	BURNT	0.11735327861138753	0.33437336342675344
6544	BURNT	0.05244529699640615	0.2501676380634308
6561	BURNT	0.1325708670275552	0.360653464283262
7092	BURNT	0.07766589043395859	0.29391383273260935
7302	BURNT	0.1666341253689357	0.429137830223356
7476	BURNT	0.05199717517410006	0.24082192139966146
7559	BURNT	0.0717652966933591	0.24750831084592
7657	BURNT	0.10446925408073834	0.33111883061272757
7770	BURNT	0.04285770681287561	0.21602047021899903
7793	BURNT	0.08130489502634321	0.3036716303655079
7797	BURNT	0.02452226515327181	0.19683891109057836
8025	BURNT	0.09011082564081464	0.2945530648742403
8049	BURNT	0.08012701624206134	0.29981101410729544
8094	BURNT	0.13413227455956594	0.42255400334085735
8419	BURNT	0.09174807156835284	0.37706962653568815
8438	BURNT	0.07074417439954621	0.2919299474784306
8468	BURNT	0.1553960974727358	0.4216580731528146
8815	BURNT	0.10211974808147975	0.3508403939860208
8878	BURNT	0.03143752233258316	0.20331660551684244
9012	BURNT	0.2776568574564798	0.5428484209946224
10886	BURNT	0.052270707807370594	0.26022918948105406
11567	BURNT	0.1580147562282426	0.4065070280006954
12020	BURNT	0.11066155135631561	0.32503664067813326
12265	BURNT	0.10623382244791303	0.31886828371456694
12377	BURNT	0.1885469832590648	0.4384765625
16537	BURNT	0.03318812086113861	0.19337053384099687
17898	BURNT	0.32507371476718355	0.6274628383772713
18467	BURNT	0.2843473596232278	0.551775506564549
21363	BURNT	0.08452632065330233	0.36981010011264254
27440	BURNT	0.2762369194201061	0.5855241758482796
31219	BURNT	0.047266793570348194	0.21802455186843872
31276	BURNT	0.05282846199614661	0.258169914994921
31283	BURNT	0.11499339554991041	0.37481529797826496
60998	BURNT	0.07698723035199302	0.26025974111897604
61523	BURNT	0.08174721364464078	0.30853442634855
62351	BURNT	0.19085363192217691	0.43638790931020466
62465	BURNT	0.2775656453200749	0.6751212222235543
251531	BURNT	0.06011920262660299	0.26686541523252216
440917	BURNT	0.04108318952577455	0.2755757783140455
637758	BURNT	0.04052034206688404	0.18352075772626059
1549025	BURNT	0.08206694945693016	0.324731707572937
2733294	BURNT	0.04495841238115515	0.2216233823980604
5281167	BURNT	0.0807830084647451	0.2928203025034496
5281168	BURNT	0.13320345218692506	0.422408150775092
5318599	BURNT	0.10560537981135505	0.35643720626831055
5352837	BURNT	0.07430291069405419	0.28775555321148466
5364231	BURNT	0.1238838444863047	0.3408846003668649
262	BURNT	0.07983470175947462	0.28927106516701834
323	BURNT	0.07533498693789754	0.28851841177259174
750	BURNT	0.1518802014844758	0.40868182693208965
753	BURNT	0.11402872524091176	0.3274863915784018
962	BURNT	0.10621862752096993	0.3272549382277897
5862	BURNT	0.2568971408264978	0.5350570252963475
5962	BURNT	0.19001516274043492	0.461455191884722
6274	BURNT	0.184537016919681	0.4391862877777645
6322	BURNT	0.1619368621281215	0.4362431594303676
6669	BURNT	-0.0008185253079448428	0.15574034409863607
7137	BURNT	0.05693041533231735	0.23772190724100387
15654	BURNT	0.16887460436139787	0.4432300797530583
62089	BURNT	0.16868234745093755	0.4800143241882324
853433	BURNT	0.13831872812339238	0.4101867803505489
5371102	BURNT	0.06462689409298557	0.30808556505611967
10857465	BURNT	0.07654281173433576	0.34571148242269245
180	ACID	0.38764144267354694	0.6056901131357465
264	ACID	0.2874227485486439	0.44347659179142546
702	ACID	0.2044882731778281	0.37767257009233746
1031	ACID	0.2187906950712204	0.39614711488996235
3102	ACID	0.3198792338371277	0.5063818608011518
3314	ACID	0.15826680936983653	0.3260326087474823
6506	ACID	0.21728250171457017	0.38365969487598967
6544	ACID	0.2666456273623875	0.47544091088431223
6561	ACID	0.33704692125320435	0.5301487786429269
7092	ACID	0.19719170885426657	0.3901496912751879
7302	ACID	0.3367405576365335	0.5259560687201363
7476	ACID	0.14819770625659398	0.349075015102114
7559	ACID	0.2552336113793509	0.4580179112298148
7657	ACID	0.31938388092177256	0.5053823164531163
7770	ACID	0.19347416290215083	0.39227583152907236
7793	ACID	0.23996358258383615	0.43608177985463825
7797	ACID	0.1324669931616102	0.3118386779512678
8025	ACID	0.24939774402550288	0.4491859759603228
8049	ACID	0.23765418572085245	0.4385877677372524
8094	ACID	0.33763269441468374	0.5353028391088758
8419	ACID	0.12034734870706286	0.3019249737262726
8438	ACID	0.15169245856148855	0.3334206427846636
8468	ACID	0.2136595036302294	0.42918077962739126
8815	ACID	0.1822129147393363	0.35596576758793425
8878	ACID	0.14156517812183925	0.32565914733069284
9012	ACID	0.27481330931186676	0.5106433289391654
10886	ACID	0.21806819311210088	0.40600347944668363
11567	ACID	0.4900842862469809	0.6406295554978507
12020	ACID	0.4198891520500183	0.5976344517299107
12265	ACID	0.33609681895800997	0.5340764607701983
12377	ACID	0.244882590004376	0.48882522753306795
16537	ACID	0.18463521557194845	0.38200070176805767
17898	ACID	0.28154866823128294	0.4700941613742283
18467	ACID	0.29838701656886507	0.491445141179221
21363	ACID	0.3231110061917986	0.5098527584757123
27440	ACID	0.3979891836643219	0.5929339187485831
31219	ACID	0.24862367127622878	0.46330357449395315
31276	ACID	0.3520506875855582	0.5793563723564148
31283	ACID	0.25670516065188814	0.46526508246149334
60998	ACID	0.19779165727751596	0.37751161626407076
61523	ACID	0.23095332937581198	0.4071715772151947
62351	ACID	0.22601374345166342	0.42794644832611084
62465	ACID	0.2654048800468445	0.4606433297906603
251531	ACID	0.19563615322113037	0.40498900413513184
440917	ACID	0.3092446156910488	0.5901199408939907
637758	ACID	0.15673858033759253	0.35802548272269114
1549025	ACID	0.15935673032488143	0.35464310220309664
2733294	ACID	0.14663401458944594	0.34990091409002033
5281167	ACID	0.2818766406604222	0.48454947982515606
5281168	ACID	0.3390565982886723	0.565769612789154
5318599	ACID	0.36413051400865826	0.5738130041531154
5352837	ACID	0.26225515987191883	0.4577735023839133
5364231	ACID	0.21592797551836287	0.40827987023762297
262	ACID	0.2870370958532606	0.48594997610364643
323	ACID	0.20752313094479696	0.40922725200653076
750	ACID	0.2140476554632187	0.4128203306879316
753	ACID	0.23883836609976633	0.4334755369595119
962	ACID	0.27623866711344036	0.48784770710127695
5862	ACID	0.2462715676852635	0.4739930374281747
5962	ACID	0.25663268140384127	0.4460354277065822
6274	ACID	0.264850024666105	0.4974186420440674
6322	ACID	0.2638213719640459	0.4973089439528329
6669	ACID	0.12782017248017447	0.3731884317738669
7137	ACID	0.11796285212039948	0.2859035921948297
15654	ACID	0.1900202738387244	0.35485548206738066
62089	ACID	0.39672705105372835	0.5928698522703988
853433	ACID	0.12621572294405528	0.299370961529868
5371102	ACID	0.2566934611116137	0.45169841817447115
10857465	ACID	0.30615425535610746	0.4638155698776245
180	WARM	0.2251474005835397	0.39353511163166593
264	WARM	0.2823385681424822	0.5277369064944131
702	WARM	0.23424750779356276	0.4023065311568124
1031	WARM	0.21980649658611842	0.3779031038284302
3102	WARM	0.2137529275247029	0.3856529082570757
3314	WARM	0.514377772808075	0.6809216226850238
6506	WARM	0.3030072237764086	0.4813954106398991
6544	WARM	0.33378535509109497	0.5689989924430847
6561	WARM	0.2591498132262911	0.4442075363227299
7092	WARM	0.359871438571385	0.5471785323960441
7302	WARM	0.2768702677318028	0.47776908959661213
7476	WARM	0.2832844981125423	0.46793156436511446
7559	WARM	0.32157234634671894	0.5665257998875209
7657	WARM	0.21962681199823106	0.4042834554399763
7770	WARM	0.3126555936677115	0.5911076494625637
7793	WARM	0.3357893356255123	0.5331097330365863
7797	WARM	0.26606335384505136	0.49896347522735596
8025	WARM	0.22695669106074742	0.4167941212654114
8049	WARM	0.27267930124487194	0.4404011624200003
8094	WARM	0.33218214767319815	0.49509658558028086
8419	WARM	0.4408255474908011	0.5833559632301331
8438	WARM	0.373530524117606	0.5331742678369794
8468	WARM	0.4011058381625584	0.5615431836673191
8815	WARM	0.3376165245260511	0.5063504661832537
8878	WARM	0.33515211939811707	0.5598707965442112
9012	WARM	0.35389757582119535	0.5725705964224679
10886	WARM	0.27705288359097074	0.5028008903775897
11567	WARM	0.39380694712911335	0.5846542545727321
12020	WARM	0.2002444373709815	0.3865211946623666
12265	WARM	0.2250475926058633	0.4164039748055594
12377	WARM	0.3102743114743914	0.5291740213121686
16537	WARM	0.27137260138988495	0.4690141975879669
17898	WARM	0.4448818692139217	0.6143962826047625
18467	WARM	0.34793668559619356	0.5442185912813459
21363	WARM	0.3788367084094456	0.6100370713642665
27440	WARM	0.33425098231860567	0.5607206991740635
31219	WARM	0.2798037550279072	0.5016678486551557
31276	WARM	0.26749330333300997	0.49154869999204365
31283	WARM	0.3095337918826512	0.4802283431802477
60998	WARM	0.3720086898122515	0.5860704779624939
61523	WARM	0.2635216436215809	0.44789126089641024
62351	WARM	0.27181275827544077	0.4524212053843907
62465	WARM	0.4959057867527008	0.6800423519951957
251531	WARM	0.28641552158764433	0.4606424697807857
440917	WARM	0.2631745934486389	0.47018987366131376
637758	WARM	0.3404427298477718	0.5354895165988377
1549025	WARM	0.29367234451430185	0.4718413608414786
2733294	WARM	0.2987220159598759	0.5501352037702288
5281167	WARM	0.26154723337718416	0.41642395513398306
5281168	WARM	0.337467474596841	0.49275961944035124
5318599	WARM	0.29342315452439444	0.4550432562828064
5352837	WARM	0.2457060068845749	0.41168042591639925
5364231	WARM	0.28005363259996685	0.4677283465862274
262	WARM	0.2173895729439599	0.3819150796958378
323	WARM	0.4253856326852526	0.6046905091830662
750	WARM	0.3013595725808825	0.4521001790251051
753	WARM	0.26340907386371065	0.4195818858487265
962	WARM	0.2769486265523093	0.44499080947467257
5862	WARM	0.33794662782124113	0.5153082183429173
5962	WARM	0.33617918831961496	0.5488566926547459
6274	WARM	0.29495772293635775	0.46674042514392305
6322	WARM	0.2840615042618343	0.4434617119176047
6669	WARM	0.35566129428999765	0.550979060786111
7137	WARM	0.500971930367606	0.6587275351796832
15654	WARM	0.3466563437666212	0.5149267613887787
62089	WARM	0.34421616792678833	0.5112415466989789
853433	WARM	0.5101853651659829	0.6817505615098136
5371102	WARM	0.25575859418937136	0.4431071622031076
10857465	WARM	0.4555183095591409	0.6686229365212577
180	MUSKY	0.2352266013622284	0.43727737239428927
264	MUSKY	0.7568588086536953	0.9096508622169495
702	MUSKY	0.3188745081424713	0.5077338261263711
1031	MUSKY	0.3187068658215659	0.50600694332804
3102	MUSKY	0.2631005325487682	0.4688687154224941
3314	MUSKY	0.14837279170751572	0.31883905615125385
6506	MUSKY	0.3649321624210903	0.5766272119113377
6544	MUSKY	0.206816560455731	0.4297156887395041
6561	MUSKY	0.40524724977357046	0.6115742410932269
7092	MUSKY	0.15602225703852518	0.35385858161108835
7302	MUSKY	0.2765809084687914	0.5126286106450217
7476	MUSKY	0.17356235640389578	0.4081966834408896
7559	MUSKY	0.16914153844118118	0.3918091654777527
7657	MUSKY	0.2705017903021404	0.4751146691186087
7770	MUSKY	0.18639052552836283	0.39928903750010897
7793	MUSKY	0.20617920373167312	0.42440718838146757
7797	MUSKY	0.12082546949386597	0.355228385754994
8025	MUSKY	0.31339878269604277	0.5384246749537331
8049	MUSKY	0.2405901551246643	0.46888579215322224
8094	MUSKY	0.5441394448280334	0.7675254004342216
8419	MUSKY	0.17395111066954477	0.417266492332731
8438	MUSKY	0.14591703138181142	0.34197178908756803
8468	MUSKY	0.19889830691473825	0.38336542674473356
8815	MUSKY	0.1697485510792051	0.3656237636293684
8878	MUSKY	0.11153355240821838	0.354028582572937
9012	MUSKY	0.3645266720226833	0.6152730669294085
10886	MUSKY	0.22581599652767181	0.4698162249156407
11567	MUSKY	0.1469879224896431	0.3734240787369864
12020	MUSKY	0.2042691707611084	0.4237172646181924
12265	MUSKY	0.25168812700680326	0.4554270548479898
12377	MUSKY	0.3289420817579542	0.5838228634425572
16537	MUSKY	0.15400261644806182	0.37664360659463064
17898	MUSKY	0.33812335772173746	0.5931782381875175
18467	MUSKY	0.31068488316876547	0.5611105135508946
21363	MUSKY	0.657482215336391	0.8434435980660575
27440	MUSKY	0.40955574597631184	0.666756638458797
31219	MUSKY	0.11380475546632494	0.3267998354775565
31276	MUSKY	0.11510644533804484	0.3282739349773952
31283	MUSKY	0.33729847839900423	0.584304928779602
60998	MUSKY	0.29932512981551035	0.5011956734316689
61523	MUSKY	0.2417912291628974	0.440697227205549
62351	MUSKY	0.3604089064257486	0.5821318626403809
62465	MUSKY	0.24152725722108567	0.46521718161446707
251531	MUSKY	0.22329317459038325	0.4226296033178057
440917	MUSKY	0.1357199932847704	0.34687894795622143
637758	MUSKY	0.21193089868341172	0.4362911880016327
1549025	MUSKY	0.21799748071602412	0.45610841682979036
2733294	MUSKY	0.12953917256423406	0.3368713983467647
5281167	MUSKY	0.23637637070247106	0.4472005239554814
5281168	MUSKY	0.4334978759288788	0.6552855287279401
5318599	MUSKY	0.29164630600384306	0.5374052354267665
5352837	MUSKY	0.2068485085453306	0.42000986848558697
5364231	MUSKY	0.23571554252079555	0.4194999507495335
262	MUSKY	0.23327836394309998	0.4293404391833714
323	MUSKY	0.1665264368057251	0.36330438937459675
750	MUSKY	0.2778068355151585	0.4743341931274959
753	MUSKY	0.24507198802062444	0.43584961550576345
962	MUSKY	0.22310058559690202	0.42831190143312725
5862	MUSKY	0.3413085000855582	0.5656268341200692
5962	MUSKY	0.523757530110223	0.7507666179112026
6274	MUSKY	0.246575442808015	0.44520192061151775
6322	MUSKY	0.3190471019063677	0.5222254821232387
6669	MUSKY	0.26744298211165835	0.47334393858909607
7137	MUSKY	0.13223949819803238	0.2948468348809651
15654	MUSKY	0.29141665569373537	0.540214308670589
62089	MUSKY	0.578702415738787	0.7823727216039386
853433	MUSKY	0.1211930587887764	0.2825550671134676
5371102	MUSKY	0.22990152665546962	0.4472077488899231
10857465	MUSKY	0.3680342010089329	0.6440729073115757
180	SWEATY	0.14769662597349711	0.3342265912464687
264	SWEATY	0.6396906971931458	0.8562818425042289
702	SWEATY	0.2077254674264363	0.4342999884060451
1031	SWEATY	0.21870589682034083	0.4487394094467163
3102	SWEATY	0.12809911583151137	0.3016253539494106
3314	SWEATY	0.03437165117689541	0.10671578986304146
6506	SWEATY	0.23647643199988774	0.4501483142375946
6544	SWEATY	0.07076119365436691	0.21037450007029943
6561	SWEATY	0.27747881199632374	0.49168072428022114
7092	SWEATY	0.04605444094964436	0.14375319757631846
7302	SWEATY	0.14806413437638963	0.3486624700682504
7476	SWEATY	0.0743798581617219	0.23556398281029292
7559	SWEATY	0.08687715125935418	0.2549661717244557
7657	SWEATY	0.13671319825308664	0.31573767747197834
7770	SWEATY	0.1132401427520173	0.2819817193916866
7793	SWEATY	0.09838649683765002	0.23790558321135385
7797	SWEATY	0.0799284673162869	0.23567885160446167
8025	SWEATY	0.20818629222256796	0.44721690246037077
8049	SWEATY	0.14270579176289694	0.32872294953891207
8094	SWEATY	0.37394983002117704	0.6282485808644976
8419	SWEATY	0.05151170305907726	0.20297730820519583
8438	SWEATY	0.04781985708645412	0.1486415330852781
8468	SWEATY	0.07284068635531835	0.17716467593397414
8815	SWEATY	0.07002552705151695	0.19412563954080855
8878	SWEATY	0.05417809635400772	0.18094289941447123
9012	SWEATY	0.2006497085094452	0.4299102340425764
10886	SWEATY	0.15139138485704148	0.35734247309820993
11567	SWEATY	0.029028256024633135	0.17358000257185527
12020	SWEATY	0.10655056472335543	0.28772389037268503
12265	SWEATY	0.14726592706782476	0.3249732681683132
12377	SWEATY	0.18536899983882904	0.42322092396872385
16537	SWEATY	0.0765113862497466	0.22521723806858063
17898	SWEATY	0.15784906915255956	0.3902768535273416
18467	SWEATY	0.14369614635195052	0.3433528797967093
21363	SWEATY	0.5081379924501691	0.7077684487615313
27440	SWEATY	0.21565830068928854	0.476404926606587
31219	SWEATY	0.04703764005431107	0.16985024511814117
31276	SWEATY	0.0500442949788911	0.2046270008598055
31283	SWEATY	0.18903198412486485	0.40843445488384794
60998	SWEATY	0.16733329636710031	0.35505251799310955
61523	SWEATY	0.12053192513329643	0.2966650426387787
62351	SWEATY	0.22465589429650987	0.4393945336341858
62465	SWEATY	0.09837356874985355	0.23171076391424453
251531	SWEATY	0.10742196653570447	0.25278033529009136
440917	SWEATY	0.06026775922094073	0.19193347011293685
637758	SWEATY	0.1023679141487394	0.30353439279964994
1549025	SWEATY	0.14037558436393738	0.3355415548597063
2733294	SWEATY	0.0775642671755382	0.22716806403228215
5281167	SWEATY	0.1402917823621205	0.32731317622320993
5281168	SWEATY	0.3045673838683537	0.5289510233061654
5318599	SWEATY	0.16753785525049483	0.3841923177242279
5352837	SWEATY	0.11106108129024506	0.28678497672080994
5364231	SWEATY	0.14618050626346044	0.32847416400909424
262	SWEATY	0.137710234948567	0.3138935012476785
323	SWEATY	0.04715499388320105	0.1266142183116504
750	SWEATY	0.16183895830597197	0.3618259515081133
753	SWEATY	0.14650946429797582	0.3322515572820391
962	SWEATY	0.12570665989603316	0.29421913623809814
5862	SWEATY	0.19977429722036635	0.42684169326509747
5962	SWEATY	0.38362107958112446	0.6554246204239982
6274	SWEATY	0.12135389234338488	0.2729294257504599
6322	SWEATY	0.21470577163355692	0.3982046842575073
6669	SWEATY	0.08964269448603902	0.24681917258671351
7137	SWEATY	0.06291274832827705	0.1686951443552971
15654	SWEATY	0.14037232739584787	0.3676316908427647
62089	SWEATY	0.40679037145205904	0.6473218117441449
853433	SWEATY	0.021412824413606098	0.07834821141191892
5371102	SWEATY	0.10746216241802488	0.2616089050258909
10857465	SWEATY	0.17339736436094558	0.37926981278828215
180	AMMONIA/URINOUS	0.34842183334486826	0.5190986565181187
264	AMMONIA/URINOUS	0.5008036920002529	0.6185311249324253
702	AMMONIA/URINOUS	0.20498344727924891	0.34969876067978994
1031	AMMONIA/URINOUS	0.23840266466140747	0.38996353319713045
3102	AMMONIA/URINOUS	0.3324050967182432	0.47143776076180594
3314	AMMONIA/URINOUS	0.12000377156904765	0.21282369111265456
6506	AMMONIA/URINOUS	0.2801033471311842	0.39945273739951
6544	AMMONIA/URINOUS	0.292609623500279	0.4001565660749163
6561	AMMONIA/URINOUS	0.36765748262405396	0.5012459669794355
7092	AMMONIA/URINOUS	0.17216726498944418	0.28370594552585054
7302	AMMONIA/URINOUS	0.31273211751665386	0.46268793514796663
7476	AMMONIA/URINOUS	0.1837067667927061	0.2886681982449123
7559	AMMONIA/URINOUS	0.3034586523260389	0.4246862402984074
7657	AMMONIA/URINOUS	0.3561166652611324	0.47512167266436983
7770	AMMONIA/URINOUS	0.16469972899981908	0.2825337988989694
7793	AMMONIA/URINOUS	0.3099641331604549	0.4268792314188821
7797	AMMONIA/URINOUS	0.12841780590159552	0.2203158736228943
8025	AMMONIA/URINOUS	0.23818650841712952	0.40435188582965303
8049	AMMONIA/URINOUS	0.23458016344479152	0.34951962743486675
8094	AMMONIA/URINOUS	0.4033198356628418	0.49072517241750446
8419	AMMONIA/URINOUS	0.15709443390369415	0.27195686740534647
8438	AMMONIA/URINOUS	0.12504817758287703	0.21208276918956212
8468	AMMONIA/URINOUS	0.18032191480909074	0.3003592278276171
8815	AMMONIA/URINOUS	0.13994726751531875	0.26429539918899536
8878	AMMONIA/URINOUS	0.11079361396176475	0.18634340167045593
9012	AMMONIA/URINOUS	0.4393856057098934	0.5648806520870754
10886	AMMONIA/URINOUS	0.23280462196895055	0.34563990575926645
11567	AMMONIA/URINOUS	0.4417424670287541	0.5422567895480565
12020	AMMONIA/URINOUS	0.397585643189294	0.5211778027670724
12265	AMMONIA/URINOUS	0.3367265888622829	0.47937944531440735
12377	AMMONIA/URINOUS	0.40404580320630756	0.5248161213738578
16537	AMMONIA/URINOUS	0.16945712268352509	0.2678739918129785
17898	AMMONIA/URINOUS	0.33215560231889996	0.48686687435422626
18467	AMMONIA/URINOUS	0.3094515459878104	0.4529575662953513
21363	AMMONIA/URINOUS	0.5775623576981681	0.6625090496880668
27440	AMMONIA/URINOUS	0.5080665264810834	0.6325231790542603
31219	AMMONIA/URINOUS	0.22327839050974166	0.3542677845273699
31276	AMMONIA/URINOUS	0.2861568863902773	0.4129083114010947
31283	AMMONIA/URINOUS	0.2321676186152867	0.3199904284306935
60998	AMMONIA/URINOUS	0.35696692551885334	0.4584264968122755
61523	AMMONIA/URINOUS	0.2782608611243112	0.37201919725963045
62351	AMMONIA/URINOUS	0.30281249965940205	0.4332361732210432
62465	AMMONIA/URINOUS	0.2393309942313603	0.40738214339528767
251531	AMMONIA/URINOUS	0.22531543033463614	0.35703293340546743
440917	AMMONIA/URINOUS	0.24543442470686777	0.43449705839157104
637758	AMMONIA/URINOUS	0.24267911911010742	0.3479388398783548
1549025	AMMONIA/URINOUS	0.20044698246887752	0.3297868711607797
2733294	AMMONIA/URINOUS	0.09761493386966842	0.19191838375159673
5281167	AMMONIA/URINOUS	0.29442880196230753	0.37633333461625235
5281168	AMMONIA/URINOUS	0.3861118129321507	0.49941537209919523
5318599	AMMONIA/URINOUS	0.3606425140585218	0.46970481106213163
5352837	AMMONIA/URINOUS	0.2581103358949934	0.37065632002694265
5364231	AMMONIA/URINOUS	0.1602137333580426	0.25204919491495403
262	AMMONIA/URINOUS	0.25838279724121094	0.40244644028799875
323	AMMONIA/URINOUS	0.18927783625466482	0.28630789688655306
750	AMMONIA/URINOUS	0.19935681138719832	0.3392031022480556
753	AMMONIA/URINOUS	0.20898427282060897	0.354019148009164
962	AMMONIA/URINOUS	0.2544843682221004	0.39612725377082825
5862	AMMONIA/URINOUS	0.31061055404799326	0.44969054630824495
5962	AMMONIA/URINOUS	0.4219471514225006	0.5375451615878514
6274	AMMONIA/URINOUS	0.24447951785155705	0.3770290528024946
6322	AMMONIA/URINOUS	0.29172781109809875	0.43978230016572134
6669	AMMONIA/URINOUS	0.09897543277059283	0.17234277086598532
7137	AMMONIA/URINOUS	0.110906363597938	0.17884992169482367
15654	AMMONIA/URINOUS	0.2533714451960155	0.3869468484606062
62089	AMMONIA/URINOUS	0.4771496057510376	0.5649341259683881
853433	AMMONIA/URINOUS	0.08592948317527771	0.17503162579877035
5371102	AMMONIA/URINOUS	0.2716013661452702	0.3877079486846924
10857465	AMMONIA/URINOUS	0.35741689801216125	0.45315724185534884
180	DECAYED	0.08591982190098081	0.33233213424682617
264	DECAYED	0.3026799346719469	0.6898585898535592
702	DECAYED	0.10106547176837921	0.3355252572468349
1031	DECAYED	0.10474673126425062	0.3444320559501648
3102	DECAYED	0.07775267852204186	0.3252492163862501
3314	DECAYED	0.0768736760531153	0.3075157616819654
6506	DECAYED	0.11073850733893258	0.3658923719610487
6544	DECAYED	0.07284079545310565	0.29877657762595583
6561	DECAYED	0.14976249315908977	0.43290572081293377
7092	DECAYED	0.04818097501993179	0.26249859588486807
7302	DECAYED	0.11074344175202507	0.38453387788363863
7476	DECAYED	0.06844723756824221	0.27657895003046307
7559	DECAYED	0.0802579043166978	0.35432790006910053
7657	DECAYED	0.09102984304938998	0.34726556709834505
7770	DECAYED	0.11907602208001274	0.40831375973565237
7793	DECAYED	0.06909128704241344	0.2835065168993814
7797	DECAYED	0.07195506670645305	0.33444335205214365
8025	DECAYED	0.1053066732628005	0.3819983048098428
8049	DECAYED	0.07787676474877767	0.29592351828302654
8094	DECAYED	0.21398491944585527	0.47066396474838257
8419	DECAYED	0.06095025103007044	0.29422676989010405
8438	DECAYED	0.03957460714238031	0.2233451477118901
8468	DECAYED	0.05043293083352702	0.25657324705805096
8815	DECAYED	0.07437145922865186	0.30951433522360666
8878	DECAYED	0.06410623128925051	0.26701341356549946
9012	DECAYED	0.24315106442996434	0.606889145714896
10886	DECAYED	0.12349548935890198	0.40068279419626507
11567	DECAYED	0.03808977481509958	0.2823494630200522
12020	DECAYED	0.07546545671565193	0.3091325972761427
12265	DECAYED	0.10303530203444618	0.3478920800345285
12377	DECAYED	0.2543536296912602	0.6398799249104091
16537	DECAYED	0.057462195732763836	0.24599419747080123
17898	DECAYED	0.14734459561961039	0.4719249563557761
18467	DECAYED	0.11187599812235151	0.3983479653085981
21363	DECAYED	0.29981871587889536	0.6153264812060765
27440	DECAYED	0.19471799901553563	0.5467953681945801
31219	DECAYED	0.05945410153695515	0.30829422388757977
31276	DECAYED	0.08419826786432948	0.35902934840747286
31283	DECAYED	0.10417389550379344	0.29371496609279085
60998	DECAYED	0.09268599855048316	0.32710840020860943
61523	DECAYED	0.0788136183151177	0.2603982069662639
62351	DECAYED	0.17576072258608683	0.4881363255637033
62465	DECAYED	0.11028704845479556	0.4286182224750519
251531	DECAYED	0.04518468544951507	0.2601303245340075
440917	DECAYED	0.05687971519572394	0.2890081873961857
637758	DECAYED	0.1002640894481114	0.37660336068698336
1549025	DECAYED	0.08692974277905055	0.3166464482034956
2733294	DECAYED	0.08193924810205187	0.33893224596977234
5281167	DECAYED	0.11373082122632436	0.3449056148529053
5281168	DECAYED	0.22813288015978678	0.5127985775470734
5318599	DECAYED	0.1288695984653064	0.3809078633785248
5352837	DECAYED	0.092728819165911	0.3232466919081552
5364231	DECAYED	0.10916497239044734	0.35583057148115976
262	DECAYED	0.06615996839744705	0.2906279627765928
323	DECAYED	0.046972243913582394	0.25268628767558504
750	DECAYED	0.0879439605133874	0.3039187320641109
753	DECAYED	0.0768887996673584	0.30264876995767864
962	DECAYED	0.06456771013992173	0.306771776505879
5862	DECAYED	0.17521758803299495	0.46010816523006987
5962	DECAYED	0.21499109268188477	0.5625586935452053
6274	DECAYED	0.08974272438458034	0.3002396694251469
6322	DECAYED	0.1357990758759635	0.36848239387784687
6669	DECAYED	0.05964877775737217	0.24155211448669434
7137	DECAYED	0.0935830335531916	0.2860578979764666
15654	DECAYED	0.13299551180430821	0.39817796434674946
62089	DECAYED	0.2365598210266658	0.4979288194860731
853433	DECAYED	0.06616207318646568	0.2699353950364249
5371102	DECAYED	0.0736106735255037	0.3012805836541312
10857465	DECAYED	0.1307565314429147	0.4235677548817226
180	WOOD	0.21421477411474502	0.35314869029181345
264	WOOD	0.06688617382730756	0.21825546877724783
702	WOOD	0.16069473113332475	0.29978310636111666
1031	WOOD	0.14171836099454335	0.2625050076416561
3102	WOOD	0.15907431074551173	0.2703087500163487
3314	WOOD	0.28861694250788006	0.45738304938588825
6506	WOOD	0.18177385202475957	0.31663401637758526
6544	WOOD	0.2645270505121776	0.4722595342567989
6561	WOOD	0.1968795848744256	0.36078434756823946
7092	WOOD	0.16716239814247405	0.3223035250391279
7302	WOOD	0.16075313517025538	0.3077377847262791
7476	WOOD	0.14781417910541808	0.3168236826147352
7559	WOOD	0.0359045746070998	0.0938992862190519
7657	WOOD	0.16576300348554338	0.30448627046176363
7770	WOOD	0.028334471796240126	0.07309178475822721
7793	WOOD	0.2089916616678238	0.3843107393809727
7797	WOOD	0.08265312069228717	0.1970067567058972
8025	WOOD	0.12598362352166856	0.2396315974848611
8049	WOOD	0.1972237867968423	0.33447024651936125
8094	WOOD	0.3061572866780417	0.5016645405973706
8419	WOOD	0.2573375680616924	0.44350084236689974
8438	WOOD	0.14644573203154973	0.30752621803964886
8468	WOOD	0.27520841360092163	0.4207776061126164
8815	WOOD	0.19705408811569214	0.367596834897995
8878	WOOD	0.1133480476481574	0.22514211067131587
9012	WOOD	0.1564373161111559	0.2860839579786573
10886	WOOD	0.10387578287294932	0.21325337035315378
11567	WOOD	0.2610268677983965	0.4450289649622781
12020	WOOD	0.14346620866230556	0.30364346504211426
12265	WOOD	0.18271805133138383	0.3191720885889871
12377	WOOD	0.0983030992959227	0.20631216253553117
16537	WOOD	0.20569340884685516	0.39168620109558105
17898	WOOD	0.39786759870392935	0.5488948225975037
18467	WOOD	0.3157948340688433	0.49114911045346943
21363	WOOD	0.16093685371535166	0.3326170529638018
27440	WOOD	0.28982581411089214	0.4568978803498404
31219	WOOD	0.05995760645185198	0.1441010566694396
31276	WOOD	0.05804593222481864	0.1656720648918833
31283	WOOD	0.3139902949333191	0.4931567353861673
60998	WOOD	0.09708723425865173	0.2100045723574502
61523	WOOD	0.2051963699715478	0.39127715144838604
62351	WOOD	0.17412757660661424	0.3118196427822113
62465	WOOD	0.4357352214200156	0.6542387349264962
251531	WOOD	0.16300390235015325	0.2829329775912421
440917	WOOD	0.23210981062480382	0.4315222586904253
637758	WOOD	0.03804310730525425	0.1215903205530984
1549025	WOOD	0.2333581234727587	0.393648236989975
2733294	WOOD	0.0642388282077653	0.19202146998473577
5281167	WOOD	0.16141827191625321	0.3290108399731772
5281168	WOOD	0.25250883613313946	0.3925976072038923
5318599	WOOD	0.25592899109636036	0.4354361040251596
5352837	WOOD	0.16336516823087419	0.3404352366924286
5364231	WOOD	0.17460730033261435	0.3429504377501352
262	WOOD	0.15482200256415776	0.28958522421973093
323	WOOD	0.16366373002529144	0.30222928736891064
750	WOOD	0.2413208314350673	0.3944351077079773
753	WOOD	0.1736767441034317	0.30089188473565237
962	WOOD	0.12720568584544317	0.24918516193117415
5862	WOOD	0.23602865849222457	0.3737447134086064
5962	WOOD	0.22958582852567946	0.3820538605962481
6274	WOOD	0.3623904415539333	0.5220861775534493
6322	WOOD	0.3366083375045231	0.5104278113160815
6669	WOOD	0.16256308555603027	0.27766995557716917
7137	WOOD	0.14938668055193766	0.26857555551188333
15654	WOOD	0.27806222438812256	0.42205540197236197
62089	WOOD	0.3480637584413801	0.543888236795153
853433	WOOD	0.22126475402287074	0.3808735353606088
5371102	WOOD	0.23981913711343492	0.41781395248004366
10857465	WOOD	0.29792616622788565	0.5066702110426766
180	GRASS	0.1169047909123557	0.27232382127216886
264	GRASS	0.06032325753143856	0.17432379722595215
702	GRASS	0.09890273213386536	0.23778734249728067
1031	GRASS	0.09315016652856555	0.22759780713490077
3102	GRASS	0.10177576329026904	0.24921885132789612
3314	GRASS	0.058194316391433985	0.20969598633902414
6506	GRASS	0.08860363066196442	0.19696569868496486
6544	GRASS	0.2613720255238669	0.4673677810600826
6561	GRASS	0.10899485966988973	0.26677303654806955
7092	GRASS	0.08262194426996368	0.2134406077010291
7302	GRASS	0.07167312768953187	0.19419623272759573
7476	GRASS	0.11374981169189725	0.29801228642463684
7559	GRASS	0.06032124214938709	0.16353152585881098
7657	GRASS	0.16406604647636414	0.33995586207934786
7770	GRASS	0.02882829095636095	0.11217574455908366
7793	GRASS	0.12812317269189016	0.2702933933053698
7797	GRASS	0.17314967513084412	0.34057365145002094
8025	GRASS	0.09945910423994064	0.24260337012154715
8049	GRASS	0.06228803523949215	0.16396452486515045
8094	GRASS	0.0622432434133121	0.18295546088899886
8419	GRASS	0.08836110361984797	0.26104606475148884
8438	GRASS	0.0724196545779705	0.18911487076963698
8468	GRASS	0.07896749355963298	0.18116705332483565
8815	GRASS	0.10392263744558607	0.2913584794316973
8878	GRASS	0.10364277554409844	0.21933539424623763
9012	GRASS	0.13697824627161026	0.2848355940410069
10886	GRASS	0.10648947209119797	0.23891860459532058
11567	GRASS	0.11719927191734314	0.27800092313970837
12020	GRASS	0.09653863204377038	0.25741446231092724
12265	GRASS	0.1050563348191125	0.24418740613119944
12377	GRASS	0.10123618159975324	0.25138225087097715
16537	GRASS	0.2661338746547699	0.5064379572868347
17898	GRASS	0.10847433124269758	0.22641477414539882
18467	GRASS	0.0972591947231974	0.22479499663625443
21363	GRASS	0.0646035373210907	0.2091528603008815
27440	GRASS	0.14080324449709483	0.29824631341866087
31219	GRASS	0.042064735399825234	0.15132832846471242
31276	GRASS	0.04267106152006558	0.16831233884607041
31283	GRASS	0.0903881708426135	0.1974187365600041
60998	GRASS	0.10069390067032405	0.22196973860263824
61523	GRASS	0.27567547133990694	0.5012765058449337
62351	GRASS	0.12240632091249738	0.2703081944159099
62465	GRASS	0.05208435920732362	0.1967172622680664
251531	GRASS	0.15257014334201813	0.2959537548678262
440917	GRASS	0.1315265532050814	0.3503541648387909
637758	GRASS	0.08527474637542452	0.1927285407270704
1549025	GRASS	0.10222850846392768	0.2650966899735587
2733294	GRASS	0.24519472888537816	0.39345312118530273
5281167	GRASS	0.3042647753443037	0.48185737643923077
5281168	GRASS	0.14615983728851592	0.30420022777148653
5318599	GRASS	0.19635577712740218	0.37300380212920053
5352837	GRASS	0.24563745089939662	0.4350039575781141
5364231	GRASS	0.40918522647448946	0.5613004011767251
262	GRASS	0.08294729888439178	0.20870767746652877
323	GRASS	0.07503523092184748	0.1689818033150264
750	GRASS	0.06883724672453743	0.13884401002100535
753	GRASS	0.07421699166297913	0.18211825830595835
962	GRASS	0.05102657553340707	0.11570264824799129
5862	GRASS	0.09292372954743248	0.17933719498770578
5962	GRASS	0.09763348954064506	0.19241035836083548
6274	GRASS	0.09834475708859307	0.2055811243397849
6322	GRASS	0.08803108334541321	0.19900718757084437
6669	GRASS	0.08419838175177574	0.19442446529865265
7137	GRASS	0.07433934084006719	0.24221472016402654
15654	GRASS	0.11708638604198184	0.2656840980052948
62089	GRASS	0.04689422196575573	0.16165208177907125
853433	GRASS	0.049428323549883704	0.19674326053687505
5371102	GRASS	0.258671053818294	0.4908447563648224
10857465	GRASS	0.16211799532175064	0.3506412761551993
180	FLOWER	0.09330207003014428	0.2509543129376003
264	FLOWER	0.06053793057799339	0.21680473004068648
702	FLOWER	0.13061639879431045	0.3469783663749695
1031	FLOWER	0.1270646240030016	0.3423913632120405
3102	FLOWER	0.13462146052292415	0.37648193751062664
3314	FLOWER	0.11283062717744283	0.34320102844919476
6506	FLOWER	0.09985028207302094	0.31955781153270174
6544	FLOWER	0.38563904591969084	0.624433125768389
6561	FLOWER	0.07287591802222389	0.22268324664660863
7092	FLOWER	0.22805379118238175	0.48515169961111887
7302	FLOWER	0.08490941567080361	0.2621206045150757
7476	FLOWER	0.34215384296008516	0.6236739584377834
7559	FLOWER	0.3562262569155012	0.657036943095071
7657	FLOWER	0.1590707834277834	0.4044590038912637
7770	FLOWER	0.26674542469637735	0.5385405804429736
7793	FLOWER	0.3524602438722338	0.6085344638143267
7797	FLOWER	0.30176088213920593	0.5946347202573504
8025	FLOWER	0.12371985294989177	0.3469116858073643
8049	FLOWER	0.15010820967810495	0.37553272928510395
8094	FLOWER	0.06257298801626478	0.19397616812161037
8419	FLOWER	0.2615378626755306	0.5380743231092181
8438	FLOWER	0.26587683813912527	0.5477905699184963
8468	FLOWER	0.146135507949761	0.3793348968029022
8815	FLOWER	0.1217121992792402	0.3528420073645456
8878	FLOWER	0.30349950066634585	0.5656489900180272
9012	FLOWER	0.06046084740332195	0.1871590997491564
10886	FLOWER	0.22742813612733567	0.49184538636888775
11567	FLOWER	0.14433959020035608	0.3711625507899693
12020	FLOWER	0.0919973413859095	0.2830630625997271
12265	FLOWER	0.1071367295725005	0.2830827108451298
12377	FLOWER	0.044924426823854446	0.18977690700973784
16537	FLOWER	0.4430719954626901	0.7801727907998222
17898	FLOWER	0.027552802647863115	0.185271754860878
18467	FLOWER	0.0726662315428257	0.23329506175858633
21363	FLOWER	0.14447596509541785	0.2953366424356188
27440	FLOWER	0.043075092136859894	0.19555343900408065
31219	FLOWER	0.34011194109916687	0.6094866565295628
31276	FLOWER	0.21906680081571853	0.4729680376393454
31283	FLOWER	0.1329417239342417	0.2915850409439632
60998	FLOWER	0.3588982820510864	0.643223490033831
61523	FLOWER	0.36747441973005024	0.6779671481677464
62351	FLOWER	0.07679610539759908	0.22827990353107452
62465	FLOWER	0.024901511945894787	0.1912075345005308
251531	FLOWER	0.35838241449424196	0.6284622890608651
440917	FLOWER	0.17203780370099203	0.4112950435706547
637758	FLOWER	0.33518554057393757	0.6555868557521275
1549025	FLOWER	0.2888131695134299	0.5876461352620806
2733294	FLOWER	0.30205520561763216	0.5735393251691546
5281167	FLOWER	0.19786062836647034	0.41583676849092754
5281168	FLOWER	0.06815526740891593	0.20569893292018346
5318599	FLOWER	0.1444080216544015	0.32280214769499643
5352837	FLOWER	0.17645205770220077	0.40714982577732634
5364231	FLOWER	0.1688132413796016	0.3976564960820334
262	FLOWER	0.12700135899441584	0.33400192856788635
323	FLOWER	0.2649439977748053	0.5257776081562042
750	FLOWER	0.12558516966445105	0.3226450766835894
753	FLOWER	0.1334616786667279	0.3494671498026167
962	FLOWER	0.15839173538344248	0.38081808601106915
5862	FLOWER	0.0786369474870818	0.2158848217555455
5962	FLOWER	0.0797423922589847	0.26656496950558256
6274	FLOWER	0.11088234665138381	0.3261490379061018
6322	FLOWER	0.09133726145539965	0.28564426728657316
6669	FLOWER	0.4317651220730373	0.6798615029879979
7137	FLOWER	0.31750198347227915	0.6178051829338074
15654	FLOWER	0.0964554271527699	0.29384628364018034
62089	FLOWER	0.030180700655494417	0.14744801925761358
853433	FLOWER	0.18656852841377258	0.44154997382845196
5371102	FLOWER	0.3269652894565037	0.590776835169111
10857465	FLOWER	0.35786903330257963	0.5622552718435015
180	CHEMICAL	0.4498793695654188	0.7450686267444065
264	CHEMICAL	0.16757431200572423	0.49615015728133066
702	CHEMICAL	0.20762168722493307	0.4707611160618918
1031	CHEMICAL	0.2241568033184324	0.5013728482382638
3102	CHEMICAL	0.38377789514405386	0.6620714153562274
3314	CHEMICAL	0.2539717150585992	0.49712192586490084
6506	CHEMICAL	0.1985006822007043	0.46844013248171124
6544	CHEMICAL	0.4272678962775639	0.6750928844724383
6561	CHEMICAL	0.3504486765180315	0.6321444766862052
7092	CHEMICAL	0.2718860081263951	0.5557710868971688
7302	CHEMICAL	0.3360949158668518	0.6374837926455906
7476	CHEMICAL	0.25334104682718006	0.538041251046317
7559	CHEMICAL	0.40043196082115173	0.6884333491325378
7657	CHEMICAL	0.3563877173832485	0.6579641444342477
7770	CHEMICAL	0.28300403484276365	0.5921976736613682
7793	CHEMICAL	0.3680573957306998	0.6571254730224609
7797	CHEMICAL	0.2246146138225283	0.47113315548215595
8025	CHEMICAL	0.24519491621426173	0.5517435669898987
8049	CHEMICAL	0.28446266055107117	0.564582633120673
8094	CHEMICAL	0.353603116103581	0.6198483279773167
8419	CHEMICAL	0.20726242235728673	0.47127110191753935
8438	CHEMICAL	0.23455568083695003	0.5118170934064048
8468	CHEMICAL	0.26699567692620413	0.5711194361959185
8815	CHEMICAL	0.2140435917036874	0.4748846335070474
8878	CHEMICAL	0.2239469907113484	0.4785612182957785
9012	CHEMICAL	0.2803960421255657	0.5917550069945199
10886	CHEMICAL	0.2874069405453546	0.5661418948854718
11567	CHEMICAL	0.6543139048985073	0.8062090447970799
12020	CHEMICAL	0.4967036247253418	0.7391271335738046
12265	CHEMICAL	0.3710457299436842	0.6466690046446664
12377	CHEMICAL	0.2581070767981665	0.5845193948064532
16537	CHEMICAL	0.2690775309290205	0.509454220533371
17898	CHEMICAL	0.286369515316827	0.5732465897287641
18467	CHEMICAL	0.330071427992412	0.6070693135261536
21363	CHEMICAL	0.26099781904901775	0.5827656217983791
27440	CHEMICAL	0.3746594658919743	0.6776982631002154
31219	CHEMICAL	0.39791082058634075	0.6669801303318569
31276	CHEMICAL	0.49295359424182345	0.7640700766018459
31283	CHEMICAL	0.26378171145915985	0.5361110184873853
60998	CHEMICAL	0.2741496477808271	0.5507327914237976
61523	CHEMICAL	0.27688372348036083	0.5306124431746346
62351	CHEMICAL	0.21213891676494054	0.49188610911369324
62465	CHEMICAL	0.3392794302531651	0.6045398116111755
251531	CHEMICAL	0.27328916106905254	0.5626329524176461
440917	CHEMICAL	0.3909636437892914	0.7334649903433663
637758	CHEMICAL	0.24856008802141463	0.5736831511769976
1549025	CHEMICAL	0.20662565742220199	0.4635211101600102
2733294	CHEMICAL	0.25678433903626036	0.5362508765288762
5281167	CHEMICAL	0.344850412436894	0.6067961709839957
5281168	CHEMICAL	0.34076227460588726	0.6654241936547416
5318599	CHEMICAL	0.45904755166598726	0.6887535282543727
5352837	CHEMICAL	0.3362610084669931	0.5867552076067243
5364231	CHEMICAL	0.22495473495551518	0.5209357993943351
262	CHEMICAL	0.33506063904081074	0.6309284567832947
323	CHEMICAL	0.26555128182683674	0.5728220599038261
750	CHEMICAL	0.2310493482010705	0.5217426717281342
753	CHEMICAL	0.26357088344437735	0.5546703253473554
962	CHEMICAL	0.3380266683442252	0.6391036765916007
5862	CHEMICAL	0.21815591624804906	0.5214207938739231
5962	CHEMICAL	0.18565264344215393	0.5074143622602735
6274	CHEMICAL	0.3039628565311432	0.6140263591493879
6322	CHEMICAL	0.2729301942246301	0.5939088634082249
6669	CHEMICAL	0.20919053895132883	0.4659921143736158
7137	CHEMICAL	0.17969719001225062	0.48628499678203035
15654	CHEMICAL	0.19590312242507935	0.4624957697732108
62089	CHEMICAL	0.3917212017944881	0.6658129606928144
853433	CHEMICAL	0.22958923024790628	0.49863662464278086
5371102	CHEMICAL	0.30797212038721355	0.5786339385168893
10857465	CHEMICAL	0.409746025289808	0.7030918427876064
