oID	descriptor	value	sigma
196	INTENSITY/STRENGTH	0.31635177561214994	0.6182634660175869
326	INTENSITY/STRENGTH	0.636537892477853	0.795430770942143
650	INTENSITY/STRENGTH	0.38688615815980093	0.6477539794785636
957	INTENSITY/STRENGTH	0.4926613186086927	0.6951431972639901
7194	INTENSITY/STRENGTH	0.2731066367455891	0.6271431701523917
7341	INTENSITY/STRENGTH	0.3935804281915937	0.6658300501959664
7583	INTENSITY/STRENGTH	0.5085253034319196	0.6872542670794896
7916	INTENSITY/STRENGTH	0.22413852597985948	0.5240685599190849
7921	INTENSITY/STRENGTH	0.31781438844544546	0.5822608811514718
8030	INTENSITY/STRENGTH	0.43288287946156095	0.5702231270926339
8078	INTENSITY/STRENGTH	0.43610064472470966	0.5981832912990025
8180	INTENSITY/STRENGTH	0.39743407709257944	0.6706273981503078
8635	INTENSITY/STRENGTH	0.4997703560761043	0.6067729592323303
8712	INTENSITY/STRENGTH	0.3362737425736019	0.5303990798337119
8892	INTENSITY/STRENGTH	0.4842296157564436	0.6592396412576947
11428	INTENSITY/STRENGTH	0.43498681698526653	0.7136240601539612
11527	INTENSITY/STRENGTH	0.582177426133837	0.7193841508456639
11614	INTENSITY/STRENGTH	0.5272486976214817	0.8462441393307277
11617	INTENSITY/STRENGTH	0.3203189969062805	0.5830769453729902
13436	INTENSITY/STRENGTH	0.6952592049326215	0.655605503490993
16741	INTENSITY/STRENGTH	0.6982899393354144	0.7248943533216204
22386	INTENSITY/STRENGTH	0.40823679736682345	0.7095407332692828
27458	INTENSITY/STRENGTH	0.5328110158443451	0.6316651787076678
31266	INTENSITY/STRENGTH	0.5911730527877808	0.6683780295508248
32594	INTENSITY/STRENGTH	0.5459203507219043	0.6934916802815029
61027	INTENSITY/STRENGTH	0.251706668308803	0.5994690571512494
61185	INTENSITY/STRENGTH	0.29598591157368254	0.6485158630779811
61192	INTENSITY/STRENGTH	0.3554327317646572	0.5629666192190987
61325	INTENSITY/STRENGTH	0.6493848562240601	0.7531630226543972
62900	INTENSITY/STRENGTH	0.4668112780366625	0.6724369611058917
69963	INTENSITY/STRENGTH	0.6000213878495353	0.7986514057431903
93375	INTENSITY/STRENGTH	0.660629221371242	0.8158735377447945
101010	INTENSITY/STRENGTH	0.8231199639184135	0.7155032072748456
520108	INTENSITY/STRENGTH	0.4708176170076643	0.6009481208665031
637566	INTENSITY/STRENGTH	0.32262423847402844	0.6276762655803135
5363388	INTENSITY/STRENGTH	0.7279565419469561	0.752300637108939
241	INTENSITY/STRENGTH	0.26144365114825113	0.5365599053246635
5960	INTENSITY/STRENGTH	0.1975583348955427	0.5425300257546561
10890	INTENSITY/STRENGTH	0.5366335426058088	0.7020332728113446
31268	INTENSITY/STRENGTH	0.6650211811065674	0.5854239123208183
5368076	INTENSITY/STRENGTH	0.666458078793117	0.7234205177852085
196	VALENCE/PLEASANTNESS	0.31194715414728436	0.6008685060909816
326	VALENCE/PLEASANTNESS	0.6183386104447501	0.6997218813214984
650	VALENCE/PLEASANTNESS	0.47405544774872915	0.6378775238990784
957	VALENCE/PLEASANTNESS	0.5125140675476619	0.6994296482631138
7194	VALENCE/PLEASANTNESS	0.6316429036004203	0.6570659790720258
7341	VALENCE/PLEASANTNESS	0.33077568241528105	0.5774906958852496
7583	VALENCE/PLEASANTNESS	0.39680472016334534	0.663750341960362
7916	VALENCE/PLEASANTNESS	0.5188109023230416	0.5885752609797886
7921	VALENCE/PLEASANTNESS	0.5814262543405805	0.5909075651850019
8030	VALENCE/PLEASANTNESS	0.33301841786929537	0.6252294267926898
8078	VALENCE/PLEASANTNESS	0.3630965309483664	0.6163513745580401
8180	VALENCE/PLEASANTNESS	0.361138824905668	0.5780182225363595
8635	VALENCE/PLEASANTNESS	0.748395928314754	0.599331430026463
8712	VALENCE/PLEASANTNESS	0.32231677004269194	0.6270659225327628
8892	VALENCE/PLEASANTNESS	0.29192167094775606	0.4890990810734885
11428	VALENCE/PLEASANTNESS	0.4506576188973018	0.6588312557765416
11527	VALENCE/PLEASANTNESS	0.5542476006916591	0.6935992411204747
11614	VALENCE/PLEASANTNESS	0.4334247282573155	0.7103375366755894
11617	VALENCE/PLEASANTNESS	0.36645266839436125	0.6055089150156293
13436	VALENCE/PLEASANTNESS	0.2463683315685817	0.6288522822516305
16741	VALENCE/PLEASANTNESS	0.246871075459889	0.6109590615545001
22386	VALENCE/PLEASANTNESS	0.4980155612741198	0.6445701888629368
27458	VALENCE/PLEASANTNESS	0.3766307958534786	0.6881093808582851
31266	VALENCE/PLEASANTNESS	0.6701986449105399	0.6406393562044416
32594	VALENCE/PLEASANTNESS	0.42638324413980755	0.6605666450091771
61027	VALENCE/PLEASANTNESS	0.4821312980992453	0.5634089538029262
61185	VALENCE/PLEASANTNESS	0.630866927759988	0.5998654961585999
61192	VALENCE/PLEASANTNESS	0.434643064226423	0.6086168970380511
61325	VALENCE/PLEASANTNESS	0.47974227581705364	0.7166315742901394
62900	VALENCE/PLEASANTNESS	0.6251494288444519	0.6241360306739807
69963	VALENCE/PLEASANTNESS	0.4423463557447706	0.7329611948558262
93375	VALENCE/PLEASANTNESS	0.45752027205058504	0.6933227096285138
101010	VALENCE/PLEASANTNESS	0.47640458600861685	0.7132892438343593
520108	VALENCE/PLEASANTNESS	0.44435738239969524	0.6559443303516933
637566	VALENCE/PLEASANTNESS	0.6170473950249808	0.605758649962289
5363388	VALENCE/PLEASANTNESS	0.6415345243045262	0.762357771396637
241	VALENCE/PLEASANTNESS	0.4195547231606075	0.6075880357197353
5960	VALENCE/PLEASANTNESS	0.46623416457857403	0.6206866928509304
10890	VALENCE/PLEASANTNESS	0.6160196832248143	0.6898181779044015
31268	VALENCE/PLEASANTNESS	0.2014895879796573	0.5468875765800476
5368076	VALENCE/PLEASANTNESS	0.5485832606043134	0.6393650599888393
196	BAKERY	0.026878965752465383	0.17139276223523275
326	BAKERY	0.09463165381125041	0.32180500669138773
650	BAKERY	0.1715759156005723	0.5222550247396741
957	BAKERY	0.018005394775952612	0.08887420062507902
7194	BAKERY	0.06994949015123504	0.26772419043949675
7341	BAKERY	0.03236010191696031	0.1865798341376441
7583	BAKERY	0.03982922248542309	0.17300752443926676
7916	BAKERY	0.09274462770138468	0.32360632504735676
7921	BAKERY	0.17022273795945303	0.49169995529311045
8030	BAKERY	0.0814162130866732	0.35991484352520536
8078	BAKERY	0.03343427912997348	0.13724652997085027
8180	BAKERY	0.00964171502606145	0.07675482439143318
8635	BAKERY	0.12776954472064972	0.4026972906930106
8712	BAKERY	0.09017669090202876	0.34284023301942007
8892	BAKERY	0.01769394158119602	0.11755595356225967
11428	BAKERY	0.05708893282072885	0.21249083323138102
11527	BAKERY	0.04268482992691653	0.12311201861926488
11614	BAKERY	0.05966028730784144	0.23499050736427307
11617	BAKERY	0.05032114338661943	0.24829658227307455
13436	BAKERY	0.07702112144657544	0.32783333318574087
16741	BAKERY	0.05409201154751437	0.25242425927094053
22386	BAKERY	0.07101550857935633	0.2839517061199461
27458	BAKERY	0.16076881225619996	0.4963748412472861
31266	BAKERY	0.1626501977443695	0.47871789761951994
32594	BAKERY	0.05794199715767588	0.23462584827627456
61027	BAKERY	0.03804506042173931	0.15809189634663717
61185	BAKERY	0.056976464710065296	0.20556876489094325
61192	BAKERY	0.1240662517292159	0.4256412514618465
61325	BAKERY	0.28974352138383047	0.5761784613132477
62900	BAKERY	0.18893446241106307	0.5303264600890023
69963	BAKERY	0.038705238340688605	0.15897962025233678
93375	BAKERY	0.03792086775813784	0.14694205565111979
101010	BAKERY	0.04591737135446498	0.21962525376251765
520108	BAKERY	0.17357247642108373	0.5221747841153827
637566	BAKERY	0.08155813813209534	0.2777142418282373
5363388	BAKERY	0.0721479095518589	0.25368301783289227
241	BAKERY	0.035997088200279644	0.1804697002683367
5960	BAKERY	0.09536763493503843	0.3330988585948944
10890	BAKERY	0.1186454604778971	0.36640832679612295
31268	BAKERY	0.041580315945403915	0.17380117092813765
5368076	BAKERY	0.07221071209226336	0.2527172416448593
196	SWEET	0.0711262614599296	0.36776003667286467
326	SWEET	0.31311135632651194	0.6684201444898333
650	SWEET	0.17738725457872664	0.5671050293104989
957	SWEET	0.21392365012850081	0.5937691756657192
7194	SWEET	0.28727335163525175	0.701172547680991
7341	SWEET	0.09050264741693224	0.40752123083387104
7583	SWEET	0.11388857662677765	0.4366957758154188
7916	SWEET	0.18198589980602264	0.5442201324871608
7921	SWEET	0.26328355073928833	0.6384076646396092
8030	SWEET	0.04465813934803009	0.29016320620264324
8078	SWEET	0.07821216806769371	0.3068292417696544
8180	SWEET	0.03781456447073391	0.21983357199600764
8635	SWEET	0.4834267922810146	0.874261634690421
8712	SWEET	0.057394180446863174	0.28075250557490755
8892	SWEET	0.0857633123440402	0.32689958597932545
11428	SWEET	0.1398839737687792	0.5237733721733093
11527	SWEET	0.22657798017774308	0.6365225144795009
11614	SWEET	0.2123801644359316	0.6230819736208234
11617	SWEET	0.07081550146852221	0.2839737130062921
13436	SWEET	0.019036388290779933	0.19704445557934896
16741	SWEET	0.02109043991991452	0.21000165172985621
22386	SWEET	0.20951021143368312	0.5817146003246307
27458	SWEET	0.09988608743463244	0.4831189087459019
31266	SWEET	0.5597218147345951	0.8719474417822701
32594	SWEET	0.1346044817141124	0.46824211307934355
61027	SWEET	0.1626941476549421	0.44299774510519846
61185	SWEET	0.32093854887144907	0.6700401135853359
61192	SWEET	0.11725096936736788	0.4506320357322693
61325	SWEET	0.27197479350226267	0.6506797671318054
62900	SWEET	0.33897427150181364	0.725139856338501
69963	SWEET	0.14533555188349315	0.4857693314552307
93375	SWEET	0.16019429905073984	0.4783775082656315
101010	SWEET	0.24860468932560512	0.5454970683370318
520108	SWEET	0.14654379870210374	0.5065807615007673
637566	SWEET	0.3017984926700592	0.6577671936580113
5363388	SWEET	0.34055131673812866	0.7679741723196847
241	SWEET	0.07882158245359148	0.3353453938450132
5960	SWEET	0.1324638192142759	0.461262651852199
10890	SWEET	0.4649322245802198	0.8233604346002851
31268	SWEET	0.024073365543569838	0.2133417363677706
5368076	SWEET	0.2807644435337612	0.626987874507904
196	FRUIT	0.031846215682370324	0.22679170753274644
326	FRUIT	0.1831249168940953	0.43381508333342417
650	FRUIT	0.04545955466372626	0.21016086637973785
957	FRUIT	0.12867483070918492	0.43048296655927387
7194	FRUIT	0.10801605773823601	0.3781031540461949
7341	FRUIT	0.06362259707280568	0.2657195201941899
7583	FRUIT	0.07433141874415534	0.2851417767150061
7916	FRUIT	0.09209785876529557	0.27728847733565737
7921	FRUIT	0.10982416889497212	0.31815052032470703
8030	FRUIT	0.011985560346926962	0.12900249447141374
8078	FRUIT	0.0521529210465295	0.21538045363766806
8180	FRUIT	0.014974988464798247	0.16090533775942667
8635	FRUIT	0.3468149985585894	0.6183153646332877
8712	FRUIT	-0.003160773909517697	0.09942086998905454
8892	FRUIT	0.09743963714156832	0.3146283669131143
11428	FRUIT	0.06098312618477004	0.27414836628096445
11527	FRUIT	0.1570096037217549	0.4828776334013258
11614	FRUIT	0.11984886761222567	0.39694538712501526
11617	FRUIT	0.04843047367674964	0.17929416043417795
13436	FRUIT	0.010832129578505243	0.09747374696390969
16741	FRUIT	0.01464161223598889	0.08239542480025973
22386	FRUIT	0.12936326329197204	0.3394162654876709
27458	FRUIT	0.027785641540374075	0.12121112431798663
31266	FRUIT	0.5168054359299796	0.7317558441843305
32594	FRUIT	0.09231514164379664	0.317172965833119
61027	FRUIT	0.14101725390979222	0.3424444964953831
61185	FRUIT	0.310264664036887	0.5777678489685059
61192	FRUIT	0.04103197157382965	0.1564412691763469
61325	FRUIT	0.05785416652049337	0.3055157682725361
62900	FRUIT	0.15366057519401824	0.36796392287526813
69963	FRUIT	0.14141595789364406	0.3495984971523285
93375	FRUIT	0.1571600160428456	0.3881560138293675
101010	FRUIT	0.29118439980915617	0.5485242520059858
520108	FRUIT	0.03752961941063404	0.15262520632573537
637566	FRUIT	0.20015871311937058	0.45134375776563374
5363388	FRUIT	0.41024052245276316	0.7342074768883842
241	FRUIT	0.04223369248211384	0.16935009615761892
5960	FRUIT	0.04057756704943521	0.18483478469508036
10890	FRUIT	0.43043528284345356	0.6839507222175598
31268	FRUIT	0.0066774894616433555	0.16196578741073608
5368076	FRUIT	0.3499775784356253	0.6068545750209263
196	FISH	0.17772439547947474	0.33828780480793547
326	FISH	0.05763709917664528	0.10249520093202591
650	FISH	0.10798916114228112	0.24477970813001906
957	FISH	0.03253181358533246	0.07522570182170187
7194	FISH	0.047809461530830176	0.10426352385963712
7341	FISH	0.13916272137846267	0.2977796473673412
7583	FISH	0.10680375461067472	0.24900378712585994
7916	FISH	0.08919897941606385	0.20240432236875808
7921	FISH	0.056194481040750234	0.1515861111027854
8030	FISH	0.35288722600255695	0.5776740738323757
8078	FISH	0.17141995898314885	0.27930258214473724
8180	FISH	0.06519875781876701	0.18168298474379949
8635	FISH	0.03336127900651523	0.09398717646087919
8712	FISH	0.3077977853161948	0.5672568678855896
8892	FISH	0.1493885155235018	0.3194110223225185
11428	FISH	0.0542476549744606	0.1419231497815677
11527	FISH	0.06487475921000753	0.10132327143635068
11614	FISH	0.10164940357208252	0.22700619058949606
11617	FISH	0.23042917038713182	0.4453401948724474
13436	FISH	0.49016401171684265	0.7453947578157697
16741	FISH	0.3522829455988748	0.6152056625911168
22386	FISH	0.09135682668004717	0.19994535403592245
27458	FISH	0.10968029286180224	0.2733807478632246
31266	FISH	0.04743172973394394	0.14244865093912398
32594	FISH	0.08635172035012927	0.17566365216459548
61027	FISH	0.05621633678674698	0.1634524634906224
61185	FISH	0.04347283659236772	0.1350540667772293
61192	FISH	0.1563820562192372	0.33257358840533663
61325	FISH	0.1346512341073581	0.2848985940217972
62900	FISH	0.0641918278166226	0.12779064157179423
69963	FISH	0.11508943672691073	0.2378970299448286
93375	FISH	0.13890094416482107	0.26664402868066517
101010	FISH	0.30295238324574064	0.43053936532565523
520108	FISH	0.13686741994959967	0.28304234572819303
637566	FISH	0.05660529727382319	0.11410182501588549
5363388	FISH	0.08021507731505803	0.18569262325763702
241	FISH	0.11791153358561653	0.2373151992048536
5960	FISH	0.09073185814278466	0.2069299199751445
10890	FISH	0.0651168158011777	0.15722143011433737
31268	FISH	0.39754109723227365	0.5935336010796683
5368076	FISH	0.08384532481431961	0.1851217725447246
196	GARLIC	0.13815914307321822	0.37114083766937256
326	GARLIC	0.06796009040304593	0.16628724123750413
650	GARLIC	0.1275884828397206	0.33193730882235933
957	GARLIC	0.025777251326612065	0.1140514292887279
7194	GARLIC	0.05385274440050125	0.18215998155730112
7341	GARLIC	0.12076156373534884	0.34029931255749296
7583	GARLIC	0.07041408068367414	0.2449379244021007
7916	GARLIC	0.12263361896787371	0.3158796046461378
7921	GARLIC	0.08125205763748714	0.24535474606922694
8030	GARLIC	0.4061532829489027	0.6357726454734802
8078	GARLIC	0.09453790209123067	0.2653279091630663
8180	GARLIC	0.04594548578773226	0.2329860350915364
8635	GARLIC	0.048545576099838526	0.11685685068368912
8712	GARLIC	0.2836944844041552	0.5610327422618866
8892	GARLIC	0.1166677006653377	0.3290377344403948
11428	GARLIC	0.04313928367836135	0.19927360330309188
11527	GARLIC	0.06881247726934296	0.16259964449065073
11614	GARLIC	0.08390468784740993	0.2865697017737797
11617	GARLIC	0.27151165689740864	0.5082550091402871
13436	GARLIC	0.5021838758672986	0.7278491854667664
16741	GARLIC	0.28438474450792584	0.5234913740839277
22386	GARLIC	0.1027682295867375	0.2631061928612845
27458	GARLIC	0.091178939810821	0.3064104574067252
31266	GARLIC	0.05219094721334321	0.1642218359879085
32594	GARLIC	0.05883937808019774	0.21496085822582245
61027	GARLIC	0.07755554148129054	0.2326789583478655
61185	GARLIC	0.06045380261327539	0.17407908397061483
61192	GARLIC	0.17744942435196467	0.39281549624034334
61325	GARLIC	0.10420033548559461	0.33436580640929087
62900	GARLIC	0.08956547613654818	0.21671955500330245
69963	GARLIC	0.09478505700826645	0.2758547770125525
93375	GARLIC	0.10912598137344633	0.28052276372909546
101010	GARLIC	0.3134825314794268	0.4525946378707886
520108	GARLIC	0.15088998419897898	0.3386233406407492
637566	GARLIC	0.05775675230792591	0.17943716262068068
5363388	GARLIC	0.064490015485457	0.16264754959515162
241	GARLIC	0.09415060601064137	0.27669241598674227
5960	GARLIC	0.10723240460668292	0.31572251660483225
10890	GARLIC	0.06658366588609559	0.20050024560519628
31268	GARLIC	0.16215404655252183	0.4306953251361847
5368076	GARLIC	0.06799415073224477	0.18690762775284903
196	SPICES	0.1455808984381812	0.33983972668647766
326	SPICES	0.38911138687814983	0.6158838101795742
650	SPICES	0.21763256192207336	0.44488994990076336
957	SPICES	0.1140459445970399	0.2912127205303737
7194	SPICES	0.1787207829100745	0.37813971298081533
7341	SPICES	0.15794777231557028	0.3589274414948055
7583	SPICES	0.16074946096965245	0.3555083913462503
7916	SPICES	0.20521684629576548	0.41165127073015484
7921	SPICES	0.26193507867200033	0.48214163524763926
8030	SPICES	0.32637089490890503	0.5603192448616028
8078	SPICES	0.1607750015599387	0.3654223510197231
8180	SPICES	0.16939425894192287	0.3908203627382006
8635	SPICES	0.17571804566042765	0.4214394305433546
8712	SPICES	0.2805748177426202	0.5127991097314017
8892	SPICES	0.13636156065123423	0.3307488432952336
11428	SPICES	0.14008519692080362	0.3526087616171156
11527	SPICES	0.17785632184573583	0.3579782545566559
11614	SPICES	0.16011800084795272	0.34085980483463835
11617	SPICES	0.2498636054141181	0.4856640228203365
13436	SPICES	0.37076366799218313	0.5793064492089408
16741	SPICES	0.3043097811085837	0.5308026671409607
22386	SPICES	0.17683736979961395	0.38275530082838877
27458	SPICES	0.18801261484622955	0.3905480589185442
31266	SPICES	0.19400476344994136	0.472690829208919
32594	SPICES	0.20645812792437418	0.4166007127080645
61027	SPICES	0.1457728073000908	0.3517430084092276
61185	SPICES	0.14824475135122026	0.36503493785858154
61192	SPICES	0.24045549758843013	0.4756115589823042
61325	SPICES	0.18307797185012273	0.4170635725770678
62900	SPICES	0.22731140043054307	0.4763211054461343
69963	SPICES	0.20458427923066275	0.395871958562306
93375	SPICES	0.28586915135383606	0.4852521462099893
101010	SPICES	0.21386995911598206	0.40642349209104267
520108	SPICES	0.24126704462936946	0.4830125314848764
637566	SPICES	0.2163287933383669	0.39464806233133587
5363388	SPICES	0.20313682087830134	0.3967112260205405
241	SPICES	0.19279938297612326	0.3953458496502468
5960	SPICES	0.18664654237883432	0.3944920812334333
10890	SPICES	0.17357178032398224	0.3947711374078478
31268	SPICES	0.15219550154038838	0.3110267732824598
5368076	SPICES	0.190929685320173	0.3958085647651127
196	COLD	0.17052336037158966	0.31370149765695843
326	COLD	0.4234728217124939	0.6283969708851406
650	COLD	0.1718218752316066	0.33811485341617037
957	COLD	0.3687443903514317	0.5788799694606236
7194	COLD	0.2909955893244062	0.4642027573926108
7341	COLD	0.1747648992708751	0.35468091709273203
7583	COLD	0.31412990604128155	0.4994969240256718
7916	COLD	0.22351990001542227	0.38667487246649607
7921	COLD	0.2439961837870734	0.43034278069223675
8030	COLD	0.1623717344232968	0.3074623942375183
8078	COLD	0.37723587240491596	0.5398934483528137
8180	COLD	0.3030672924859183	0.5361705209527697
8635	COLD	0.33633396455219816	0.5599785702569144
8712	COLD	0.15872531916413987	0.30159119623047964
8892	COLD	0.14946533952440536	0.3257571501391275
11428	COLD	0.3121681000505175	0.5256905342851367
11527	COLD	0.4086234101227352	0.6194042563438416
11614	COLD	0.1997915314776557	0.409776325736727
11617	COLD	0.22768273311001913	0.39986296210970196
13436	COLD	0.14165386876889638	0.2797094072614397
16741	COLD	0.16441650688648224	0.30622126374925884
22386	COLD	0.275385571377618	0.47294722284589497
27458	COLD	0.18045577194009507	0.3885010523455484
31266	COLD	0.19951961934566498	0.41147408315113615
32594	COLD	0.2981238748346056	0.5312578422682626
61027	COLD	0.216136457664626	0.4036787748336792
61185	COLD	0.26678638798849924	0.46492903998919893
61192	COLD	0.18060231421675002	0.3465448405061449
61325	COLD	0.15424145864588873	0.3224233772073473
62900	COLD	0.25625473048005787	0.45563519852502005
69963	COLD	0.27650719029562815	0.45129875200135366
93375	COLD	0.3637675940990448	0.5577265875680106
101010	COLD	0.271795745406832	0.47113686374255587
520108	COLD	0.1867343783378601	0.37365592803273884
637566	COLD	0.32784331696374075	0.5234029803957257
5363388	COLD	0.31351792386599947	0.5013072192668915
241	COLD	0.3188894348485129	0.49048215576580595
5960	COLD	0.221278971859387	0.38270153743880136
10890	COLD	0.23194105923175812	0.4556433345590319
31268	COLD	0.2180157048361642	0.349593528679439
5368076	COLD	0.25508108947958263	0.4651207412992205
196	SOUR	0.6186021821839469	0.8248612029211861
326	SOUR	0.15516621513026102	0.3636201662676675
650	SOUR	0.2696673699787685	0.5051861788545337
957	SOUR	0.16002387021269118	0.37327755774770466
7194	SOUR	0.15960649188075746	0.37717836243765696
7341	SOUR	0.5545077323913574	0.7369676062038967
7583	SOUR	0.2567131072282791	0.500854377235685
7916	SOUR	0.26681727383817944	0.4865399258477347
7921	SOUR	0.15703704953193665	0.3705879407269614
8030	SOUR	0.3694856209414346	0.6362341727529254
8078	SOUR	0.2839472677026476	0.5364507351602826
8180	SOUR	0.31895982367651804	0.556432477065495
8635	SOUR	0.12064584238188607	0.3173877256257193
8712	SOUR	0.33899231467928204	0.6161881259509495
8892	SOUR	0.6453094397272382	0.7893116559301104
11428	SOUR	0.22250043068613326	0.46310247267995563
11527	SOUR	0.15728111352239335	0.39357511912073406
11614	SOUR	0.3765278841767992	0.6081323453358242
11617	SOUR	0.38019933445113047	0.6299583230699811
13436	SOUR	0.4753155027117048	0.7540144324302673
16741	SOUR	0.45051261356898714	0.7078928436551776
22386	SOUR	0.22149326545851572	0.467439387525831
27458	SOUR	0.285613728421075	0.5546969601086208
31266	SOUR	0.24784623299326217	0.4629393901143755
32594	SOUR	0.26604126180921284	0.4831575793879373
61027	SOUR	0.2648612218243735	0.46677227531160626
61185	SOUR	0.21227367435182845	0.40345010587147306
61192	SOUR	0.23182991572788783	0.4765044791357858
61325	SOUR	0.34263562304633005	0.5966889177049909
62900	SOUR	0.12634633162191936	0.3293835435594831
69963	SOUR	0.3604028480393546	0.586289141859327
93375	SOUR	0.33184902582849773	0.5641572219984872
101010	SOUR	0.3789539209433964	0.6674280081476484
520108	SOUR	0.2232344618865422	0.470371242080416
637566	SOUR	0.19014679959842137	0.388678959437779
5363388	SOUR	0.22396789065429143	0.4863952270575932
241	SOUR	0.274772116116115	0.5280756950378418
5960	SOUR	0.34123782174927847	0.5732066801616124
10890	SOUR	0.2873463162354061	0.5165629131453378
31268	SOUR	0.4390612542629242	0.6885248933519635
5368076	SOUR	0.27485994356019156	0.48042891706739155
196	BURNT	0.14084987129483903	0.4341807450566973
326	BURNT	0.08403784888131278	0.35173846994127544
650	BURNT	0.27908903998988016	0.569030054977962
957	BURNT	0.10538957374436515	0.33270149145807537
7194	BURNT	0.05808413454464504	0.25279998992170605
7341	BURNT	0.11046997138432094	0.401067887033735
7583	BURNT	0.15154263802937099	0.445833078452519
7916	BURNT	0.09271256199904851	0.34013264945575167
7921	BURNT	0.1444079311830657	0.4066452213696071
8030	BURNT	0.25822075988565174	0.5830507108143398
8078	BURNT	0.13986970058509282	0.41843034965651377
8180	BURNT	0.19616034201213292	0.5649507301194328
8635	BURNT	0.05092613585293293	0.21047477424144745
8712	BURNT	0.30944612835134777	0.6727996468544006
8892	BURNT	0.12642988243273326	0.42433860898017883
11428	BURNT	0.12927704410893576	0.4191993262086596
11527	BURNT	0.08848662567990166	0.306883841753006
11614	BURNT	0.1151671473469053	0.39398289152554106
11617	BURNT	0.173523343035153	0.48088553973606657
13436	BURNT	0.323410906961986	0.6823840652193341
16741	BURNT	0.2950746885367802	0.6815001709120614
22386	BURNT	0.1013469642826489	0.35200195227350506
27458	BURNT	0.28484969053949627	0.6478858079229083
31266	BURNT	0.0698772839137486	0.2887806126049587
32594	BURNT	0.16199143656662532	0.46788535373551504
61027	BURNT	0.14343508226530893	0.41047799587249756
61185	BURNT	0.10415259961571012	0.2992969879082271
61192	BURNT	0.2510102667978832	0.5674265367644173
61325	BURNT	0.2886425916637693	0.5734669055257525
62900	BURNT	0.18902804383209773	0.4364716112613678
69963	BURNT	0.10478189694029945	0.3749791852065495
93375	BURNT	0.12121218336480004	0.38814032077789307
101010	BURNT	0.12137846968003682	0.3236416365419115
520108	BURNT	0.2715671296630587	0.5954112921442304
637566	BURNT	0.07950735411473683	0.31734396304403034
5363388	BURNT	0.08424889402730125	0.26723602201257435
241	BURNT	0.13906095496245793	0.4246218076774052
5960	BURNT	0.1822599321603775	0.4690051461969103
10890	BURNT	0.06724073578204427	0.27369131999356405
31268	BURNT	0.24777054148060934	0.6283588494573321
5368076	BURNT	0.1386351532169751	0.36433790411267963
196	ACID	0.2989316242081778	0.4872828892299107
326	ACID	0.23355852706091745	0.47977673155920847
650	ACID	0.2090706080198288	0.4144158150468554
957	ACID	0.37311347467558725	0.6316742471286229
7194	ACID	0.13963408235992705	0.36132533635411945
7341	ACID	0.2521788775920868	0.4395860348428999
7583	ACID	0.4714236685207912	0.6795460156032017
7916	ACID	0.17883869579860143	0.34076227034841267
7921	ACID	0.17049803052629744	0.3587376432759421
8030	ACID	0.20200413252626145	0.4217547518866403
8078	ACID	0.46863649572644916	0.6728698526109967
8180	ACID	0.49622972096715656	0.7108838643346514
8635	ACID	0.1898137011698314	0.41462853976658415
8712	ACID	0.2542645590645926	0.4845777153968811
8892	ACID	0.26421759384019033	0.46520450711250305
11428	ACID	0.472405344247818	0.7017784799848285
11527	ACID	0.38007255111421856	0.6403836267335075
11614	ACID	0.35849910974502563	0.6021337679454258
11617	ACID	0.27583570991243633	0.4889949858188629
13436	ACID	0.24074739856379374	0.5121224522590637
16741	ACID	0.3562928353037153	0.6041667887142727
22386	ACID	0.30670636892318726	0.5319535306521824
27458	ACID	0.24734810633318766	0.48690292664936613
31266	ACID	0.15399856226784842	0.3834351088319506
32594	ACID	0.4010556638240814	0.6422252825328282
61027	ACID	0.22957120622907365	0.41941494601113455
61185	ACID	0.1755677184888295	0.37924982394490925
61192	ACID	0.19002370749201095	0.38860267400741577
61325	ACID	0.21346540536199296	0.4317369375910078
62900	ACID	0.16607319031442916	0.38232799087251934
69963	ACID	0.2955844615186964	0.552391916513443
93375	ACID	0.3306874632835388	0.596916811806815
101010	ACID	0.2296180363212313	0.4831436106136867
520108	ACID	0.2061219321829932	0.42116825921194895
637566	ACID	0.22073714009353093	0.43859932678086416
5363388	ACID	0.16100592272622244	0.3733636055673872
241	ACID	0.3704248624188559	0.5778704711369106
5960	ACID	0.2538370192050934	0.45437027301107136
10890	ACID	0.18870801159313746	0.42747618896620615
31268	ACID	0.38218697479793	0.6291980573109218
5368076	ACID	0.18064244730131968	0.36928155592509676
196	WARM	0.34079948493412565	0.554356472832816
326	WARM	0.3028045381818499	0.519926939691816
650	WARM	0.44706773332187105	0.6197214807782855
957	WARM	0.2718089520931244	0.43813805494989666
7194	WARM	0.32360517978668213	0.5010637768677303
7341	WARM	0.3195955157279968	0.5097885387284415
7583	WARM	0.2862037207399096	0.5002196771757943
7916	WARM	0.2745501526764461	0.4507974556514195
7921	WARM	0.36459015948431833	0.5265675953456334
8030	WARM	0.35331474031720844	0.5872617959976196
8078	WARM	0.2851535252162388	0.48292827180453707
8180	WARM	0.34594808306012836	0.560546372617994
8635	WARM	0.38128407512392315	0.5819158809525626
8712	WARM	0.3990854450634548	0.6329502037593296
8892	WARM	0.33576502544539316	0.5338099684034076
11428	WARM	0.24929645018918173	0.46406502383095877
11527	WARM	0.24607844012124197	0.45670710291181293
11614	WARM	0.30501580238342285	0.5214256303650993
11617	WARM	0.28913506865501404	0.507534955229078
13436	WARM	0.41850422961371286	0.6678793856075832
16741	WARM	0.4169138882841383	0.6603863920484271
22386	WARM	0.2710778457777841	0.4716817225728716
27458	WARM	0.4092397391796112	0.63296149458204
31266	WARM	0.40396216085978914	0.6357791338648114
32594	WARM	0.27535766788891386	0.49728755014283316
61027	WARM	0.29673139112336294	0.48509469628334045
61185	WARM	0.29189954910959515	0.4829090322766985
61192	WARM	0.3557433656283787	0.5658517054149083
61325	WARM	0.5666711330413818	0.6963805471147809
62900	WARM	0.4452496979917799	0.6381590706961495
69963	WARM	0.33935497062546865	0.5698370933532715
93375	WARM	0.30857856784548077	0.5266285410949162
101010	WARM	0.2973284253052303	0.5598144360951015
520108	WARM	0.4167834392615727	0.6208774702889579
637566	WARM	0.2708535705293928	0.4562056447778429
5363388	WARM	0.30553214464868816	0.5087111379419055
241	WARM	0.26667024195194244	0.46545405047280447
5960	WARM	0.34456358211381094	0.5449017030852181
10890	WARM	0.323040851524898	0.5516933969088963
31268	WARM	0.3050480272088732	0.551869409424918
5368076	WARM	0.37164096747125897	0.5768352236066546
196	MUSKY	0.5522295492036002	0.7514538594654628
326	MUSKY	0.14182346101318086	0.32817325421742033
650	MUSKY	0.27032514342239927	0.5368675674710955
957	MUSKY	0.16459626598017557	0.38292386276381357
7194	MUSKY	0.1737544004406248	0.3804859220981598
7341	MUSKY	0.5128606728145054	0.7109050239835467
7583	MUSKY	0.22932237812450953	0.4812318171773638
7916	MUSKY	0.2254904806613922	0.3991685594831194
7921	MUSKY	0.1466193518468312	0.3550474899155753
8030	MUSKY	0.3354731372424534	0.6020698717662266
8078	MUSKY	0.25300932994910647	0.4945612975529262
8180	MUSKY	0.3653385639190674	0.6167085596493312
8635	MUSKY	0.09812281387192863	0.27933513266699656
8712	MUSKY	0.35778399450438364	0.6399112088339669
8892	MUSKY	0.6033994385174343	0.7820920177868435
11428	MUSKY	0.18203904160431453	0.40871145895549227
11527	MUSKY	0.11302206345966884	0.31645635621888296
11614	MUSKY	0.289372701730047	0.5136578679084778
11617	MUSKY	0.30382473128182547	0.5694151520729065
13436	MUSKY	0.39205205866268705	0.6814354828425816
16741	MUSKY	0.4174144310610635	0.6831295575414386
22386	MUSKY	0.1636269422514098	0.3780032140868051
27458	MUSKY	0.4258848854473659	0.7058955601283482
31266	MUSKY	0.1599827887756484	0.3285726521696363
32594	MUSKY	0.2690688648394176	0.5077292578560966
61027	MUSKY	0.2743859589099884	0.49863530908312115
61185	MUSKY	0.19514418286936625	0.3934711643627712
61192	MUSKY	0.258598444717271	0.5239620293889727
61325	MUSKY	0.3286304218428476	0.5594289643423898
62900	MUSKY	0.14880467525550298	0.39476096630096436
69963	MUSKY	0.30043805709906984	0.5218592073236193
93375	MUSKY	0.24365850218704768	0.46296416010175434
101010	MUSKY	0.17272030668599264	0.4292509342942919
520108	MUSKY	0.27454973331519533	0.5367079675197601
637566	MUSKY	0.1130550993340356	0.28779803429331097
5363388	MUSKY	0.09466590945209775	0.28522945088999613
241	MUSKY	0.23260916769504547	0.483070433139801
5960	MUSKY	0.29851347633770536	0.5158067686217171
10890	MUSKY	0.17208644641297205	0.35896818552698406
31268	MUSKY	0.4879803614956992	0.7531128610883441
5368076	MUSKY	0.1999449793781553	0.41020614334515165
196	SWEATY	0.43406874792916433	0.6758507064410618
326	SWEATY	0.05630082743508475	0.19548040415559495
650	SWEATY	0.15183319044964655	0.3464858553239277
957	SWEATY	0.09567282561744962	0.2404264211654663
7194	SWEATY	0.07542381435632706	0.21553187285150802
7341	SWEATY	0.3809028608458383	0.5833908319473267
7583	SWEATY	0.10637426163469042	0.2995827602488654
7916	SWEATY	0.12239546328783035	0.275171514068331
7921	SWEATY	0.04779053532651493	0.16166002941983088
8030	SWEATY	0.1872076200587409	0.44095136863844736
8078	SWEATY	0.14126779458352498	0.3349801983152117
8180	SWEATY	0.19429577461310796	0.45750676308359417
8635	SWEATY	0.005294708268983024	0.07047905347176961
8712	SWEATY	0.20500026856149947	0.45960657937186106
8892	SWEATY	0.44780388474464417	0.6266634804861886
11428	SWEATY	0.07450638126049723	0.23694308315004622
11527	SWEATY	0.07513453013130597	0.19237810586180007
11614	SWEATY	0.19620761701038905	0.4085310825279781
11617	SWEATY	0.18303295544215611	0.41088057841573444
13436	SWEATY	0.24943827944142477	0.5310929375035423
16741	SWEATY	0.2567430479185922	0.5063661634922028
22386	SWEATY	0.08173888017024313	0.2541956582239696
27458	SWEATY	0.23622661190373556	0.5076862445899418
31266	SWEATY	0.0824138272021498	0.16702396529061453
32594	SWEATY	0.10622812168938774	0.2864974353994642
61027	SWEATY	0.144586443901062	0.3325520711285727
61185	SWEATY	0.0811896760548864	0.22845873875277384
61192	SWEATY	0.11975069663354329	0.3329370085682188
61325	SWEATY	0.21783740605626786	0.450479303087507
62900	SWEATY	0.03266862194452967	0.1678729983312743
69963	SWEATY	0.2189983001777104	0.4363305526120322
93375	SWEATY	0.17373883298465184	0.3541438366685595
101010	SWEATY	0.15365676901170186	0.36709980028016226
520108	SWEATY	0.13299438250916346	0.351976603269577
637566	SWEATY	0.05466560487236295	0.14873733584369933
5363388	SWEATY	0.06948580379996981	0.24229708526815688
241	SWEATY	0.12395905383995601	0.3164555174963815
5960	SWEATY	0.21996835512774332	0.4090900293418339
10890	SWEATY	0.10796355668987546	0.23881729585783823
31268	SWEATY	0.31571335026196073	0.5524842739105225
5368076	SWEATY	0.11262264315571104	0.27827624125140055
196	AMMONIA/URINOUS	0.3835430698735373	0.5448149485247475
326	AMMONIA/URINOUS	0.21312679563249862	0.38168999552726746
650	AMMONIA/URINOUS	0.22245951635496958	0.386735486132758
957	AMMONIA/URINOUS	0.421855811561857	0.583701878786087
7194	AMMONIA/URINOUS	0.1958919997726168	0.34456485509872437
7341	AMMONIA/URINOUS	0.34234021816934856	0.48379990458488464
7583	AMMONIA/URINOUS	0.4926862972123282	0.6398705840110779
7916	AMMONIA/URINOUS	0.1735300953899111	0.32919096095221384
7921	AMMONIA/URINOUS	0.13269500540835516	0.2649780682155064
8030	AMMONIA/URINOUS	0.2921903729438782	0.45902875491550993
8078	AMMONIA/URINOUS	0.5822048698152814	0.685190064566476
8180	AMMONIA/URINOUS	0.4321855093751635	0.5877562931605748
8635	AMMONIA/URINOUS	0.12351323983498982	0.23034314811229706
8712	AMMONIA/URINOUS	0.4019199439457485	0.5575442612171173
8892	AMMONIA/URINOUS	0.348074129649571	0.4623742869922093
11428	AMMONIA/URINOUS	0.40916815400123596	0.5773944343839373
11527	AMMONIA/URINOUS	0.35616864476885113	0.5223917237349919
11614	AMMONIA/URINOUS	0.4189173834664481	0.5929970996720451
11617	AMMONIA/URINOUS	0.27885296089308603	0.4577166097504752
13436	AMMONIA/URINOUS	0.40905613558632986	0.603030400616782
16741	AMMONIA/URINOUS	0.4766794059957777	0.6534477131707328
22386	AMMONIA/URINOUS	0.2612340599298477	0.4316080851214273
27458	AMMONIA/URINOUS	0.38309805733816965	0.5344001523086003
31266	AMMONIA/URINOUS	0.13751024965729033	0.24220644789082663
32594	AMMONIA/URINOUS	0.3236244150570461	0.4665367603302002
61027	AMMONIA/URINOUS	0.2195014080830983	0.3405821110521044
61185	AMMONIA/URINOUS	0.1626520071710859	0.2651961828981127
61192	AMMONIA/URINOUS	0.22068948405129568	0.3864056851182665
61325	AMMONIA/URINOUS	0.33160976426942007	0.478582535471235
62900	AMMONIA/URINOUS	0.14424371932234084	0.28913366368838717
69963	AMMONIA/URINOUS	0.43360367843082975	0.5842241133962359
93375	AMMONIA/URINOUS	0.3613561604704176	0.4846073601927076
101010	AMMONIA/URINOUS	0.2772210197789328	0.4565630171980177
520108	AMMONIA/URINOUS	0.2513933266912188	0.4088487710271563
637566	AMMONIA/URINOUS	0.16824483658586228	0.3067123464175633
5363388	AMMONIA/URINOUS	0.12098992243409157	0.25871914412294117
241	AMMONIA/URINOUS	0.42186567187309265	0.580473176070622
5960	AMMONIA/URINOUS	0.19105725416115352	0.39722850918769836
10890	AMMONIA/URINOUS	0.1766185313463211	0.3286792976515634
31268	AMMONIA/URINOUS	0.633363059588841	0.7195077453340802
5368076	AMMONIA/URINOUS	0.16185043965067183	0.23482160695961543
196	DECAYED	0.23359091792787826	0.570794267313821
326	DECAYED	0.0382819746487907	0.24099153067384446
650	DECAYED	0.10550401785543986	0.33756048338753836
957	DECAYED	0.04637353654418673	0.2713407107761928
7194	DECAYED	0.0338219590485096	0.22844217930521285
7341	DECAYED	0.21661200055054255	0.5198755136557988
7583	DECAYED	0.09137260913848877	0.36584319387163433
7916	DECAYED	0.07843555403607232	0.28018016474587576
7921	DECAYED	0.04174841780747686	0.20028570933001383
8030	DECAYED	0.22537406427519663	0.5646098341260638
8078	DECAYED	0.12037858154092516	0.41398830498967853
8180	DECAYED	0.1004629475729806	0.3331534649644579
8635	DECAYED	0.017748724003987654	0.1722299743975912
8712	DECAYED	0.1876579842397145	0.535693747656686
8892	DECAYED	0.2702455541917256	0.581194954259055
11428	DECAYED	0.06565902807882854	0.30050413949148996
11527	DECAYED	0.05995577999523708	0.265942177602223
11614	DECAYED	0.13138444615261896	0.43686013562338694
11617	DECAYED	0.1851352048771722	0.4926406613418034
13436	DECAYED	0.3309552116053445	0.7204735023634774
16741	DECAYED	0.2608308621815273	0.6005184991019112
22386	DECAYED	0.06034283286758831	0.3013020328113011
27458	DECAYED	0.1675300236259188	0.4792403621332986
31266	DECAYED	0.08439891572509493	0.28958561164992197
32594	DECAYED	0.07001887794051852	0.31512437547956196
61027	DECAYED	0.08304186484643392	0.2966462331158774
61185	DECAYED	0.05766952357121876	0.2532271444797516
61192	DECAYED	0.10483160827841077	0.36641897899763926
61325	DECAYED	0.16226461742605483	0.385801089661462
62900	DECAYED	0.03954116840447698	0.2132609976189477
69963	DECAYED	0.0952384780560221	0.3793718048504421
93375	DECAYED	0.11303096796785082	0.3526824287005833
101010	DECAYED	0.2346208734171731	0.5223097290311541
520108	DECAYED	0.11931788389171873	0.38393158997808186
637566	DECAYED	0.04626869463494846	0.220939074243818
5363388	DECAYED	0.06342248139636857	0.29739731763090405
241	DECAYED	0.08352421011243548	0.34637707897595
5960	DECAYED	0.09611766785383224	0.34549670985766817
10890	DECAYED	0.0997030958533287	0.3610852488449642
31268	DECAYED	0.26146653081689564	0.6015659230096
5368076	DECAYED	0.08664965948888234	0.2884560227394104
196	WOOD	0.15053474370922362	0.3213454484939575
326	WOOD	0.1926147554601942	0.4315756176199232
650	WOOD	0.2710194843155997	0.48966061217444284
957	WOOD	0.13918391402278626	0.34471712367875235
7194	WOOD	0.1396495678595134	0.30037043350083487
7341	WOOD	0.17496517087732041	0.3354447569165911
7583	WOOD	0.16745971036808832	0.36771694251469206
7916	WOOD	0.17032008724553244	0.306744784116745
7921	WOOD	0.2314501851797104	0.4128156474658421
8030	WOOD	0.1845355715070452	0.35108969041279386
8078	WOOD	0.1494803380753313	0.33116612689835684
8180	WOOD	0.495044823203768	0.777754579271589
8635	WOOD	0.09565785633666175	0.2388342363493783
8712	WOOD	0.19239331356116704	0.38087346724101473
8892	WOOD	0.23745915506567275	0.4346259832382202
11428	WOOD	0.22272336057254247	0.4483963165964399
11527	WOOD	0.11655596324375697	0.3482780413968222
11614	WOOD	0.12890888963426864	0.2903368217604501
11617	WOOD	0.2113627131496157	0.3887714871338436
13436	WOOD	0.13334977201053075	0.2909995062010629
16741	WOOD	0.2572572486741202	0.4743118243558066
22386	WOOD	0.1403070358293397	0.3047360139233725
27458	WOOD	0.4892325443880899	0.7072945748056684
31266	WOOD	0.09512939836297717	0.20414785827909196
32594	WOOD	0.37555692877088276	0.6083842856543404
61027	WOOD	0.25670825796467917	0.47988496507917133
61185	WOOD	0.17924719836030686	0.34436677609171185
61192	WOOD	0.2936410095010485	0.5084405030523028
61325	WOOD	0.221976495214871	0.4225344445024218
62900	WOOD	0.23158990059580123	0.4411232726914542
69963	WOOD	0.2274846455880574	0.425373728786196
93375	WOOD	0.23474925756454468	0.47115805745124817
101010	WOOD	0.05033625662326813	0.18292546378714697
520108	WOOD	0.38086270860263277	0.6033731869288853
637566	WOOD	0.1928188375064305	0.40467273763247896
5363388	WOOD	0.1345470068710191	0.2676534333399364
241	WOOD	0.208308288029262	0.4031253031321934
5960	WOOD	0.2720683515071869	0.4793509670666286
10890	WOOD	0.07316681370139122	0.189882293343544
31268	WOOD	0.1974380271775382	0.4446050524711609
5368076	WOOD	0.23027789379869187	0.3972720674106053
196	GRASS	0.023069703951478004	0.14162363963467733
326	GRASS	0.20489575181688582	0.40770284618650166
650	GRASS	0.06138857826590538	0.1722904635327203
957	GRASS	0.11417881825140544	0.2924382133143289
7194	GRASS	0.1575191936322621	0.32402472836630686
7341	GRASS	0.06569960287639073	0.19335582852363586
7583	GRASS	0.07837608882359096	0.2561490109988621
7916	GRASS	0.1170136353799275	0.2565159329346248
7921	GRASS	0.07513153020824705	0.21931189511503493
8030	GRASS	0.08686115273407527	0.2365740622792925
8078	GRASS	0.0499988208924021	0.17712585202285222
8180	GRASS	0.06177008418100221	0.2424096018075943
8635	GRASS	0.07760441675782204	0.2564844957419804
8712	GRASS	0.051920831469552856	0.17765516468456813
8892	GRASS	0.03476557082363537	0.1602522326367242
11428	GRASS	0.11330504289695195	0.32469203216688974
11527	GRASS	0.16538173173155105	0.36132812074252535
11614	GRASS	0.0974517475281443	0.28347632714680265
11617	GRASS	0.0873529990868909	0.26564840972423553
13436	GRASS	0.07158448600343295	0.2169330737420491
16741	GRASS	0.12792366743087769	0.3549605352537973
22386	GRASS	0.14124768120901926	0.3401362385068621
27458	GRASS	0.13028677765812194	0.3214516043663025
31266	GRASS	0.033040610275098255	0.19422723352909088
32594	GRASS	0.20290753032479966	0.43191811442375183
61027	GRASS	0.08397063719374794	0.270455858537129
61185	GRASS	0.11882874688931874	0.3150108626910618
61192	GRASS	0.12414714800459999	0.31372421979904175
61325	GRASS	0.07436201402119227	0.20775423305375235
62900	GRASS	0.04091146109359605	0.15626055215086257
69963	GRASS	0.3113421265568052	0.5483269691467285
93375	GRASS	0.29520267248153687	0.5746020163808551
101010	GRASS	0.1795218927519662	0.36805576511791777
520108	GRASS	0.11031273646014077	0.30124478680746897
637566	GRASS	0.11760635354689189	0.34402791942868916
5363388	GRASS	0.5026196837425232	0.7130620649882725
241	GRASS	0.08524139970541	0.2197207659482956
5960	GRASS	0.08361973081316267	0.20302405740533555
10890	GRASS	0.0450090334883758	0.2159129296030317
31268	GRASS	0.06142612972429821	0.18222405655043467
5368076	GRASS	0.3693478192601885	0.5731733867100307
196	FLOWER	0.052858866751194	0.23003136685916356
326	FLOWER	0.2002195758478982	0.44550030146326336
650	FLOWER	0.07171296541179929	0.22968157274382456
957	FLOWER	0.24486943227904184	0.5148248204163143
7194	FLOWER	0.4176885783672333	0.6975009526525225
7341	FLOWER	0.08587221056222916	0.25679673680237364
7583	FLOWER	0.08696517135415759	0.3007421578679766
7916	FLOWER	0.13779193588665553	0.4038383492401668
7921	FLOWER	0.126493473138128	0.35520823512758526
8030	FLOWER	0.05651042291096279	0.18360499611922673
8078	FLOWER	0.05749243976814406	0.24838136775153025
8180	FLOWER	0.05595796235970089	0.1875000979219164
8635	FLOWER	0.5074054811682019	0.7434535707746234
8712	FLOWER	0.05734414607286453	0.20634545598711287
8892	FLOWER	0.0656533847962107	0.16724794890199388
11428	FLOWER	0.06945473221795899	0.29783629945346285
11527	FLOWER	0.25533913714545114	0.48070103355816435
11614	FLOWER	0.12072081012385232	0.3702755016939981
11617	FLOWER	0.056855007473911555	0.2284873617546899
13436	FLOWER	0.03299634903669357	0.11053367278405599
16741	FLOWER	0.051301492644207816	0.16305959011827195
22386	FLOWER	0.142791462796075	0.3810228705406189
27458	FLOWER	0.036185476928949356	0.16835751171622956
31266	FLOWER	0.2709639242717198	0.5002700388431549
32594	FLOWER	0.1157120508807046	0.30949938723019194
61027	FLOWER	0.17826655507087708	0.4251170754432678
61185	FLOWER	0.3052577716963632	0.5720583115305219
61192	FLOWER	0.08741499749677521	0.262987705213683
61325	FLOWER	0.08764684945344925	0.293524158852441
62900	FLOWER	0.20114353937762125	0.4097561538219452
69963	FLOWER	0.1691709735563823	0.3947548823697226
93375	FLOWER	0.18664135038852692	0.36836565818105427
101010	FLOWER	0.15712798918996537	0.3523834432874407
520108	FLOWER	0.0656575443489211	0.2262103067977088
637566	FLOWER	0.29884627035685946	0.5486218290669578
5363388	FLOWER	0.3153156638145447	0.5947407484054565
241	FLOWER	0.07882165376629148	0.2773067844765527
5960	FLOWER	0.08611817232200078	0.2715203378881727
10890	FLOWER	0.23951474257877894	0.4976779988833836
31268	FLOWER	0.01054303560938154	0.1692500731774739
5368076	FLOWER	0.227378534419196	0.4600849747657776
196	CHEMICAL	0.23164587361471994	0.5576756426266262
326	CHEMICAL	0.3004434747355325	0.6582527756690979
650	CHEMICAL	0.20736082111086165	0.5052077770233154
957	CHEMICAL	0.5163999795913696	0.8327961819512504
7194	CHEMICAL	0.21337084685053145	0.5230780967644283
7341	CHEMICAL	0.2198499675307955	0.5382520854473114
7583	CHEMICAL	0.5657756584031242	0.8191176738057818
7916	CHEMICAL	0.19436049248491014	0.4915950042860849
7921	CHEMICAL	0.20924656093120575	0.502783762557166
8030	CHEMICAL	0.15562976258141653	0.49576381700379507
8078	CHEMICAL	0.5760070298399244	0.7996046798569816
8180	CHEMICAL	0.5326230568545205	0.8444118584905352
8635	CHEMICAL	0.249486186674663	0.5748589038848877
8712	CHEMICAL	0.21535844675132207	0.5478855797222683
8892	CHEMICAL	0.2568721111331667	0.5832386016845703
11428	CHEMICAL	0.5902372428349086	0.8680931840624128
11527	CHEMICAL	0.4942281586783273	0.8039799162319728
11614	CHEMICAL	0.40091647846358164	0.7393186177526202
11617	CHEMICAL	0.22715449333190918	0.5568960905075073
13436	CHEMICAL	0.18489591351577214	0.557656296661922
16741	CHEMICAL	0.29647678562573027	0.622742235660553
22386	CHEMICAL	0.3620292161192213	0.696455751146589
27458	CHEMICAL	0.2659484339611871	0.5803387846265521
31266	CHEMICAL	0.18621288878577097	0.5033773354121617
32594	CHEMICAL	0.4288001613957541	0.761207572051457
61027	CHEMICAL	0.2553861950125013	0.5568982788494655
61185	CHEMICAL	0.2026542936052595	0.5083589596407754
61192	CHEMICAL	0.17005585772650583	0.46790685398238047
61325	CHEMICAL	0.20326548389026097	0.4981625292982374
62900	CHEMICAL	0.1935335589306695	0.4875856637954712
69963	CHEMICAL	0.3268061365400042	0.6540819832256862
93375	CHEMICAL	0.3513208840574537	0.6827783073697772
101010	CHEMICAL	0.25729139149188995	0.6082439422607422
520108	CHEMICAL	0.20316522887774877	0.5010947074208941
637566	CHEMICAL	0.25474898730005535	0.5796834230422974
5363388	CHEMICAL	0.22780429465430124	0.566851053919111
241	CHEMICAL	0.42425703576632906	0.704764825957162
5960	CHEMICAL	0.1872037798166275	0.5189194296087537
10890	CHEMICAL	0.23408894027982438	0.5753966569900513
31268	CHEMICAL	0.38974559732845854	0.7347677435193744
5368076	CHEMICAL	0.2253156453371048	0.5332891983645303
