oID	descriptor	value	sigma
180	INTENSITY/STRENGTH	0.3334171984876905	0.6539821965353829
264	INTENSITY/STRENGTH	0.4698766129357474	0.7465221796716962
702	INTENSITY/STRENGTH	0.20072544472558157	0.520757291998182
1031	INTENSITY/STRENGTH	0.24209498507635935	0.5751683286258152
3102	INTENSITY/STRENGTH	0.3961553658757891	0.6035219771521432
3314	INTENSITY/STRENGTH	0.41629054290907724	0.6273016929626465
6506	INTENSITY/STRENGTH	0.22790938828672683	0.5343863112585885
6544	INTENSITY/STRENGTH	0.5662792325019836	0.7336146405764988
6561	INTENSITY/STRENGTH	0.4337128698825836	0.700455938066755
7092	INTENSITY/STRENGTH	0.5668576274599347	0.7431390455790928
7302	INTENSITY/STRENGTH	0.38412963492529734	0.5983238986560276
7476	INTENSITY/STRENGTH	0.46980309060641695	0.725146872656686
7559	INTENSITY/STRENGTH	0.6125180721282959	0.7436604840414864
7657	INTENSITY/STRENGTH	0.5018131179468972	0.6768929788044521
7770	INTENSITY/STRENGTH	0.657029926776886	0.7397173728261676
7793	INTENSITY/STRENGTH	0.4069316727774484	0.6640951803752354
7797	INTENSITY/STRENGTH	0.592196524143219	0.645794825894492
8025	INTENSITY/STRENGTH	0.35573319026402067	0.7221605948039463
8049	INTENSITY/STRENGTH	0.26990652297224316	0.5571563243865967
8094	INTENSITY/STRENGTH	0.5910546226160867	0.6814856444086347
8419	INTENSITY/STRENGTH	0.5787475492273059	0.672706127166748
8438	INTENSITY/STRENGTH	0.5057340221745628	0.6779118861470904
8468	INTENSITY/STRENGTH	0.22170440214020865	0.529739145721708
8815	INTENSITY/STRENGTH	0.5390168343271527	0.7713310548237392
8878	INTENSITY/STRENGTH	0.606926040990012	0.663899302482605
9012	INTENSITY/STRENGTH	0.7166150297437396	0.6701366135052272
10886	INTENSITY/STRENGTH	0.40813069684164865	0.662277204649789
11567	INTENSITY/STRENGTH	0.7156528234481812	0.6464540192059108
12020	INTENSITY/STRENGTH	0.2973113826342991	0.6448703323091779
12265	INTENSITY/STRENGTH	0.46122446230479647	0.7067988004003253
12377	INTENSITY/STRENGTH	0.6843698791095189	0.635946444102696
16537	INTENSITY/STRENGTH	0.5232250094413757	0.7980892402785165
17898	INTENSITY/STRENGTH	0.504214231457029	0.6292727759906224
18467	INTENSITY/STRENGTH	0.30192086739199503	0.5622846739632743
21363	INTENSITY/STRENGTH	0.46331343054771423	0.6780533194541931
27440	INTENSITY/STRENGTH	0.6604331731796265	0.7146445001874652
31219	INTENSITY/STRENGTH	0.49605926871299744	0.7095998355320522
31276	INTENSITY/STRENGTH	0.6593387382371085	0.7816518460001264
31283	INTENSITY/STRENGTH	0.23586489260196686	0.47969298703329905
60998	INTENSITY/STRENGTH	0.448117447750909	0.6820036172866821
61523	INTENSITY/STRENGTH	0.44510641268321444	0.76436676297869
62351	INTENSITY/STRENGTH	0.6353058815002441	0.6722130264554705
62465	INTENSITY/STRENGTH	0.47551993812833515	0.6014417580195835
251531	INTENSITY/STRENGTH	0.17259470905576432	0.5290461650916508
440917	INTENSITY/STRENGTH	0.5237725589956556	0.7458373989377703
637758	INTENSITY/STRENGTH	0.4665612918989999	0.8082376207624163
1549025	INTENSITY/STRENGTH	0.21772178368909018	0.6026946646826608
2733294	INTENSITY/STRENGTH	0.6798285927091327	0.7118060333388192
5281167	INTENSITY/STRENGTH	0.653222782271249	0.7964806727000645
5281168	INTENSITY/STRENGTH	0.6139687555176871	0.7635307567460197
5318599	INTENSITY/STRENGTH	0.6737383689199176	0.7202855518886021
5352837	INTENSITY/STRENGTH	0.5992488520486015	0.7322635480335781
5364231	INTENSITY/STRENGTH	0.6342076233455113	0.7214243752615792
262	INTENSITY/STRENGTH	0.1865142903157643	0.5027549011366708
323	INTENSITY/STRENGTH	0.5626905517918723	0.7009677546364921
750	INTENSITY/STRENGTH	0.2137952446937561	0.5089580629553113
753	INTENSITY/STRENGTH	0.18817045433180674	0.515306123665401
962	INTENSITY/STRENGTH	0.23074268230370112	0.5612615517207554
5862	INTENSITY/STRENGTH	0.2744176174913134	0.5449240292821612
5962	INTENSITY/STRENGTH	0.3660188445023128	0.6411513345582145
6274	INTENSITY/STRENGTH	0.13617815609489167	0.47888218079294476
6322	INTENSITY/STRENGTH	0.20220187306404114	0.5160724605832782
6669	INTENSITY/STRENGTH	0.21072889012949808	0.4587974505765097
7137	INTENSITY/STRENGTH	0.656515393938337	0.797657881464277
15654	INTENSITY/STRENGTH	0.32591892565999714	0.5443369235311236
62089	INTENSITY/STRENGTH	0.6338615928377423	0.6326202324458531
853433	INTENSITY/STRENGTH	0.4675378842013223	0.6772467408861432
5371102	INTENSITY/STRENGTH	0.4437058653150286	0.7059998682567051
10857465	INTENSITY/STRENGTH	0.3151095509529114	0.7430498770305088
180	VALENCE/PLEASANTNESS	0.4717874526977539	0.658917316368648
264	VALENCE/PLEASANTNESS	0.26326132246426176	0.580339389187949
702	VALENCE/PLEASANTNESS	0.47818934491702486	0.5899478197097778
1031	VALENCE/PLEASANTNESS	0.44812769974981037	0.6096662708691188
3102	VALENCE/PLEASANTNESS	0.4323093124798366	0.6565789835793632
3314	VALENCE/PLEASANTNESS	0.5997362307139805	0.6250053899628776
6506	VALENCE/PLEASANTNESS	0.4773340906415667	0.5845845256532941
6544	VALENCE/PLEASANTNESS	0.4957843210015978	0.6868907894407
6561	VALENCE/PLEASANTNESS	0.33338422434670584	0.6007079226630074
7092	VALENCE/PLEASANTNESS	0.6079777649470738	0.6761775868279594
7302	VALENCE/PLEASANTNESS	0.38359978795051575	0.5791843788964408
7476	VALENCE/PLEASANTNESS	0.6165642142295837	0.6635377662522453
7559	VALENCE/PLEASANTNESS	0.5767146348953247	0.7614138381821769
7657	VALENCE/PLEASANTNESS	0.3783014033521925	0.6712037154606411
7770	VALENCE/PLEASANTNESS	0.680346029145377	0.7508664301463536
7793	VALENCE/PLEASANTNESS	0.591168224811554	0.6085619160107204
7797	VALENCE/PLEASANTNESS	0.8173889177186149	0.5768953221184867
8025	VALENCE/PLEASANTNESS	0.41499226859637667	0.6572434902191162
8049	VALENCE/PLEASANTNESS	0.5901434932436261	0.5525349037987846
8094	VALENCE/PLEASANTNESS	0.3432936370372772	0.5264977599893298
8419	VALENCE/PLEASANTNESS	0.680392691067287	0.6081603510039193
8438	VALENCE/PLEASANTNESS	0.6792742013931274	0.6050297107015338
8468	VALENCE/PLEASANTNESS	0.5776717151914325	0.5959610939025879
8815	VALENCE/PLEASANTNESS	0.6559510486466544	0.6572983946119036
8878	VALENCE/PLEASANTNESS	0.712670453957149	0.5862124647412982
9012	VALENCE/PLEASANTNESS	0.24882021120616368	0.6174218824931553
10886	VALENCE/PLEASANTNESS	0.5335850460188729	0.6536551288196019
11567	VALENCE/PLEASANTNESS	0.42350955520357403	0.7000658512115479
12020	VALENCE/PLEASANTNESS	0.43964598434312	0.6244246533938816
12265	VALENCE/PLEASANTNESS	0.441565922328404	0.6539984175137111
12377	VALENCE/PLEASANTNESS	0.27036036976746153	0.5834063972745623
16537	VALENCE/PLEASANTNESS	0.648208098752158	0.7176466499056134
17898	VALENCE/PLEASANTNESS	0.3836032067026411	0.6597951310021537
18467	VALENCE/PLEASANTNESS	0.43497378485543386	0.6162985648427691
21363	VALENCE/PLEASANTNESS	0.5153384293828692	0.6461199011121478
27440	VALENCE/PLEASANTNESS	0.336731880903244	0.6591518776757377
31219	VALENCE/PLEASANTNESS	0.576442301273346	0.7274468626294818
31276	VALENCE/PLEASANTNESS	0.7383916207722255	0.7619242412703378
31283	VALENCE/PLEASANTNESS	0.5669359564781189	0.5465623991830009
60998	VALENCE/PLEASANTNESS	0.5101789278643472	0.7398799998419625
61523	VALENCE/PLEASANTNESS	0.4737187283379691	0.6904731903757367
62351	VALENCE/PLEASANTNESS	0.29266540493283955	0.5879533886909485
62465	VALENCE/PLEASANTNESS	0.4552676039082663	0.6267722163881574
251531	VALENCE/PLEASANTNESS	0.5723666548728943	0.5992938024657113
440917	VALENCE/PLEASANTNESS	0.5457119856561933	0.68226386819567
637758	VALENCE/PLEASANTNESS	0.6207883443151202	0.692935415676662
1549025	VALENCE/PLEASANTNESS	0.5742039425032479	0.6107035194124494
2733294	VALENCE/PLEASANTNESS	0.5905133741242545	0.7005874940327236
5281167	VALENCE/PLEASANTNESS	0.48500909549849375	0.7482527068683079
5281168	VALENCE/PLEASANTNESS	0.362010725906917	0.6099497420447213
5318599	VALENCE/PLEASANTNESS	0.45645815559795927	0.6833291479519435
5352837	VALENCE/PLEASANTNESS	0.476398514849799	0.7063141209738595
5364231	VALENCE/PLEASANTNESS	0.497232403073992	0.6568283183234078
262	VALENCE/PLEASANTNESS	0.5630116973604474	0.5746821931430272
323	VALENCE/PLEASANTNESS	0.6387914844921657	0.6444042921066284
750	VALENCE/PLEASANTNESS	0.5290047952107021	0.5942261219024658
753	VALENCE/PLEASANTNESS	0.5127432176045009	0.5931739807128906
962	VALENCE/PLEASANTNESS	0.48252981901168823	0.6127661126000541
5862	VALENCE/PLEASANTNESS	0.42704758048057556	0.6291931527001517
5962	VALENCE/PLEASANTNESS	0.38860571810177397	0.6595069936343602
6274	VALENCE/PLEASANTNESS	0.5479994416236877	0.5842440043176923
6322	VALENCE/PLEASANTNESS	0.4937737839562552	0.5875915374074664
6669	VALENCE/PLEASANTNESS	0.6738662464278085	0.5665835397584098
7137	VALENCE/PLEASANTNESS	0.7208202225821358	0.6513548493385315
15654	VALENCE/PLEASANTNESS	0.4627923624856131	0.6220486249242511
62089	VALENCE/PLEASANTNESS	0.2952369430235454	0.4834933706692287
853433	VALENCE/PLEASANTNESS	0.657788906778608	0.6354195475578308
5371102	VALENCE/PLEASANTNESS	0.5002232066222599	0.6622636147907802
10857465	VALENCE/PLEASANTNESS	0.4231162369251251	0.6474389689309257
180	BAKERY	0.07155300357512065	0.2753940799406597
264	BAKERY	0.030604955341134752	0.16371300710099085
702	BAKERY	0.08392964090619769	0.33262111459459576
1031	BAKERY	0.07134504030857768	0.2903023064136505
3102	BAKERY	0.05651013287050383	0.2326280368225915
3314	BAKERY	0.2253668521131788	0.5461385079792568
6506	BAKERY	0.09778376615473203	0.3303130737372807
6544	BAKERY	0.048931680885808806	0.1720759187425886
6561	BAKERY	0.04514320274548871	0.1833791434764862
7092	BAKERY	0.12786302609103067	0.3893015384674072
7302	BAKERY	0.07441391210470881	0.2961596505982535
7476	BAKERY	0.12054127774068288	0.38264828068869455
7559	BAKERY	0.08737915115697044	0.31487452558108736
7657	BAKERY	0.04340679358158793	0.18439893424510956
7770	BAKERY	0.13759335236889975	0.4097046341214861
7793	BAKERY	0.07722097954579762	0.19618560373783112
7797	BAKERY	0.15446141362190247	0.4439954842839922
8025	BAKERY	0.06308597166623388	0.2716237029858998
8049	BAKERY	0.1087866382939475	0.3204772706542696
8094	BAKERY	0.03813622705638409	0.1550496986934117
8419	BAKERY	0.3415411902325494	0.6449687566076007
8438	BAKERY	0.23028317519596644	0.5403178249086652
8468	BAKERY	0.15421716549566813	0.4404295427458627
8815	BAKERY	0.1571314792547907	0.4140643264566149
8878	BAKERY	0.1610630282333919	0.47463081564222065
9012	BAKERY	0.06865890244288105	0.30181677852358135
10886	BAKERY	0.06742219892995698	0.27956443812165943
11567	BAKERY	0.05451885504381997	0.19058426576001303
12020	BAKERY	0.06183069944381714	0.25098514556884766
12265	BAKERY	0.05930891952344349	0.2685752085277012
12377	BAKERY	0.027181885870439664	0.19932778818266733
16537	BAKERY	0.03290863122258868	0.17728126687662943
17898	BAKERY	0.15033600692238128	0.4807161944253104
18467	BAKERY	0.12570291012525558	0.4288079696042197
21363	BAKERY	0.09562121970312935	0.30517566204071045
27440	BAKERY	0.10401474790913719	0.37112124051366535
31219	BAKERY	0.0779431089758873	0.281542290534292
31276	BAKERY	0.13746760253395354	0.425285850252424
31283	BAKERY	0.1699326400245939	0.44176665799958365
60998	BAKERY	0.07029227486678533	0.26633153217179434
61523	BAKERY	0.04408029280602932	0.14470748603343964
62351	BAKERY	0.06104273482092789	0.25563913796629223
62465	BAKERY	0.10512331021683556	0.36029047625405447
251531	BAKERY	0.08119339070149831	0.2837870717048645
440917	BAKERY	0.05691090279391834	0.1882496178150177
637758	BAKERY	0.17354731687477656	0.46931523084640503
1549025	BAKERY	0.08826118388346263	0.3003594194139753
2733294	BAKERY	0.10312027377741677	0.3161659666470119
5281167	BAKERY	0.04232320535395827	0.1770771869591304
5281168	BAKERY	0.04641419356422765	0.14122763595410756
5318599	BAKERY	0.07102517783641815	0.21012394768851145
5352837	BAKERY	0.06074760215623038	0.2135974849973406
5364231	BAKERY	0.1106541348355157	0.33077736837523325
262	BAKERY	0.11252451581614357	0.36069029569625854
323	BAKERY	0.16976227398429597	0.4728811425822122
750	BAKERY	0.1401612747992788	0.45526556032044546
753	BAKERY	0.10874956633363451	0.3642426644052778
962	BAKERY	0.04995836743286678	0.2285729135785784
5862	BAKERY	0.1291529621396746	0.43269734723227365
5962	BAKERY	0.09506602159568242	0.33920384304864065
6274	BAKERY	0.1093711501785687	0.35583214248929707
6322	BAKERY	0.08872432793889727	0.3020508076463427
6669	BAKERY	0.18374578867639815	0.4452719305242811
7137	BAKERY	0.3318180399281638	0.7022844893591744
15654	BAKERY	0.16547339409589767	0.5184260351317269
62089	BAKERY	0.03300064469554594	0.1855886003800801
853433	BAKERY	0.26720909774303436	0.610795898096902
5371102	BAKERY	0.05615623268697943	0.20713196056229727
10857465	BAKERY	0.031592684398804395	0.15327267348766327
180	SWEET	0.16059608863932745	0.5227615066937038
264	SWEET	0.06394434773496219	0.3524113510336195
702	SWEET	0.13510681050164358	0.46210627470697674
1031	SWEET	0.13024338441235678	0.47032340509550913
3102	SWEET	0.1491426591362272	0.48902312772614615
3314	SWEET	0.27221606033188955	0.6337834000587463
6506	SWEET	0.14718987154109137	0.48173603415489197
6544	SWEET	0.19695711135864258	0.553914338350296
6561	SWEET	0.1041393056511879	0.3862057030200958
7092	SWEET	0.32623109221458435	0.6936330028942653
7302	SWEET	0.10108976172549385	0.39073956438473295
7476	SWEET	0.3366302805287497	0.7362203768321446
7559	SWEET	0.35782110691070557	0.8298483405794416
7657	SWEET	0.12552606101546968	0.44621514848300387
7770	SWEET	0.5612220295837947	0.9375231606619698
7793	SWEET	0.28919512246336254	0.6389912281717572
7797	SWEET	0.6382035442761013	0.9305463092667716
8025	SWEET	0.15754392530236924	0.5271383992263249
8049	SWEET	0.305489182472229	0.6160600355693272
8094	SWEET	0.09333349551473345	0.3382295710699899
8419	SWEET	0.44301825761795044	0.7742192489760262
8438	SWEET	0.4213522332055228	0.7927611640521458
8468	SWEET	0.22452340594359807	0.5794521825654166
8815	SWEET	0.3723667987755367	0.7266865287508283
8878	SWEET	0.5706403936658587	0.867607729775565
9012	SWEET	0.013028534927538462	0.1987253576517105
10886	SWEET	0.2990470102855137	0.665189368384225
11567	SWEET	0.12737663835287094	0.4909636378288269
12020	SWEET	0.11191630257027489	0.44334072300365995
12265	SWEET	0.14647884986230306	0.5306796261242458
12377	SWEET	0.03377982548304966	0.1736659428903035
16537	SWEET	0.32145850147519794	0.7266700182642255
17898	SWEET	0.11606167469705854	0.48022651246615816
18467	SWEET	0.1085785808307784	0.4382695896284921
21363	SWEET	0.26509392261505127	0.6324838144438607
27440	SWEET	0.083790765276977	0.39805281162261963
31219	SWEET	0.3078888271536146	0.768970080784389
31276	SWEET	0.5939426592418126	1.0126834000859941
31283	SWEET	0.23410522512027196	0.5556342772075108
60998	SWEET	0.20154099379267013	0.6280391216278076
61523	SWEET	0.13517082695450103	0.478945255279541
62351	SWEET	0.04971562059862273	0.23801035114697047
62465	SWEET	0.09437319370252746	0.38685486146381926
251531	SWEET	0.20765379709856852	0.5893986821174622
440917	SWEET	0.1852710247039795	0.5097976284367698
637758	SWEET	0.40225882615361896	0.8100658910615104
1549025	SWEET	0.2515903817755835	0.6418738876070295
2733294	SWEET	0.3698893530028207	0.7491695029394967
5281167	SWEET	0.17589059684957778	0.5463423771517617
5281168	SWEET	0.09351440306220736	0.3099610464913504
5318599	SWEET	0.16048801796776907	0.48993091923849924
5352837	SWEET	0.1818573134286063	0.5449807303292411
5364231	SWEET	0.18877010473183223	0.5460186004638672
262	SWEET	0.19974527614457266	0.5482645119939532
323	SWEET	0.37127757923943655	0.7609441365514483
750	SWEET	0.17646087280341557	0.5430016985961369
753	SWEET	0.14274944258587702	0.4724556165082114
962	SWEET	0.12634001140083587	0.4512788823672703
5862	SWEET	0.11654512690646308	0.4393080047198704
5962	SWEET	0.11007181342158999	0.45133449350084576
6274	SWEET	0.16980215907096863	0.5042926115649087
6322	SWEET	0.14657301349299295	0.4575479200908116
6669	SWEET	0.33646436035633087	0.689530977181026
7137	SWEET	0.5152478430952344	0.8794944030897958
15654	SWEET	0.13396384034837996	0.4862894799028124
62089	SWEET	0.0478124309863363	0.2662963696888515
853433	SWEET	0.36344755973134724	0.7366791367530823
5371102	SWEET	0.16627734686647141	0.5061657982213157
10857465	SWEET	0.05413668230175972	0.35687891074589323
180	FRUIT	0.06773467042616435	0.244522397007261
264	FRUIT	0.040526283372725756	0.21702050311224802
702	FRUIT	0.05879801298890795	0.2061954928295953
1031	FRUIT	0.05820155782358987	0.21854854268687113
3102	FRUIT	0.07261811728988375	0.27333973135266987
3314	FRUIT	0.0699333269149065	0.24900147105966294
6506	FRUIT	0.07213645321982247	0.25066208839416504
6544	FRUIT	0.10781517624855042	0.3718057487692152
6561	FRUIT	0.030049183006797518	0.22363507109028952
7092	FRUIT	0.14383836409875325	0.39041114704949514
7302	FRUIT	0.027424646807568415	0.17168331146240234
7476	FRUIT	0.18751234880515508	0.46303772926330566
7559	FRUIT	0.24596088911805833	0.590649698461805
7657	FRUIT	0.06915822359068054	0.2827073931694031
7770	FRUIT	0.5394138097763062	0.7865787318774632
7793	FRUIT	0.17994356155395508	0.41841885447502136
7797	FRUIT	0.6353490778378078	0.8539696761540004
8025	FRUIT	0.05004214335765157	0.25441648066043854
8049	FRUIT	0.2452143622296197	0.44361174532345365
8094	FRUIT	0.10892131924629211	0.3426846776689802
8419	FRUIT	0.14801862410136632	0.38939095394951956
8438	FRUIT	0.20046059574399674	0.4756368781839098
8468	FRUIT	0.07435979853783335	0.22212529608181544
8815	FRUIT	0.1819142826965877	0.4416009656020573
8878	FRUIT	0.5370618658406394	0.7501494543892997
9012	FRUIT	0.007246428834540504	0.09035862237215042
10886	FRUIT	0.2690682113170624	0.5262930818966457
11567	FRUIT	0.07821704660143171	0.3143857164042337
12020	FRUIT	0.03191227998052325	0.19693238181727274
12265	FRUIT	0.06263363893542971	0.2601845051561083
12377	FRUIT	0.048596818266170363	0.19960683371339524
16537	FRUIT	0.2746916839054653	0.5908263410840716
17898	FRUIT	0.02763287483581475	0.14104562891381128
18467	FRUIT	0.032936153933405876	0.13197017035314015
21363	FRUIT	0.14897436648607254	0.36678487062454224
27440	FRUIT	0.0277046478752579	0.15060653963259288
31219	FRUIT	0.23154201252119883	0.5716710686683655
31276	FRUIT	0.5253948995045253	0.8150803276470729
31283	FRUIT	0.11439236892121178	0.2735281416348049
60998	FRUIT	0.07196990719863347	0.31181114273411886
61523	FRUIT	0.07589778463755335	0.2721283882856369
62351	FRUIT	0.05275465361773968	0.14947247611624853
62465	FRUIT	0.026614471205643246	0.14559877131666457
251531	FRUIT	0.06554048242313522	0.25524900002138956
440917	FRUIT	0.12794773067746842	0.36786765285900663
637758	FRUIT	0.19032534105437143	0.5137209721973964
1549025	FRUIT	0.1977242295231138	0.44872090220451355
2733294	FRUIT	0.3876312119620187	0.698868317263467
5281167	FRUIT	0.19271355441638402	0.4388424626418522
5281168	FRUIT	0.09872365742921829	0.25078472069331575
5318599	FRUIT	0.13667356009994233	0.34438412955829073
5352837	FRUIT	0.14158934141908372	0.36833288414137705
5364231	FRUIT	0.1883722437279565	0.39004224964550566
262	FRUIT	0.08894432761839458	0.2639540966067995
323	FRUIT	0.17244882881641388	0.42496264832360403
750	FRUIT	0.06857618476663317	0.2015471032687596
753	FRUIT	0.04679333684699876	0.1800298137324197
962	FRUIT	0.06670777818986348	0.2433880695274898
5862	FRUIT	0.00744196107344968	0.1290310717054776
5962	FRUIT	0.038257784343191555	0.18517541246754782
6274	FRUIT	0.06272149405309133	0.20853316571031297
6322	FRUIT	0.06884751256023135	0.20892328662531717
6669	FRUIT	0.08305231588227409	0.28225578580583843
7137	FRUIT	0.1950661369732448	0.4717455804347992
15654	FRUIT	0.030290457287005017	0.14801530752863204
62089	FRUIT	0.06233721598982811	0.2452460697719029
853433	FRUIT	0.1047886274755001	0.32747154576437815
5371102	FRUIT	0.09551156205790383	0.31282781277384075
10857465	FRUIT	-0.012689924931951932	0.12489537681852068
180	FISH	0.0810154133609363	0.17884367278644017
264	FISH	0.20302789764744894	0.39065477677753996
702	FISH	0.11462811380624771	0.24674263383660996
1031	FISH	0.10529980489185878	0.22691575118473598
3102	FISH	0.08686464918511254	0.1888468095234462
3314	FISH	0.09289039032799858	0.18480721328939712
6506	FISH	0.09386379271745682	0.23056915828159877
6544	FISH	0.07107770176870483	0.11946399616343635
6561	FISH	0.14737715678555624	0.30899764810289654
7092	FISH	0.06348797678947449	0.09187907778791018
7302	FISH	0.16015134113175528	0.32767767139843534
7476	FISH	0.06390090552823884	0.13096950628927775
7559	FISH	0.06034877470561436	0.1325352702822004
7657	FISH	0.13108507224491664	0.2758407784359796
7770	FISH	0.061919547617435455	0.13208550427641189
7793	FISH	0.07836579212120601	0.13083022832870483
7797	FISH	0.019081931162093366	0.08761507592030934
8025	FISH	0.13400697175945556	0.2591394441468375
8049	FISH	0.061303453253848214	0.16971154723848617
8094	FISH	0.1336513768349375	0.2781832537480763
8419	FISH	0.060527468366282325	0.1108887397817203
8438	FISH	0.04367527525339808	0.1082927616579192
8468	FISH	0.055522282740899494	0.14349763627563203
8815	FISH	0.06392732528703553	0.1136299946478435
8878	FISH	0.02224134507455996	0.11482761268104826
9012	FISH	0.45584493024008615	0.7097141657556806
10886	FISH	0.06930549549204963	0.16587547745023454
11567	FISH	0.06198265350290707	0.11509350367954799
12020	FISH	0.09846219526869911	0.2130776047706604
12265	FISH	0.07997916266322136	0.18657782886709487
12377	FISH	0.4603401890822819	0.6427374141556876
16537	FISH	0.09669261851481029	0.1917722714798791
17898	FISH	0.1367093984569822	0.3022398054599762
18467	FISH	0.121913201042584	0.2789141152586256
21363	FISH	0.08110736097608294	0.15059147775173187
27440	FISH	0.21132064504282816	0.42406327383858816
31219	FISH	0.05794294657451766	0.13583736334528243
31276	FISH	0.021885300454284464	0.08550842957837242
31283	FISH	0.053691847515957694	0.15308094131095068
60998	FISH	0.08826650359800883	0.21928360206740244
61523	FISH	0.10690313364778246	0.2261200717517308
62351	FISH	0.3174606263637543	0.5515563360282353
62465	FISH	0.11183565642152514	0.2362093542303358
251531	FISH	0.04071575962007046	0.11909620038100652
440917	FISH	0.09995670403753008	0.1903436609676906
637758	FISH	0.03341792710125446	0.0947585180401802
1549025	FISH	0.08334998467138835	0.17457133744444167
2733294	FISH	0.07724180498293468	0.17668211247239793
5281167	FISH	0.12554777520043509	0.2399845996073314
5281168	FISH	0.1570837561573301	0.32891787801470074
5318599	FISH	0.11386807901518685	0.20462079771927424
5352837	FISH	0.11575793368475777	0.2141442405326026
5364231	FISH	0.1209454398070063	0.23409913693155562
262	FISH	0.051875634385006766	0.13985545401062285
323	FISH	0.05065764007823808	0.1121740820152419
750	FISH	0.08419832267931529	0.19239341574055807
753	FISH	0.08892102007355009	0.19671061847891128
962	FISH	0.04971878682928426	0.14417517291648047
5862	FISH	0.19184271352631704	0.3828789974961962
5962	FISH	0.1447291523218155	0.2817475604159491
6274	FISH	0.05750853249004909	0.14449102218661988
6322	FISH	0.08790571136134011	0.18722348553793772
6669	FISH	0.05504153482615948	0.12122813931533269
7137	FISH	0.05388672649860382	0.09453481435775757
15654	FISH	0.11886693111487798	0.27428543141910006
62089	FISH	0.14081523567438126	0.295305324452264
853433	FISH	0.0787682096873011	0.13339531315224512
5371102	FISH	0.12749357734407699	0.2331029623746872
10857465	FISH	0.08133281235183988	0.10622736066579819
180	GARLIC	0.10616020006792885	0.273196531193597
264	GARLIC	0.1577212597642626	0.389096383537565
702	GARLIC	0.15303200696195876	0.3458649218082428
1031	GARLIC	0.11904462852648326	0.31855669617652893
3102	GARLIC	0.07446034997701645	0.24673359096050262
3314	GARLIC	0.10781163935150419	0.25141203829220365
6506	GARLIC	0.1275516620704106	0.3356724722044809
6544	GARLIC	0.06427555105515889	0.17999726108142308
6561	GARLIC	0.10726730898022652	0.32489393438611713
7092	GARLIC	0.06450101467115539	0.1539547187941415
7302	GARLIC	0.13928425631352834	0.34816540139062063
7476	GARLIC	0.06644788597311292	0.1812312411410468
7559	GARLIC	0.05070704434599195	0.16388059833220073
7657	GARLIC	0.08383978371109281	0.2774359370980944
7770	GARLIC	0.05831875252936568	0.16967710426875524
7793	GARLIC	0.041427760518022945	0.13434720252241408
7797	GARLIC	0.02814262919127941	0.10292297495262963
8025	GARLIC	0.14417544965233123	0.3477997822420938
8049	GARLIC	0.0784178227186203	0.23998722646917617
8094	GARLIC	0.110769194151674	0.30940134610448566
8419	GARLIC	0.05654623705361571	0.1551067435315677
8438	GARLIC	0.05163176065044744	0.16008529705660685
8468	GARLIC	0.08564114251307078	0.255119834627424
8815	GARLIC	0.0777030134839671	0.16716531557696207
8878	GARLIC	0.042476022349936624	0.12806065061262675
9012	GARLIC	0.4390735924243927	0.6596666574478149
10886	GARLIC	0.0763310364314488	0.22025879153183528
11567	GARLIC	0.04141764795141561	0.1352476179599762
12020	GARLIC	0.10127960996968406	0.28871730821473257
12265	GARLIC	0.07002916932106018	0.24141548148223332
12377	GARLIC	0.5728534374918256	0.7363030229296003
16537	GARLIC	0.08786943448441369	0.18307641574314662
17898	GARLIC	0.11817247207675662	0.3242111759526389
18467	GARLIC	0.14172576367855072	0.3505739782537733
21363	GARLIC	0.043010685592889786	0.21104590594768524
27440	GARLIC	0.18785922867911203	0.38029628140585764
31219	GARLIC	0.05451816426856177	0.17039250901767186
31276	GARLIC	0.04093481307583196	0.11952960916927882
31283	GARLIC	0.09574951444353376	0.2682852085147585
60998	GARLIC	0.06066676681595189	0.25873441994190216
61523	GARLIC	0.10011998564004898	0.23193244210311345
62351	GARLIC	0.297000242131097	0.5100315085479191
62465	GARLIC	0.10992817687136787	0.2651578507253102
251531	GARLIC	0.05722671481115477	0.2228373693568366
440917	GARLIC	0.08261814873133387	0.27704924770763945
637758	GARLIC	0.06019904570920127	0.17670139457498277
1549025	GARLIC	0.09862876577036721	0.27428573795727323
2733294	GARLIC	0.06046063665832792	0.19137629015105112
5281167	GARLIC	0.10152928744043622	0.26161909103393555
5281168	GARLIC	0.11647309788635798	0.3367763417107718
5318599	GARLIC	0.08360644270266805	0.21433761715888977
5352837	GARLIC	0.09742383126701627	0.2286118609564645
5364231	GARLIC	0.12096453883818217	0.2537514716386795
262	GARLIC	0.0865771302155086	0.2526859641075134
323	GARLIC	0.06930387605513845	0.15260450009788787
750	GARLIC	0.11599671734230858	0.31589470165116446
753	GARLIC	0.11446089191096169	0.305271714925766
962	GARLIC	0.06989061140588351	0.23301660588809422
5862	GARLIC	0.2005033599478858	0.46362913506371634
5962	GARLIC	0.12193326226302556	0.35146564670971464
6274	GARLIC	0.08389539590903691	0.27299031615257263
6322	GARLIC	0.08610046122755323	0.28386859382901874
6669	GARLIC	0.10288789123296738	0.22743653399603708
7137	GARLIC	0.06605250122291702	0.14392175525426865
15654	GARLIC	0.1591044877256666	0.3671752597604479
62089	GARLIC	0.1197566922221865	0.3289379222052438
853433	GARLIC	0.08242462256125041	0.19710381541933333
5371102	GARLIC	0.11128124807562147	0.24450167374951498
10857465	GARLIC	0.04177055428070681	0.13030729655708587
180	SPICES	0.1612590423652104	0.38134596177509855
264	SPICES	0.161164756332125	0.36841106840542387
702	SPICES	0.2309494423014777	0.4466505433831896
1031	SPICES	0.19646392124039785	0.4092917059149061
3102	SPICES	0.17829467356204987	0.3844849637576512
3314	SPICES	0.5120103231498173	0.7490922808647156
6506	SPICES	0.20370760772909438	0.4087790208203452
6544	SPICES	0.28171337502343313	0.4789386902536665
6561	SPICES	0.13550103455781937	0.33497780561447144
7092	SPICES	0.3961864156382425	0.6173979895455497
7302	SPICES	0.21656144303934916	0.42197822672980173
7476	SPICES	0.2306033479315894	0.4664576734815325
7559	SPICES	0.1842631229332515	0.4061090988772256
7657	SPICES	0.16178674783025468	0.35442046182496206
7770	SPICES	0.13195226128612245	0.35752413102558683
7793	SPICES	0.11873842030763626	0.2867869223867144
7797	SPICES	0.18663485773972102	0.42581263184547424
8025	SPICES	0.17308948721204484	0.3862816265651158
8049	SPICES	0.1314081038747515	0.3650153662477221
8094	SPICES	0.1682877732174737	0.370302540915353
8419	SPICES	0.2901780307292938	0.5718426959855216
8438	SPICES	0.26012189047677176	0.5092524673257556
8468	SPICES	0.3103400043078831	0.5360919577734811
8815	SPICES	0.4226499583039965	0.6615253686904907
8878	SPICES	0.18770902497427805	0.46509262919425964
9012	SPICES	0.36004569275038584	0.5587055172239032
10886	SPICES	0.1891321156706129	0.3926509278161185
11567	SPICES	0.1841812218938555	0.42842588680131094
12020	SPICES	0.21037696301937103	0.42120817729404997
12265	SPICES	0.16065014473029546	0.3817711217062814
12377	SPICES	0.3387418942792075	0.5570148995944432
16537	SPICES	0.24723440834454127	0.44419729709625244
17898	SPICES	0.2062849806887763	0.4264877268246242
18467	SPICES	0.24417875494275773	0.4706580127988543
21363	SPICES	0.21343066649777548	0.41826386536870686
27440	SPICES	0.23543435973780497	0.44949432781764437
31219	SPICES	0.1808861004454749	0.4022902803761618
31276	SPICES	0.16538459914071219	0.3924232934202467
31283	SPICES	0.11585822595017296	0.35912217838423593
60998	SPICES	0.1605567612818309	0.40890295590673176
61523	SPICES	0.19216277769633702	0.37270036339759827
62351	SPICES	0.2903422032083784	0.5181313327380589
62465	SPICES	0.4624291402953012	0.6849170327186584
251531	SPICES	0.16717638288225448	0.36169945342200144
440917	SPICES	0.3224165822778429	0.5529566832951137
637758	SPICES	0.2730420380830765	0.49220665863582064
1549025	SPICES	0.1777679749897548	0.3332022087914603
2733294	SPICES	0.203340687922069	0.4080621898174286
5281167	SPICES	0.21910658478736877	0.413968597139631
5281168	SPICES	0.2383309006690979	0.43210984979357037
5318599	SPICES	0.17619656664984568	0.4090001370225634
5352837	SPICES	0.18613448526178086	0.40497839025088717
5364231	SPICES	0.29271630729947773	0.4989834044660841
262	SPICES	0.2207588723727635	0.4388217670576913
323	SPICES	0.319782908473696	0.5588370306151254
750	SPICES	0.21697952491896494	0.43913139615740093
753	SPICES	0.2478648998907634	0.4729589266436441
962	SPICES	0.21985323940004622	0.4289393978459494
5862	SPICES	0.22179880099637167	0.4682106247970036
5962	SPICES	0.1572598304067339	0.3722270556858608
6274	SPICES	0.23713144659996033	0.45638699190957205
6322	SPICES	0.19696323147841863	0.40792409437043325
6669	SPICES	0.11985454601900918	0.37445385115487234
7137	SPICES	0.4619854816368648	0.7171530723571777
15654	SPICES	0.2522736745221274	0.4944635161331722
62089	SPICES	0.1579081905739648	0.35865756443568636
853433	SPICES	0.5020198438848767	0.7368390900748116
5371102	SPICES	0.2860720583370754	0.5160934797355107
10857465	SPICES	0.23860882009778703	0.49152512209756033
180	COLD	0.27336831603731426	0.4580759746687753
264	COLD	0.1435044343982424	0.3233663780348642
702	COLD	0.21871207228728703	0.3872344621590206
1031	COLD	0.2208468552146639	0.4056349439280374
3102	COLD	0.28410081778253826	0.47787028551101685
3314	COLD	0.23054303228855133	0.4378175565174648
6506	COLD	0.23643965593406133	0.3857115421976362
6544	COLD	0.36849319509097506	0.5732390369687762
6561	COLD	0.21110566599028452	0.3900439143180847
7092	COLD	0.3427347413131169	0.5876581839152745
7302	COLD	0.1803861175264631	0.35953337379864286
7476	COLD	0.280184873512813	0.4947925465447562
7559	COLD	0.28601003544671194	0.5056749284267426
7657	COLD	0.2884411173207419	0.4735565313271114
7770	COLD	0.25710839671748026	0.49614482692309786
7793	COLD	0.26444254176957266	0.45990514755249023
7797	COLD	0.29593985847064425	0.4946405121258327
8025	COLD	0.20556820716176713	0.3915797301701137
8049	COLD	0.21808561895574843	0.3814468894686018
8094	COLD	0.19817785705838883	0.40394156745501925
8419	COLD	0.22182858203138625	0.41506226999419077
8438	COLD	0.2810849760259901	0.4953477680683136
8468	COLD	0.2483561975615365	0.44867672664778574
8815	COLD	0.3557542562484741	0.5445949860981533
8878	COLD	0.22506551444530487	0.42455050349235535
9012	COLD	0.15373411348887853	0.2856741760458265
10886	COLD	0.22485190204211644	0.42559146881103516
11567	COLD	0.46389341354370117	0.6498242786952427
12020	COLD	0.26492863042013987	0.4660935912813459
12265	COLD	0.2757498323917389	0.47528532998902456
12377	COLD	0.2222145668097905	0.4145495763846806
16537	COLD	0.3742199582712991	0.5919331737927028
17898	COLD	0.17545365222862788	0.3815486558846065
18467	COLD	0.18609162739345006	0.37000932012285503
21363	COLD	0.2533170367990221	0.4452454830918993
27440	COLD	0.18995049170085362	0.35995921918324064
31219	COLD	0.3278668522834778	0.5261351551328387
31276	COLD	0.2991589733532497	0.5374352591378349
31283	COLD	0.1681564301252365	0.3149295747280121
60998	COLD	0.19093176083905355	0.35942528929029194
61523	COLD	0.26824453685964855	0.46256553700992037
62351	COLD	0.18620029091835022	0.3363346883228847
62465	COLD	0.230881073645183	0.4372170439788273
251531	COLD	0.2659587093761989	0.43715885281562805
440917	COLD	0.5615867376327515	0.723545355456216
637758	COLD	0.23167112256799424	0.45064798848969595
1549025	COLD	0.1999080947467259	0.3740727347987039
2733294	COLD	0.2379495927265712	0.458763314144952
5281167	COLD	0.2859087203230177	0.45434384260858807
5281168	COLD	0.20287763433797018	0.40052697488239836
5318599	COLD	0.2638761592762811	0.4602653852530888
5352837	COLD	0.2662499610866819	0.44415493096624103
5364231	COLD	0.2665616550615856	0.42496452586991446
262	COLD	0.2732401575360979	0.46533786824771334
323	COLD	0.31772683347974506	0.5651385528700692
750	COLD	0.1971332175391061	0.3559116167681558
753	COLD	0.24034647643566132	0.42976932866232737
962	COLD	0.2962449959346226	0.505300692149571
5862	COLD	0.16744265598910196	0.3134192313466753
5962	COLD	0.17813317264829362	0.34659616010529654
6274	COLD	0.2700339215142386	0.46797196354184833
6322	COLD	0.2416162725005831	0.43790661437170847
6669	COLD	0.17875365061419352	0.35126603075436186
7137	COLD	0.21665330869810923	0.4334437463964735
15654	COLD	0.18361793458461761	0.3409472576209477
62089	COLD	0.1696387082338333	0.34857651591300964
853433	COLD	0.22929019161633082	0.4378473034926823
5371102	COLD	0.3052378424576351	0.5002242752483913
10857465	COLD	0.33903030838285175	0.6031867861747742
180	SOUR	0.23345778243882315	0.47155493072101046
264	SOUR	0.7035526803561619	0.8416446106774467
702	SOUR	0.25846344445432934	0.48315813285963877
1031	SOUR	0.30146815947123934	0.5264198992933545
3102	SOUR	0.23901039361953735	0.47356528895241873
3314	SOUR	0.11761050032717842	0.29943335482052397
6506	SOUR	0.34342698965753826	0.551716012614114
6544	SOUR	0.23791952431201935	0.42758568269865854
6561	SOUR	0.41650264603751047	0.6338001915386745
7092	SOUR	0.14536369272640773	0.3426109254360199
7302	SOUR	0.3068429444517408	0.5390040917055947
7476	SOUR	0.14276389990534102	0.3723316192626953
7559	SOUR	0.21999098999159677	0.4526922447340829
7657	SOUR	0.296231746673584	0.5334669266428266
7770	SOUR	0.26276947983673643	0.5042096163545337
7793	SOUR	0.18953061742441996	0.38858891810689655
7797	SOUR	0.1716944660459246	0.36967015266418457
8025	SOUR	0.33924773761204313	0.5754570364952087
8049	SOUR	0.2798152970416205	0.4846029153891972
8094	SOUR	0.44118999583380564	0.6373398303985596
8419	SOUR	0.11239264799015862	0.31627545186451506
8438	SOUR	0.11915842017957143	0.3233896238463266
8468	SOUR	0.1749599426984787	0.37273940443992615
8815	SOUR	0.13125444310052053	0.32775179403168814
8878	SOUR	0.21876137810094015	0.4033269499029432
9012	SOUR	0.46361726948193144	0.7389704925673348
10886	SOUR	0.24852972796985082	0.46387201973370146
11567	SOUR	0.13609482028654643	0.3708700793130057
12020	SOUR	0.2749539485999516	0.5116069444588253
12265	SOUR	0.2402895667723247	0.4750190930707114
12377	SOUR	0.44512252296720234	0.7308900696890694
16537	SOUR	0.19717471940176828	0.42900605286870686
17898	SOUR	0.25547984455313	0.5111156787191119
18467	SOUR	0.2365431295973914	0.4748762207371848
21363	SOUR	0.27952686165060314	0.46935103620801655
27440	SOUR	0.33117164032799856	0.5915205989565168
31219	SOUR	0.2082384760890688	0.45181005341666086
31276	SOUR	0.1858161347252982	0.4481289003576551
31283	SOUR	0.2122160792350769	0.4380096878324236
60998	SOUR	0.27550174934523447	0.5106800496578217
61523	SOUR	0.2522278534514563	0.466254860162735
62351	SOUR	0.4261516673224313	0.6712491597448077
62465	SOUR	0.1629252008029393	0.38063957009996685
251531	SOUR	0.1962940607752119	0.40715800864355906
440917	SOUR	0.3212714450699942	0.5215990202767509
637758	SOUR	0.16121454962662288	0.3987569000039782
1549025	SOUR	0.2835130819252559	0.49065104126930237
2733294	SOUR	0.27004259186131613	0.5069047340324947
5281167	SOUR	0.3212254856313978	0.5363661561693464
5281168	SOUR	0.4252875191824777	0.6485329355512347
5318599	SOUR	0.2696500016110284	0.46733605010168894
5352837	SOUR	0.26642816407339914	0.4741412103176117
5364231	SOUR	0.28062021306582857	0.47399955136435373
262	SOUR	0.197023800441197	0.4068567795412881
323	SOUR	0.12661047599145345	0.30410012177058626
750	SOUR	0.23899832793644496	0.45266862000737873
753	SOUR	0.2311086505651474	0.4483112905706678
962	SOUR	0.2232617118528911	0.448319673538208
5862	SOUR	0.2979501187801361	0.5503539570740291
5962	SOUR	0.39979064890316557	0.6249423793384007
6274	SOUR	0.2145208716392517	0.4248766473361424
6322	SOUR	0.26531464074339184	0.4749216522489275
6669	SOUR	0.1907287176166262	0.32648588504110065
7137	SOUR	0.08637750468083791	0.27748046602521625
15654	SOUR	0.20252515162740434	0.44729022894586834
62089	SOUR	0.47280642815998625	0.6545071005821228
853433	SOUR	0.08874312256063734	0.2676911417927061
5371102	SOUR	0.23649143959794725	0.4368606039455959
10857465	SOUR	0.26643877370016916	0.5297827465193612
180	BURNT	0.12227514173303332	0.383584269455501
264	BURNT	0.10822413861751556	0.39921862312725614
702	BURNT	0.12278140229838234	0.3910522162914276
1031	BURNT	0.11781734015260424	0.38176255992480684
3102	BURNT	0.13790264087063925	0.4148146424974714
3314	BURNT	0.19263126168932235	0.5575191463742938
6506	BURNT	0.13898656517267227	0.40929719379970003
6544	BURNT	0.07713946593659264	0.3022758832999638
6561	BURNT	0.1480592510529927	0.4473574842725481
7092	BURNT	0.08106316466416631	0.3559251129627228
7302	BURNT	0.24476259095328196	0.5518949372427804
7476	BURNT	0.08097682786839348	0.31599036284855436
7559	BURNT	0.06590891523020607	0.24496208344187057
7657	BURNT	0.13740326783486775	0.41571512818336487
7770	BURNT	0.050535122730902264	0.24219755402633122
7793	BURNT	0.09978504053183965	0.29583979504449026
7797	BURNT	0.05118613211171968	0.21940762868949346
8025	BURNT	0.11468873492309026	0.3726617821625301
8049	BURNT	0.11839921346732549	0.32539722323417664
8094	BURNT	0.161226396049772	0.4853056286062513
8419	BURNT	0.12667004870516912	0.41891491413116455
8438	BURNT	0.07946568940367017	0.32877986771719797
8468	BURNT	0.16103625403983252	0.47047105857304167
8815	BURNT	0.07105672944869314	0.3309869681085859
8878	BURNT	0.08762007632425853	0.30062844923564364
9012	BURNT	0.3254824919360025	0.7006507856505257
10886	BURNT	0.10665864603860038	0.3390919140407017
11567	BURNT	0.17167146929672786	0.45408637608800617
12020	BURNT	0.15086740255355835	0.44772989409310476
12265	BURNT	0.1455977867756571	0.4460909238883427
12377	BURNT	0.14514900743961334	0.4318055808544159
16537	BURNT	0.07214093208312988	0.26116134439195904
17898	BURNT	0.30910259910992216	0.6417097534452166
18467	BURNT	0.2426858480487551	0.5637289796556745
21363	BURNT	0.07565632994685854	0.30336976051330566
27440	BURNT	0.2786226102284023	0.6381015947886876
31219	BURNT	0.07874152702944619	0.28202336600848604
31276	BURNT	0.04610969711627279	0.25688669085502625
31283	BURNT	0.1845181712082454	0.46174822534833637
60998	BURNT	0.10940118134021759	0.33269253373146057
61523	BURNT	0.1085008734038898	0.3626508627619062
62351	BURNT	0.2611332748617445	0.6215960809162685
62465	BURNT	0.29552047167505535	0.7124842916216169
251531	BURNT	0.08228775539568492	0.31961298414639067
440917	BURNT	0.12233708160264152	0.386095438684736
637758	BURNT	0.06661336123943329	0.2779055280344827
1549025	BURNT	0.09778472461870738	0.3505099543503353
2733294	BURNT	0.10479009577206203	0.3365768279348101
5281167	BURNT	0.11071010891880308	0.3596062106745584
5281168	BURNT	0.16902438125440053	0.5154391527175903
5318599	BURNT	0.16334163610424315	0.42749482819012236
5352837	BURNT	0.12562436504023416	0.35809278913906645
5364231	BURNT	0.1520993219954627	0.3969147120203291
262	BURNT	0.11274195994649615	0.36663166540009634
323	BURNT	0.10846476363284248	0.35197602425302776
750	BURNT	0.186404321874891	0.47970105920519146
753	BURNT	0.18762565084866115	0.4812697044440678
962	BURNT	0.12903757180486405	0.4047431860651289
5862	BURNT	0.3135708911078317	0.6216134173529488
5962	BURNT	0.20789802713053568	0.5098681322165898
6274	BURNT	0.14180567860603333	0.43190944620541166
6322	BURNT	0.15276788813727243	0.43499028256961275
6669	BURNT	0.1561244832617896	0.34949888927595957
7137	BURNT	0.1052240686757224	0.44325939672333853
15654	BURNT	0.23684724739619664	0.5551772798810687
62089	BURNT	0.18586911686829158	0.5172678700515202
853433	BURNT	0.14970735034772328	0.507570892572403
5371102	BURNT	0.14069507164614542	0.4111491399151938
10857465	BURNT	0.12768524991614477	0.418051506791796
180	ACID	0.3447773371423994	0.5701403192111424
264	ACID	0.24457096202032907	0.43623762471335276
702	ACID	0.22351007163524628	0.4111684262752533
1031	ACID	0.23804043446268355	0.44211195622171673
3102	ACID	0.2797962299415043	0.4844648838043213
3314	ACID	0.16939538504396165	0.3513267380850656
6506	ACID	0.2452944048813411	0.421143467937197
6544	ACID	0.24379466048308782	0.4813756304127829
6561	ACID	0.4101082384586334	0.6210100821086338
7092	ACID	0.18274482871804917	0.41376299943242756
7302	ACID	0.32014782088143484	0.5268498105662209
7476	ACID	0.1523657004748072	0.3797784745693207
7559	ACID	0.2541715694325311	0.4906974860600063
7657	ACID	0.37427365354129244	0.5917286276817322
7770	ACID	0.22407619229384831	0.49168110319546293
7793	ACID	0.2092362322977611	0.4248681238719395
7797	ACID	0.1181580764906747	0.29929893783160616
8025	ACID	0.2895418533257076	0.5045384892395565
8049	ACID	0.1640892390693937	0.33742061257362366
8094	ACID	0.2583759341921125	0.48012963788849966
8419	ACID	0.1468634626695088	0.3419875843184335
8438	ACID	0.14202038943767548	0.35673390541757855
8468	ACID	0.2005085093634469	0.4040986640112741
8815	ACID	0.15923322524343217	0.3710980330194746
8878	ACID	0.1398605172123228	0.3419912968363081
9012	ACID	0.2817919318165098	0.5413992532661983
10886	ACID	0.2134223942245756	0.43580625312668936
11567	ACID	0.5298728431974139	0.7125231623649597
12020	ACID	0.3431111105850765	0.5670942195824215
12265	ACID	0.4021297608103071	0.6290531243596759
12377	ACID	0.2114906758069992	0.46292287962777273
16537	ACID	0.23338019847869873	0.5024013434137616
17898	ACID	0.26223793412957874	0.4801324818815504
18467	ACID	0.23130301918302262	0.43592958790915354
21363	ACID	0.1558465255158288	0.36565064106668743
27440	ACID	0.35491085052490234	0.5936764904430935
31219	ACID	0.2862988497529711	0.5229596367904118
31276	ACID	0.22909757707800185	0.5130045201097216
31283	ACID	0.16063827063356126	0.326661799635206
60998	ACID	0.16975854550089156	0.39449428660529
61523	ACID	0.2860640415123531	0.532885172537395
62351	ACID	0.33412120597703115	0.5621327076639447
62465	ACID	0.32471988456589834	0.5326349820409503
251531	ACID	0.18447603498186385	0.3919995980603354
440917	ACID	0.4723718208926065	0.723740986415318
637758	ACID	0.115968933062894	0.29925483890942167
1549025	ACID	0.17314432561397552	0.33544052498681204
2733294	ACID	0.19925738658223832	0.4152724189417703
5281167	ACID	0.24652911296912602	0.4949052504130772
5281168	ACID	0.3263007274695805	0.5621165803500584
5318599	ACID	0.2756862597806113	0.5312819736344474
5352837	ACID	0.24897855520248413	0.49310848116874695
5364231	ACID	0.1748474964073726	0.37183816518102375
262	ACID	0.2310421700988497	0.43219359857695444
323	ACID	0.14023543149232864	0.35624503237860544
750	ACID	0.1919533908367157	0.3808176474911826
753	ACID	0.2597460789339883	0.4677392372063228
962	ACID	0.3159811113561903	0.5237036773136684
5862	ACID	0.20111174242837088	0.40127712913921904
5962	ACID	0.22681734604494913	0.4485203240598951
6274	ACID	0.230744474700519	0.4386259743145534
6322	ACID	0.23439664925847734	0.44563315170151846
6669	ACID	0.1888091266155243	0.3793029189109802
7137	ACID	0.11270792782306671	0.30839106014796663
15654	ACID	0.17481337913445064	0.3699426054954529
62089	ACID	0.28602278232574463	0.5131433222975049
853433	ACID	0.13830146832125528	0.3265665130955832
5371102	ACID	0.2936044761112758	0.5262307567255837
10857465	ACID	0.40947383642196655	0.6487237215042114
180	WARM	0.25895863132817404	0.4728128101144518
264	WARM	0.3597923644951412	0.5683600732258388
702	WARM	0.274051838687488	0.4733452541487558
1031	WARM	0.27240062611443655	0.47559673871312824
3102	WARM	0.3018212105546679	0.4937003127166203
3314	WARM	0.45921444041388376	0.6600543941770282
6506	WARM	0.34241644399506704	0.532158613204956
6544	WARM	0.33677519645009724	0.5325957706996373
6561	WARM	0.28322987045560566	0.48650277086666655
7092	WARM	0.3552590608596802	0.5276705835546766
7302	WARM	0.3543774570737566	0.5561113612992423
7476	WARM	0.3298175036907196	0.5234807644571576
7559	WARM	0.34420348916734966	0.5571209958621434
7657	WARM	0.30275452562740873	0.5221309747014727
7770	WARM	0.3188548130648477	0.5599169560841152
7793	WARM	0.3151020535400936	0.4932724620614733
7797	WARM	0.3590333802359445	0.600481425012861
8025	WARM	0.26902563657079426	0.47563619698796955
8049	WARM	0.3545611117567335	0.5594820976257324
8094	WARM	0.3518484958580562	0.5605495657239642
8419	WARM	0.5213207815374646	0.6749295677457537
8438	WARM	0.41518376980509075	0.5868803007262093
8468	WARM	0.3665848800114223	0.5869170086724418
8815	WARM	0.3322171952043261	0.5467610827514103
8878	WARM	0.4093906453677586	0.6511938742228917
9012	WARM	0.42199627842221943	0.6671376143183027
10886	WARM	0.3100412019661495	0.5157374697072166
11567	WARM	0.34868402991976055	0.5648363913808551
12020	WARM	0.2837696245738438	0.4872104227542877
12265	WARM	0.24886563846043178	0.465316253049033
12377	WARM	0.2631068527698517	0.5304160032953534
16537	WARM	0.28343391844204496	0.5141167896134513
17898	WARM	0.3962332734039852	0.6237142937523978
18467	WARM	0.3497835397720337	0.5694850938660758
21363	WARM	0.3518591821193695	0.5538563302585057
27440	WARM	0.3989010921546391	0.6287636927195958
31219	WARM	0.2821873426437378	0.496603718825749
31276	WARM	0.3132866450718471	0.5605468153953552
31283	WARM	0.45867147190230234	0.6549091168812343
60998	WARM	0.4351478006158556	0.6111185550689697
61523	WARM	0.3016659532274519	0.49914548226765226
62351	WARM	0.37984051023210796	0.6044516904013497
62465	WARM	0.46385745065552847	0.6635796427726746
251531	WARM	0.3117740367140089	0.4852962834494455
440917	WARM	0.2233314769608634	0.4070089416844504
637758	WARM	0.3521455866949899	0.5224426729338509
1549025	WARM	0.31043646165302824	0.48427984544209074
2733294	WARM	0.34678412335259573	0.5535011461802891
5281167	WARM	0.33425829240253996	0.5620414784976414
5281168	WARM	0.38678460887500216	0.5989430461611066
5318599	WARM	0.3738884542669569	0.5560801667826516
5352837	WARM	0.34047494190079824	0.5304379974092756
5364231	WARM	0.38400291970797945	0.5557970915521894
262	WARM	0.28616819637162344	0.476808956691197
323	WARM	0.4167481064796448	0.606057379926954
750	WARM	0.3628813070910318	0.5730954919542585
753	WARM	0.3234976317201342	0.5245683065482548
962	WARM	0.2631523162126541	0.45635950565338135
5862	WARM	0.39334005543163847	0.6136481165885925
5962	WARM	0.3696496146065848	0.5887975777898516
6274	WARM	0.3068565343107496	0.5035825414316994
6322	WARM	0.3017365591866629	0.5007451346942356
6669	WARM	0.5318433727536883	0.6825023719242641
7137	WARM	0.5263744081769671	0.7113270504134042
15654	WARM	0.37778512494904654	0.5797072734151568
62089	WARM	0.36876104133469717	0.5642786962645394
853433	WARM	0.4671042093208858	0.6778940217835563
5371102	WARM	0.3406283174242292	0.548027753829956
10857465	WARM	0.3679756053856441	0.584067336150578
180	MUSKY	0.18105398969990866	0.41109584059034077
264	MUSKY	0.6520862068448748	0.8346874458449227
702	MUSKY	0.23881603138787405	0.44060575536319185
1031	MUSKY	0.2765166908502579	0.4793732038566044
3102	MUSKY	0.24193809500762395	0.48157372219221933
3314	MUSKY	0.12386457675269671	0.2833352599825178
6506	MUSKY	0.2756687104701996	0.49396062748772757
6544	MUSKY	0.25309840057577404	0.4422605974333627
6561	MUSKY	0.3806162731988089	0.614972710609436
7092	MUSKY	0.178304951105799	0.35386926787240164
7302	MUSKY	0.294120477778571	0.5537303941590446
7476	MUSKY	0.15363980616841996	0.3911325974123819
7559	MUSKY	0.20452880007880075	0.4180243526186262
7657	MUSKY	0.28613073910985676	0.531258510691779
7770	MUSKY	0.1152367474777358	0.30079500802925657
7793	MUSKY	0.16772675727094924	0.37854479466165813
7797	MUSKY	0.06001239110316549	0.20725372433662415
8025	MUSKY	0.2765529326030186	0.4903142920562199
8049	MUSKY	0.24213776205267226	0.44037574529647827
8094	MUSKY	0.4546948032719748	0.6876169187682015
8419	MUSKY	0.11745597901088851	0.30131177817072186
8438	MUSKY	0.11797251339469637	0.31578367948532104
8468	MUSKY	0.16246735836778367	0.35152454887117657
8815	MUSKY	0.09926990632499967	0.263946213892528
8878	MUSKY	0.12922094549451554	0.30191060049193247
9012	MUSKY	0.3980776710169656	0.6791212643895831
10886	MUSKY	0.19857583940029144	0.3877487523215158
11567	MUSKY	0.16268735698291234	0.36353528925350737
12020	MUSKY	0.238078630396298	0.46389258759362356
12265	MUSKY	0.21018859318324498	0.4456769440855299
12377	MUSKY	0.3070324659347534	0.5796443138803754
16537	MUSKY	0.0889570771583489	0.3171193514551435
17898	MUSKY	0.36154926674706594	0.6388895852225167
18467	MUSKY	0.2948870084115437	0.5505194110529763
21363	MUSKY	0.32316977211407255	0.5194047604288373
27440	MUSKY	0.33966132146971567	0.6151576042175293
31219	MUSKY	0.14358799372400557	0.36506642614092144
31276	MUSKY	0.036556663257735114	0.2297039053269795
31283	MUSKY	0.2440021995987211	0.47223191601889475
60998	MUSKY	0.34585635151181904	0.5660529477255685
61523	MUSKY	0.21828102426869528	0.4545695057937077
62351	MUSKY	0.3579260621752058	0.6211021883147103
62465	MUSKY	0.21143697840826853	0.4297488714967455
251531	MUSKY	0.1984896638563701	0.3864241455282484
440917	MUSKY	0.09735868605119842	0.34228036233357023
637758	MUSKY	0.17097210458346776	0.4024823946612222
1549025	MUSKY	0.1534320605652673	0.31181743315287996
2733294	MUSKY	0.16180443976606643	0.3605875074863434
5281167	MUSKY	0.26020089643342154	0.4721401504107884
5281168	MUSKY	0.3777450365679605	0.6243425011634827
5318599	MUSKY	0.26616708295685904	0.49643352202006746
5352837	MUSKY	0.24657127899783	0.4634867949145181
5364231	MUSKY	0.22948479865278518	0.43009925314358305
262	MUSKY	0.18309385223048075	0.36015117168426514
323	MUSKY	0.15860583313873836	0.37056528670447214
750	MUSKY	0.2411271972315652	0.4527860070977892
753	MUSKY	0.20345822402409144	0.4018961659499577
962	MUSKY	0.2122724460703986	0.431466349533626
5862	MUSKY	0.28150953352451324	0.5405560561588832
5962	MUSKY	0.40698457189968656	0.6469391754695347
6274	MUSKY	0.20188488491943904	0.3926321140357426
6322	MUSKY	0.25521124047892435	0.4622483679226467
6669	MUSKY	0.22941767317908152	0.4111609586647579
7137	MUSKY	0.09267682901450566	0.26522533169814516
15654	MUSKY	0.2534986883401871	0.5154408812522888
62089	MUSKY	0.5165275292737144	0.7271489075251988
853433	MUSKY	0.10395718259470803	0.2503661492041179
5371102	MUSKY	0.20227113791874476	0.42855070318494526
10857465	MUSKY	0.3716149755886623	0.6284638728414264
180	SWEATY	0.09683893620967865	0.26760246072496685
264	SWEATY	0.5334440980638776	0.7534410612923759
702	SWEATY	0.12522044139248983	0.28929513905729565
1031	SWEATY	0.17294401888336455	0.3439990260771343
3102	SWEATY	0.13198233076504298	0.3185605193887438
3314	SWEATY	0.009143733286431857	0.07586837666375297
6506	SWEATY	0.1853086171405656	0.37291850788252695
6544	SWEATY	0.15380058011838368	0.2825789281300136
6561	SWEATY	0.23966364775385177	0.45740485191345215
7092	SWEATY	0.0641366679753576	0.17865003858293807
7302	SWEATY	0.14325203214372909	0.34101058755602154
7476	SWEATY	0.06301993770258767	0.21322814055851527
7559	SWEATY	0.11549574881792068	0.2822430261543819
7657	SWEATY	0.16715422911303385	0.38276960594313486
7770	SWEATY	0.05826485635978835	0.180187565939767
7793	SWEATY	0.1047857648559979	0.2559807130268642
7797	SWEATY	0.01475597039929458	0.06473425669329506
8025	SWEATY	0.19211685870374953	0.37840387650898527
8049	SWEATY	0.13298711606434413	0.2755186068160193
8094	SWEATY	0.27973910740443636	0.48256384900638033
8419	SWEATY	0.03794320087347712	0.10170028199042593
8438	SWEATY	0.025730047108871595	0.12363555814538683
8468	SWEATY	0.0650707089475223	0.16294685644762857
8815	SWEATY	0.031654084633503644	0.1402975395321846
8878	SWEATY	0.05301998023475919	0.1181963107415608
9012	SWEATY	0.24496097224099295	0.5156226243291583
10886	SWEATY	0.11737153146948133	0.2867700031825474
11567	SWEATY	0.030058653226920536	0.14746046279157912
12020	SWEATY	0.12294756408248629	0.2996179929801396
12265	SWEATY	0.08751216105052403	0.2504925344671522
12377	SWEATY	0.21316390378134592	0.4584513391767229
16537	SWEATY	0.05909884827477591	0.18730391349111283
17898	SWEATY	0.17472958245447703	0.4191457416330065
18467	SWEATY	0.13309855067304202	0.3541600682905742
21363	SWEATY	0.21749113287244523	0.36291576283318655
27440	SWEATY	0.15780442314488546	0.40489365799086435
31219	SWEATY	0.08781713460172925	0.23517267405986786
31276	SWEATY	0.00611128072653498	0.11955017915793828
31283	SWEATY	0.12169458929981504	0.30510981380939484
60998	SWEATY	0.2067352192742484	0.3787864787237985
61523	SWEATY	0.1544174530676433	0.34476143973214285
62351	SWEATY	0.2054883028779711	0.43106445244380404
62465	SWEATY	0.033442948811820576	0.17011156784636633
251531	SWEATY	0.09520998810018812	0.22353167619024003
440917	SWEATY	0.02897974689091955	0.1693463080695697
637758	SWEATY	0.09224697947502136	0.27259084795202526
1549025	SWEATY	0.1060879145349775	0.2534731264625277
2733294	SWEATY	0.10077888146042824	0.28393278803144184
5281167	SWEATY	0.18766035778181894	0.39250720398766653
5281168	SWEATY	0.24960939160415105	0.4791328523840223
5318599	SWEATY	0.1445493091429983	0.3372052524771009
5352837	SWEATY	0.15030046445982798	0.3347030303307942
5364231	SWEATY	0.14470500818320683	0.31916790349142893
262	SWEATY	0.07011550718120166	0.18444035415138518
323	SWEATY	0.03752605936356953	0.13263066006558283
750	SWEATY	0.13463038631847926	0.2849064384187971
753	SWEATY	0.09682384505867958	0.24408267864159175
962	SWEATY	0.09519035688468389	0.24588801392487117
5862	SWEATY	0.17405438316719873	0.3966121886457716
5962	SWEATY	0.29805847789560047	0.5406316561358315
6274	SWEATY	0.09655934678656715	0.2078351570027215
6322	SWEATY	0.15737905672618321	0.31192442774772644
6669	SWEATY	0.09216327699167388	0.16387407162359782
7137	SWEATY	0.0265667662024498	0.09621345092143331
15654	SWEATY	0.11888312016214643	0.3323416922773634
62089	SWEATY	0.32993094835962566	0.533049898488181
853433	SWEATY	0.004555390881640571	0.049946718982287815
5371102	SWEATY	0.10329742729663849	0.258823145713125
10857465	SWEATY	0.1558797966156687	0.38447700228009907
180	AMMONIA/URINOUS	0.3208338277680533	0.497520101921899
264	AMMONIA/URINOUS	0.4366419400487627	0.5631564557552338
702	AMMONIA/URINOUS	0.18053072478090013	0.3460771696908133
1031	AMMONIA/URINOUS	0.23735939392021724	0.4102042487689427
3102	AMMONIA/URINOUS	0.3814901326383863	0.5247258458818708
3314	AMMONIA/URINOUS	0.1278871265905244	0.27907033051763264
6506	AMMONIA/URINOUS	0.2064633710043771	0.3571233834539141
6544	AMMONIA/URINOUS	0.3141487751688276	0.4596256571156638
6561	AMMONIA/URINOUS	0.4692953867571695	0.6006846598216465
7092	AMMONIA/URINOUS	0.19724230894020625	0.3635779321193695
7302	AMMONIA/URINOUS	0.3523107256208147	0.5050984578473228
7476	AMMONIA/URINOUS	0.1427057066134044	0.30295678973197937
7559	AMMONIA/URINOUS	0.327594341976302	0.4850729363305228
7657	AMMONIA/URINOUS	0.4905174119131906	0.6321939655712673
7770	AMMONIA/URINOUS	0.17934628788914	0.36094222749982563
7793	AMMONIA/URINOUS	0.27799135020800997	0.40532357777868
7797	AMMONIA/URINOUS	0.0683517764721598	0.13618857626404082
8025	AMMONIA/URINOUS	0.3358629218169621	0.5064664483070374
8049	AMMONIA/URINOUS	0.13637847879103251	0.2392913954598563
8094	AMMONIA/URINOUS	0.2799465187958309	0.40270894340106417
8419	AMMONIA/URINOUS	0.09127852320671082	0.22089455596038274
8438	AMMONIA/URINOUS	0.095801514174257	0.22173674191747392
8468	AMMONIA/URINOUS	0.1348842435649463	0.27857684024742674
8815	AMMONIA/URINOUS	0.12378348942313876	0.2660745786769049
8878	AMMONIA/URINOUS	0.09622736434851374	0.16193762740918569
9012	AMMONIA/URINOUS	0.4325807137148721	0.6256111945424762
10886	AMMONIA/URINOUS	0.2150532262665885	0.36125937529972624
11567	AMMONIA/URINOUS	0.5342618439878736	0.6513956018856594
12020	AMMONIA/URINOUS	0.3154111014945166	0.49308423485074726
12265	AMMONIA/URINOUS	0.35314381974084036	0.5236593740327018
12377	AMMONIA/URINOUS	0.30896116154534475	0.486610689333507
16537	AMMONIA/URINOUS	0.21194739214011601	0.37139894706862314
17898	AMMONIA/URINOUS	0.3625886482851846	0.515250244310924
18467	AMMONIA/URINOUS	0.25212122074195314	0.409604868718556
21363	AMMONIA/URINOUS	0.26573543889181955	0.39312465701784405
27440	AMMONIA/URINOUS	0.4115239807537624	0.5748245290347508
31219	AMMONIA/URINOUS	0.23791018554142543	0.4239307003361838
31276	AMMONIA/URINOUS	0.16055502210344588	0.35411457078797476
31283	AMMONIA/URINOUS	0.09970386326313019	0.19360191694327764
60998	AMMONIA/URINOUS	0.49125822527068	0.6073950273650033
61523	AMMONIA/URINOUS	0.38960983072008404	0.5529336162975856
62351	AMMONIA/URINOUS	0.39773552332605633	0.5704510297094073
62465	AMMONIA/URINOUS	0.2976777638707842	0.47892060024397715
251531	AMMONIA/URINOUS	0.20375869848898479	0.3520022694553648
440917	AMMONIA/URINOUS	0.3222659868853433	0.46449811117989676
637758	AMMONIA/URINOUS	0.14463249913283757	0.2989009661333902
1549025	AMMONIA/URINOUS	0.18267198545592173	0.31128560645239695
2733294	AMMONIA/URINOUS	0.16931180017335073	0.2926969017301287
5281167	AMMONIA/URINOUS	0.33960598707199097	0.4857589474746159
5281168	AMMONIA/URINOUS	0.41772948844092234	0.5700653280530658
5318599	AMMONIA/URINOUS	0.3077932319470814	0.46777278184890747
5352837	AMMONIA/URINOUS	0.3032439649105072	0.45677147592817036
5364231	AMMONIA/URINOUS	0.16120855723108565	0.28116753910269054
262	AMMONIA/URINOUS	0.14046346928392137	0.28311493567058016
323	AMMONIA/URINOUS	0.18657047833715165	0.30699398262160166
750	AMMONIA/URINOUS	0.11941639014652797	0.2801286918776376
753	AMMONIA/URINOUS	0.17702355342251913	0.3487842636448996
962	AMMONIA/URINOUS	0.2604716100863048	0.4317212062222617
5862	AMMONIA/URINOUS	0.2214424184390477	0.4156640086855207
5962	AMMONIA/URINOUS	0.27978719983782085	0.47612643241882324
6274	AMMONIA/URINOUS	0.13233895067657744	0.28767429079328266
6322	AMMONIA/URINOUS	0.17491143303258078	0.3472801276615688
6669	AMMONIA/URINOUS	0.17557219522339956	0.2024018658058984
7137	AMMONIA/URINOUS	0.06755442278725761	0.20710145788533346
15654	AMMONIA/URINOUS	0.20922225500856126	0.36295159799712046
62089	AMMONIA/URINOUS	0.30639010454927174	0.43354626638548716
853433	AMMONIA/URINOUS	0.08483101587210383	0.23226191103458405
5371102	AMMONIA/URINOUS	0.3000791881765638	0.46095505356788635
10857465	AMMONIA/URINOUS	0.5330094311918531	0.6874805518559047
180	DECAYED	0.07667069935372897	0.31717683374881744
264	DECAYED	0.3003468300615038	0.6526286261422294
702	DECAYED	0.07548860300864492	0.2989570839064462
1031	DECAYED	0.09124221173780304	0.326460274202483
3102	DECAYED	0.08600109602723803	0.343490081174033
3314	DECAYED	0.03271451552531549	0.24031506053039006
6506	DECAYED	0.093886741570064	0.32429133568491253
6544	DECAYED	0.08959888826523509	0.3179421084267752
6561	DECAYED	0.17935300937720708	0.47337549924850464
7092	DECAYED	0.050987222897154946	0.2370320771421705
7302	DECAYED	0.12297943234443665	0.3914400041103363
7476	DECAYED	0.04690460168889591	0.2620646229812077
7559	DECAYED	0.06797324014561516	0.3258164737905775
7657	DECAYED	0.11142110824584961	0.4098240222249712
7770	DECAYED	0.09935175840343748	0.3492478472845895
7793	DECAYED	0.06863018231732505	0.275810107588768
7797	DECAYED	0.03616369169737611	0.18145802404199327
8025	DECAYED	0.1225410167660032	0.3963294965880258
8049	DECAYED	0.07118370064667293	0.27906688834939686
8094	DECAYED	0.19251978184495652	0.45955984933035715
8419	DECAYED	0.05166766100696155	0.21705916098185948
8438	DECAYED	0.040168619847723415	0.20573674142360687
8468	DECAYED	0.03953950825546469	0.2267010978290013
8815	DECAYED	0.03423635568469763	0.19482501702649252
8878	DECAYED	0.06878337902682168	0.23200162606579916
9012	DECAYED	0.31536964007786344	0.6850768753460476
10886	DECAYED	0.07659880497625896	0.3281982583659036
11567	DECAYED	0.08698605107409614	0.31939855217933655
12020	DECAYED	0.07744409037487847	0.32867800125053953
12265	DECAYED	0.07633989676833153	0.3261330723762512
12377	DECAYED	0.36985330070768085	0.7233532752309527
16537	DECAYED	0.047252735921314785	0.24829744015421187
17898	DECAYED	0.14644159376621246	0.4587328774588449
18467	DECAYED	0.10408003734690803	0.37973478862217497
21363	DECAYED	0.09397980570793152	0.33026236295700073
27440	DECAYED	0.16579149876322066	0.5075438874108451
31219	DECAYED	0.06509171798825264	0.31176252024514334
31276	DECAYED	0.06773761234113149	0.29267328338963644
31283	DECAYED	0.04484389562691961	0.22284854309899466
60998	DECAYED	0.09002159110137395	0.32108684948512484
61523	DECAYED	0.08656812672104154	0.3358388202530997
62351	DECAYED	0.23979265136378153	0.5567995309829712
62465	DECAYED	0.06032986406769071	0.32575170057160513
251531	DECAYED	0.0389741233416966	0.22588085489613668
440917	DECAYED	0.05718711497528212	0.24863519200256892
637758	DECAYED	0.05921714114291327	0.3056989737919399
1549025	DECAYED	0.09371693272675787	0.30397428359304157
2733294	DECAYED	0.08648726769856044	0.3418390708310263
5281167	DECAYED	0.08417075872421265	0.34169380153928486
5281168	DECAYED	0.16613419141088212	0.4551094727856772
5318599	DECAYED	0.07718113969479289	0.319124311208725
5352837	DECAYED	0.07086976457919393	0.32051919613565716
5364231	DECAYED	0.09018118945615632	0.2896900177001953
262	DECAYED	0.037211996370128224	0.20702844858169556
323	DECAYED	0.06040029813136373	0.24170703760215215
750	DECAYED	0.06793917449457305	0.26063373046261923
753	DECAYED	0.06214345166725772	0.27363947885377066
962	DECAYED	0.050681946000882556	0.2748033787522997
5862	DECAYED	0.13048609346151352	0.4111977091857365
5962	DECAYED	0.1459075372133936	0.4237224246774401
6274	DECAYED	0.04031427550528731	0.2171368577650615
6322	DECAYED	0.07710140996745654	0.2933898866176605
6669	DECAYED	0.02548719583345311	0.15155819058418274
7137	DECAYED	0.04569929997835841	0.21071440513644898
15654	DECAYED	0.10104338505438396	0.3479052356311253
62089	DECAYED	0.22730201057025365	0.480031281709671
853433	DECAYED	0.03044660948216915	0.20763962183679854
5371102	DECAYED	0.07513647473284177	0.30324425654751913
10857465	DECAYED	0.13139557944876806	0.4237252175807953
180	WOOD	0.1539892703294754	0.33672356392656055
264	WOOD	0.12591227889060974	0.2773489760501044
702	WOOD	0.20780347074781144	0.3924004818711962
1031	WOOD	0.19891639479569026	0.3862031783376421
3102	WOOD	0.14385347068309784	0.33281972791467396
3314	WOOD	0.29146696840013775	0.46487192596708027
6506	WOOD	0.22834347827093943	0.40565183758735657
6544	WOOD	0.1980147021157401	0.4179149993828365
6561	WOOD	0.17830888714109147	0.36747068592480253
7092	WOOD	0.19099891824381693	0.3894455305167607
7302	WOOD	0.24084197197641646	0.4507661078657423
7476	WOOD	0.16224376005785807	0.35708698630332947
7559	WOOD	0.06217352407319205	0.21716222592762538
7657	WOOD	0.14204992992537363	0.34340442078454153
7770	WOOD	0.018857628107070923	0.1204764475779874
7793	WOOD	0.14922813858304704	0.3309811566557203
7797	WOOD	0.057591701192515235	0.1684234972511019
8025	WOOD	0.08750768325158528	0.23173838215214865
8049	WOOD	0.18179906904697418	0.35675206780433655
8094	WOOD	0.3239216549055917	0.545098500592368
8419	WOOD	0.22508896248681204	0.45133828691073824
8438	WOOD	0.17090026608535222	0.37767537576811655
8468	WOOD	0.32208230240004404	0.5436722465923854
8815	WOOD	0.1724331613097872	0.40267706343105863
8878	WOOD	0.10988725189651762	0.24163471588066646
9012	WOOD	0.1873739276613508	0.3580410437924521
10886	WOOD	0.16753944541726792	0.3107214740344456
11567	WOOD	0.24498369438307627	0.4505192850317274
12020	WOOD	0.27039091501917156	0.49838593176433016
12265	WOOD	0.24637585026877268	0.48292292441640583
12377	WOOD	0.06006538016455514	0.18552521935531072
16537	WOOD	0.15914889318602427	0.37122219800949097
17898	WOOD	0.4187024108001164	0.6298526695796421
18467	WOOD	0.3480972477367946	0.5663904462541852
21363	WOOD	0.19046767481735774	0.39630745564188274
27440	WOOD	0.3665297201701573	0.5714173657553536
31219	WOOD	0.05383037882191794	0.19467212685516902
31276	WOOD	0.010618458901132857	0.1117521237049784
31283	WOOD	0.31327257411820547	0.5404373322214399
60998	WOOD	0.14331419127328054	0.3291414678096771
61523	WOOD	0.18622333449976786	0.3962318556649344
62351	WOOD	0.23964740335941315	0.4209009451525552
62465	WOOD	0.4339298095021929	0.617805940764291
251531	WOOD	0.19716539340359823	0.4022584387234279
440917	WOOD	0.26670908502170015	0.540835018668856
637758	WOOD	0.0806035388793264	0.22041730795587813
1549025	WOOD	0.19179353437253407	0.3927518469946725
2733294	WOOD	0.18404783202069147	0.3138086519071034
5281167	WOOD	0.22000781978879655	0.4125493679727827
5281168	WOOD	0.3254050740173885	0.5505153451647077
5318599	WOOD	0.2919146035398756	0.5223952531814575
5352837	WOOD	0.2162323955978666	0.41752547451428007
5364231	WOOD	0.20608485170773097	0.41334154350417
262	WOOD	0.2730748312813895	0.4734876198428018
323	WOOD	0.17221955955028534	0.32925984263420105
750	WOOD	0.2955540844372341	0.5063865099634443
753	WOOD	0.32015468393053326	0.5264001658984593
962	WOOD	0.2655231739793505	0.4654279819556645
5862	WOOD	0.26944449118205477	0.44858430113111225
5962	WOOD	0.26078315504959654	0.4769634349005563
6274	WOOD	0.34866816656930105	0.5753654411860875
6322	WOOD	0.3090604373386928	0.5326481716973441
6669	WOOD	0.2231180795601436	0.41615042090415955
7137	WOOD	0.21215164235660008	0.42449658683368136
15654	WOOD	0.32607600944382803	0.54203348500388
62089	WOOD	0.34387203625270296	0.5543419207845416
853433	WOOD	0.2737155386379787	0.44546749762126375
5371102	WOOD	0.22483245389802115	0.45107040234974455
10857465	WOOD	0.452513758625303	0.6975805418831962
180	GRASS	0.10128502867051534	0.257393621972629
264	GRASS	0.0554442863379206	0.18866673963410513
702	GRASS	0.11278555010046278	0.26826383812086924
1031	GRASS	0.11007580799715859	0.27377510922295706
3102	GRASS	0.05470063590577671	0.17438449071986334
3314	GRASS	0.06036198139190674	0.22068747452327184
6506	GRASS	0.082041007067476	0.23277044296264648
6544	GRASS	0.19340313332421438	0.42053301845278057
6561	GRASS	0.07592054243598666	0.23059772167887008
7092	GRASS	0.10784646549395152	0.2899598053523472
7302	GRASS	0.0744438458766256	0.18932541353361948
7476	GRASS	0.13210089930466243	0.32647301043782917
7559	GRASS	0.08292566931673459	0.22319752616541727
7657	GRASS	0.08131773184452738	0.2478101508957999
7770	GRASS	0.02380125064935003	0.19149325362273625
7793	GRASS	0.09846402278968266	0.29024507318224224
7797	GRASS	0.11129454842635564	0.2831769117287227
8025	GRASS	0.09754927669252668	0.25080933954034534
8049	GRASS	0.046223129012754986	0.19998471013137273
8094	GRASS	0.09736439692122596	0.24125335259096964
8419	GRASS	0.08262412995100021	0.28412204555102755
8438	GRASS	0.09093192539044789	0.27148453678403583
8468	GRASS	0.09016556931393487	0.2616963769708361
8815	GRASS	0.20908068546227046	0.41619191425187246
8878	GRASS	0.06807763289128031	0.22637527116707393
9012	GRASS	0.09177803407822337	0.26285492522375925
10886	GRASS	0.11735123502356666	0.29077768325805664
11567	GRASS	0.05843447680984225	0.21234129156385148
12020	GRASS	0.12334059178829193	0.3279035304273878
12265	GRASS	0.13845016062259674	0.35657556993620737
12377	GRASS	0.05289170837828091	0.20240074396133423
16537	GRASS	0.26310634187289644	0.552671764578138
17898	GRASS	0.10686109002147402	0.2829261975628989
18467	GRASS	0.10099929464714867	0.28526550105639864
21363	GRASS	0.10866783559322357	0.2843889125755855
27440	GRASS	0.1609518602490425	0.4076581129005977
31219	GRASS	0.07144909192408834	0.20640516068254197
31276	GRASS	0.06756182174597468	0.24353743663855962
31283	GRASS	0.04777066994990621	0.19340096414089203
60998	GRASS	0.12055535188743047	0.31562141861234394
61523	GRASS	0.23321234115532466	0.47708286557878765
62351	GRASS	0.1254966099347387	0.3231813737324306
62465	GRASS	0.06890366865055901	0.22424255524362838
251531	GRASS	0.12273185700178146	0.28629868796893526
440917	GRASS	0.12974442754473006	0.45191457867622375
637758	GRASS	0.06974093722445625	0.20245537800448282
1549025	GRASS	0.09672585874795914	0.2545530157429831
2733294	GRASS	0.2506317453724997	0.4115585812500545
5281167	GRASS	0.3826076218060085	0.6273240191595895
5281168	GRASS	0.20736792470727647	0.43561017513275146
5318599	GRASS	0.25983910262584686	0.46169143489428927
5352837	GRASS	0.2890242018869945	0.5010316371917725
5364231	GRASS	0.3897522858210972	0.5943258575030735
262	GRASS	0.11868855037859508	0.29352269002369474
323	GRASS	0.06581304328782218	0.2153815861259188
750	GRASS	0.08926121464797429	0.21892396892820085
753	GRASS	0.10828607848712377	0.2697604660476957
962	GRASS	0.10713343322277069	0.26853865810803007
5862	GRASS	0.08854847082069942	0.20422283453600748
5962	GRASS	0.10122143902948924	0.23315921212945664
6274	GRASS	0.11734166741371155	0.30666394744600567
6322	GRASS	0.1020219943353108	0.26476925185748507
6669	GRASS	0.054563534046922414	0.1503441823380334
7137	GRASS	0.08507883814828736	0.2424753861767905
15654	GRASS	0.10122504191739219	0.2733498683997563
62089	GRASS	0.03631644855652537	0.12859225486006057
853433	GRASS	0.06139490593756948	0.2289176114967891
5371102	GRASS	0.1940931656530925	0.44270005396434237
10857465	GRASS	0.19636539263384684	0.4579076383795057
180	FLOWER	0.09551611649138587	0.31860898222242084
264	FLOWER	0.06365735562784332	0.2092349593128477
702	FLOWER	0.10121438652276993	0.33472379190581186
1031	FLOWER	0.10254168191126414	0.3366264019693647
3102	FLOWER	0.14553304123026983	0.374780718769346
3314	FLOWER	0.12018681530441556	0.34296001281057087
6506	FLOWER	0.11502330324479512	0.3147772593157632
6544	FLOWER	0.22124212767396653	0.4651472994259426
6561	FLOWER	0.05355072287576539	0.22316167610032217
7092	FLOWER	0.17742762927498137	0.44735384413174223
7302	FLOWER	0.07330279265131269	0.22346395892756327
7476	FLOWER	0.3304876131670816	0.6000001175062997
7559	FLOWER	0.35335548860686167	0.6558014239583697
7657	FLOWER	0.11401448611702238	0.3324182799884251
7770	FLOWER	0.2697922331946237	0.5322013752801078
7793	FLOWER	0.41895540271486553	0.6485448139054435
7797	FLOWER	0.37374342339379446	0.6174448217664447
8025	FLOWER	0.09734597057104111	0.34520141567502705
8049	FLOWER	0.20351497190339224	0.4323010529790606
8094	FLOWER	0.09192047374589103	0.21847952476569585
8419	FLOWER	0.2632434921605246	0.5115040285246713
8438	FLOWER	0.2978693502289908	0.5612221785954067
8468	FLOWER	0.13637581786939076	0.3641630453722818
8815	FLOWER	0.20479518387998855	0.46123266220092773
8878	FLOWER	0.29354481611933025	0.5042254499026707
9012	FLOWER	0.03449664956757	0.1171668895653316
10886	FLOWER	0.2139382745538439	0.4549734038966043
11567	FLOWER	0.08443985134363174	0.299377794776644
12020	FLOWER	0.08499373974544662	0.2972518077918461
12265	FLOWER	0.07854215108922549	0.29448806388037546
12377	FLOWER	0.061959651964051385	0.1415017917752266
16537	FLOWER	0.43013967360769	0.7091396280697414
17898	FLOWER	0.05372141780597823	0.18682787673813955
18467	FLOWER	0.072606874363763	0.22967607634408133
21363	FLOWER	0.3102131060191563	0.5372082207884107
27440	FLOWER	0.05150561087897846	0.18458147772720881
31219	FLOWER	0.2543077554021563	0.5608876943588257
31276	FLOWER	0.2747738403933389	0.5520235129765102
31283	FLOWER	0.1373304511819567	0.3369667870657785
60998	FLOWER	0.3723446215902056	0.6409382905278888
61523	FLOWER	0.2677452564239502	0.4986885828631265
62351	FLOWER	0.04893671508346285	0.1618266361100333
62465	FLOWER	0.05476636439561844	0.23368642798491887
251531	FLOWER	0.27683745537485394	0.524956647838865
440917	FLOWER	0.11496371775865555	0.32123234016554697
637758	FLOWER	0.2844343568597521	0.6003432273864746
1549025	FLOWER	0.2444224911076682	0.5540817720549447
2733294	FLOWER	0.2428948368344988	0.48068512763295856
5281167	FLOWER	0.20316623151302338	0.457430545772825
5281168	FLOWER	0.1185382530093193	0.2694402592522757
5318599	FLOWER	0.15561986608164652	0.3643737520490374
5352837	FLOWER	0.19227863635335649	0.4250865025179727
5364231	FLOWER	0.16870359224932535	0.40577599831989836
262	FLOWER	0.14334833834852492	0.3825014191014426
323	FLOWER	0.2732269380773817	0.5291627049446106
750	FLOWER	0.11263292069946017	0.3097723594733647
753	FLOWER	0.09401138978345054	0.3042187775884356
962	FLOWER	0.11551996852670397	0.3449028176920755
5862	FLOWER	0.06345468919192042	0.2315033142055784
5962	FLOWER	0.10399971157312393	0.2655500961201532
6274	FLOWER	0.13741082165922439	0.36111589840480257
6322	FLOWER	0.12705020819391524	0.3344602371965136
6669	FLOWER	0.3787813186645508	0.5008460070405688
7137	FLOWER	0.25736458386693684	0.4776158630847931
15654	FLOWER	0.06007843411394528	0.23519360380513327
62089	FLOWER	0.036137456340449195	0.11605674347707204
853433	FLOWER	0.166595530297075	0.39331559198243277
5371102	FLOWER	0.22374694687979563	0.4552184130464281
10857465	FLOWER	0.18003285782677786	0.34845293845449177
180	CHEMICAL	0.42601711409432547	0.720892207963126
264	CHEMICAL	0.1690612392766135	0.5004811882972717
702	CHEMICAL	0.21753001851694925	0.5257914662361145
1031	CHEMICAL	0.23292224747794016	0.5580748064177377
3102	CHEMICAL	0.3430693106991904	0.6409623367445809
3314	CHEMICAL	0.2255226139511381	0.5009044919695173
6506	CHEMICAL	0.18598568439483643	0.4932170808315277
6544	CHEMICAL	0.3367820084095001	0.6518974900245667
6561	CHEMICAL	0.4329682929175241	0.7323841878346035
7092	CHEMICAL	0.23147703068596975	0.6040877529553005
7302	CHEMICAL	0.34457635453769137	0.640674889087677
7476	CHEMICAL	0.2170187532901764	0.5447620664324079
7559	CHEMICAL	0.32405429652759005	0.6524187326431274
7657	CHEMICAL	0.43118866852351595	0.7173140134130206
7770	CHEMICAL	0.3105384111404419	0.6670436007635934
7793	CHEMICAL	0.2832606392247336	0.5685048358780997
7797	CHEMICAL	0.16122749022075109	0.46160937207085745
8025	CHEMICAL	0.302937205348696	0.644519533429827
8049	CHEMICAL	0.18196546179907663	0.4536907502583095
8094	CHEMICAL	0.31891959479876925	0.6461339848382133
8419	CHEMICAL	0.1673563356910433	0.4391370841435024
8438	CHEMICAL	0.17839068174362183	0.49580890366009306
8468	CHEMICAL	0.2011251768895558	0.5006018451281956
8815	CHEMICAL	0.20084602492196219	0.5567781244005475
8878	CHEMICAL	0.19008878086294448	0.47815307123320444
9012	CHEMICAL	0.2301033969436373	0.5907008051872253
10886	CHEMICAL	0.2428921844278063	0.5615782226834979
11567	CHEMICAL	0.7504124385969979	0.9047980393682208
12020	CHEMICAL	0.36395607250077383	0.6867670672280448
12265	CHEMICAL	0.48321767364229473	0.7880156891686576
12377	CHEMICAL	0.1916451326438359	0.5706952895436969
16537	CHEMICAL	0.28674472655568806	0.6261352981839862
17898	CHEMICAL	0.28136360219546724	0.5822352426392692
18467	CHEMICAL	0.22073713370731898	0.5195237909044538
21363	CHEMICAL	0.20359495069299424	0.5036300633634839
27440	CHEMICAL	0.36382293701171875	0.6756902166775295
31219	CHEMICAL	0.3876171750681741	0.7009486981800624
31276	CHEMICAL	0.3529847434588841	0.738338725907462
31283	CHEMICAL	0.16120934060641698	0.41354297740118845
60998	CHEMICAL	0.20574502859796798	0.5074818006583622
61523	CHEMICAL	0.3124535381793976	0.6377042787415641
62351	CHEMICAL	0.284723162651062	0.6023106234414237
62465	CHEMICAL	0.39198157617024015	0.6806455595152718
251531	CHEMICAL	0.2202561093228204	0.5302974709442684
440917	CHEMICAL	0.4910988211631775	0.7824139765330723
637758	CHEMICAL	0.1421426140836307	0.47501714740480694
1549025	CHEMICAL	0.1744501463004521	0.46476435235568453
2733294	CHEMICAL	0.24509012273379735	0.5658627152442932
5281167	CHEMICAL	0.2884766970361982	0.6192065392221723
5281168	CHEMICAL	0.33488344720431734	0.6708091241972787
5318599	CHEMICAL	0.36189500774656025	0.6844636968203953
5352837	CHEMICAL	0.30461061000823975	0.6323887705802917
5364231	CHEMICAL	0.1898177478994642	0.5088577611105782
262	CHEMICAL	0.2368487992456981	0.5494714847632817
323	CHEMICAL	0.22932004928588867	0.5514364881174905
750	CHEMICAL	0.15543301403522491	0.4437154531478882
753	CHEMICAL	0.24371297444616044	0.5544149024145943
962	CHEMICAL	0.35767115013939993	0.6638048546654838
5862	CHEMICAL	0.14208883685725077	0.45713344642094206
5962	CHEMICAL	0.18028092597212111	0.5015727366719928
6274	CHEMICAL	0.21152116996901377	0.5197610301630837
6322	CHEMICAL	0.20696980612618582	0.5354421734809875
6669	CHEMICAL	0.17030351821865355	0.3924057185649872
7137	CHEMICAL	0.11942257625716073	0.42528654422078815
15654	CHEMICAL	0.17566493153572083	0.45418717179979595
62089	CHEMICAL	0.3389798785958971	0.6474212493215289
853433	CHEMICAL	0.1781908060823168	0.4617117089884622
5371102	CHEMICAL	0.33144055945532663	0.6557422876358032
10857465	CHEMICAL	0.4931876276220594	0.8805272323744637
