oID	descriptor	value	sigma
180	INTENSITY/STRENGTH	0.18879410092319762	0.5325996705463955
264	INTENSITY/STRENGTH	0.46800367747034344	0.691633973802839
702	INTENSITY/STRENGTH	0.16476568872375147	0.4664029521601541
1031	INTENSITY/STRENGTH	0.18620033881493978	0.5137540059430259
3102	INTENSITY/STRENGTH	0.1642049646803311	0.5593969907079425
3314	INTENSITY/STRENGTH	0.30574037986142294	0.6278546793120248
6506	INTENSITY/STRENGTH	0.19851726293563843	0.5526710067476545
6544	INTENSITY/STRENGTH	0.3463245374815805	0.6762586406299046
6561	INTENSITY/STRENGTH	0.2985573538712093	0.606351375579834
7092	INTENSITY/STRENGTH	0.28039648277418955	0.5760593584605626
7302	INTENSITY/STRENGTH	0.42924605097089497	0.6609327707971845
7476	INTENSITY/STRENGTH	0.5047028873647962	0.664332926273346
7559	INTENSITY/STRENGTH	0.6838607958384922	0.7545086911746434
7657	INTENSITY/STRENGTH	0.4018331915140152	0.6103653226579938
7770	INTENSITY/STRENGTH	0.5591966850417001	0.6564581990242004
7793	INTENSITY/STRENGTH	0.4638793000153133	0.6603785923549107
7797	INTENSITY/STRENGTH	0.5765335943017688	0.7115072693143573
8025	INTENSITY/STRENGTH	0.24525550859315054	0.5928509661129543
8049	INTENSITY/STRENGTH	0.22052998627935136	0.541257130248206
8094	INTENSITY/STRENGTH	0.4211329349449703	0.7194937552724566
8419	INTENSITY/STRENGTH	0.48952027942453114	0.6743415168353489
8438	INTENSITY/STRENGTH	0.44691583939961027	0.635802584035056
8468	INTENSITY/STRENGTH	0.2836461237498692	0.6175917642457145
8815	INTENSITY/STRENGTH	0.331083853329931	0.6319225175040108
8878	INTENSITY/STRENGTH	0.5587461590766907	0.6731562955038888
9012	INTENSITY/STRENGTH	0.6239746383258274	0.6201367718832833
10886	INTENSITY/STRENGTH	0.434038336787905	0.6222357494490487
11567	INTENSITY/STRENGTH	0.6029374344008309	0.7183082955224174
12020	INTENSITY/STRENGTH	0.40440841232027325	0.6440169300351825
12265	INTENSITY/STRENGTH	0.35585369382585796	0.6044954657554626
12377	INTENSITY/STRENGTH	0.6649956447737557	0.645163527556828
16537	INTENSITY/STRENGTH	0.5314620733261108	0.7351408771106175
17898	INTENSITY/STRENGTH	0.6009287450994764	0.6268264140401568
18467	INTENSITY/STRENGTH	0.4247229993343353	0.5668565545763288
21363	INTENSITY/STRENGTH	0.5167198819773537	0.7521669949804034
27440	INTENSITY/STRENGTH	0.5970985804285321	0.6757986034665789
31219	INTENSITY/STRENGTH	0.4268184687410082	0.6708874021257673
31276	INTENSITY/STRENGTH	0.5998958093779427	0.7006025995526995
31283	INTENSITY/STRENGTH	0.1838613748550415	0.5383477296148028
60998	INTENSITY/STRENGTH	0.4524907554898943	0.7038278324263436
61523	INTENSITY/STRENGTH	0.4865743773324149	0.7456858583859035
62351	INTENSITY/STRENGTH	0.4669327565601894	0.5996849111148289
62465	INTENSITY/STRENGTH	0.5409485399723053	0.6322338495935712
251531	INTENSITY/STRENGTH	0.1152314373425075	0.537874060017722
440917	INTENSITY/STRENGTH	0.5873925685882568	0.6699515155383519
637758	INTENSITY/STRENGTH	0.47473580496651785	0.723089371408735
1549025	INTENSITY/STRENGTH	0.3478809339659555	0.646597649369921
2733294	INTENSITY/STRENGTH	0.5981441225324359	0.6841729623930795
5281167	INTENSITY/STRENGTH	0.5508625933102199	0.7135783774512154
5281168	INTENSITY/STRENGTH	0.525231910603387	0.7118450488362994
5318599	INTENSITY/STRENGTH	0.7327453323772976	0.7197868398257664
5352837	INTENSITY/STRENGTH	0.6979875649724688	0.7300083381789071
5364231	INTENSITY/STRENGTH	0.44823117341314045	0.6443547095571246
262	INTENSITY/STRENGTH	0.2025392289672579	0.5506594649383
323	INTENSITY/STRENGTH	0.41773197054862976	0.6391180157661438
750	INTENSITY/STRENGTH	0.19011788283075606	0.5211367011070251
753	INTENSITY/STRENGTH	0.18282548870359147	0.5421388489859444
962	INTENSITY/STRENGTH	0.21238190680742264	0.543146184512547
5862	INTENSITY/STRENGTH	0.41815624066761564	0.6073910934584481
5962	INTENSITY/STRENGTH	0.3645035794803074	0.6546252455030169
6274	INTENSITY/STRENGTH	0.19506231269666127	0.5421163950647626
6322	INTENSITY/STRENGTH	0.19886353399072373	0.5622987747192383
6669	INTENSITY/STRENGTH	0.1765624518905367	0.5167483304228101
7137	INTENSITY/STRENGTH	0.7641725284712655	0.7875736611230033
15654	INTENSITY/STRENGTH	0.5114122884614127	0.6127528122493199
62089	INTENSITY/STRENGTH	0.4274472807134901	0.7105607986450195
853433	INTENSITY/STRENGTH	0.4688136449881962	0.6991204023361206
5371102	INTENSITY/STRENGTH	0.41756895184516907	0.7163869823728289
10857465	INTENSITY/STRENGTH	0.36365062424114775	0.7486674019268581
180	VALENCE/PLEASANTNESS	0.3798330170767648	0.5706906063216073
264	VALENCE/PLEASANTNESS	0.22575174059186662	0.5552927851676941
702	VALENCE/PLEASANTNESS	0.40185762303216116	0.5585798365729195
1031	VALENCE/PLEASANTNESS	0.4295556971005031	0.5496103167533875
3102	VALENCE/PLEASANTNESS	0.4733900598117283	0.5746976052011762
3314	VALENCE/PLEASANTNESS	0.5344072452613285	0.6478993381772723
6506	VALENCE/PLEASANTNESS	0.4501626065799168	0.5494172700813839
6544	VALENCE/PLEASANTNESS	0.4149902505534036	0.6289312754358564
6561	VALENCE/PLEASANTNESS	0.32105601685387747	0.5538356644766671
7092	VALENCE/PLEASANTNESS	0.5133697092533112	0.5979604550770351
7302	VALENCE/PLEASANTNESS	0.35309188280786785	0.616924626486642
7476	VALENCE/PLEASANTNESS	0.585281240088599	0.632990905216762
7559	VALENCE/PLEASANTNESS	0.579666290964399	0.7040372150284904
7657	VALENCE/PLEASANTNESS	0.3903375778879438	0.5971186671938215
7770	VALENCE/PLEASANTNESS	0.6189531939370292	0.6715573157582965
7793	VALENCE/PLEASANTNESS	0.5816298510347094	0.6444905059678214
7797	VALENCE/PLEASANTNESS	0.7471984454563686	0.6296702112470355
8025	VALENCE/PLEASANTNESS	0.3888267619269235	0.5758490903036935
8049	VALENCE/PLEASANTNESS	0.5303274435656411	0.5639247894287109
8094	VALENCE/PLEASANTNESS	0.3300708362034389	0.5432408196585519
8419	VALENCE/PLEASANTNESS	0.5847231703145164	0.6424628070422581
8438	VALENCE/PLEASANTNESS	0.5646995476314	0.6275437559400286
8468	VALENCE/PLEASANTNESS	0.478370155606951	0.6272142359188625
8815	VALENCE/PLEASANTNESS	0.5302089623042515	0.6435210279056004
8878	VALENCE/PLEASANTNESS	0.7348608459745135	0.5791379043034145
9012	VALENCE/PLEASANTNESS	0.2314434519835881	0.5725734404155186
10886	VALENCE/PLEASANTNESS	0.6009095396314349	0.6080212933676583
11567	VALENCE/PLEASANTNESS	0.3844975531101227	0.6877810188702175
12020	VALENCE/PLEASANTNESS	0.36594823002815247	0.5749490686825344
12265	VALENCE/PLEASANTNESS	0.3825813787324088	0.5850727472986493
12377	VALENCE/PLEASANTNESS	0.261797417487417	0.6217070392199925
16537	VALENCE/PLEASANTNESS	0.5613136121204921	0.6409730400357928
17898	VALENCE/PLEASANTNESS	0.3776012786797115	0.6822671464511326
18467	VALENCE/PLEASANTNESS	0.41480974214417593	0.627274921962193
21363	VALENCE/PLEASANTNESS	0.297487097127097	0.6324115225246975
27440	VALENCE/PLEASANTNESS	0.30717042088508606	0.6393299443381173
31219	VALENCE/PLEASANTNESS	0.5780032447406224	0.6313786847250802
31276	VALENCE/PLEASANTNESS	0.6210811734199524	0.7101358771324158
31283	VALENCE/PLEASANTNESS	0.5286254414490291	0.5523155672209603
60998	VALENCE/PLEASANTNESS	0.4782087079116276	0.6937504155295235
61523	VALENCE/PLEASANTNESS	0.47868330563817707	0.6447121330669948
62351	VALENCE/PLEASANTNESS	0.31018403598240446	0.5731710365840367
62465	VALENCE/PLEASANTNESS	0.3799229562282562	0.6806953549385071
251531	VALENCE/PLEASANTNESS	0.5239141370568957	0.5761472582817078
440917	VALENCE/PLEASANTNESS	0.6172053047588894	0.6021891917501178
637758	VALENCE/PLEASANTNESS	0.6305763295718602	0.7110773580414909
1549025	VALENCE/PLEASANTNESS	0.5453232526779175	0.5530053377151489
2733294	VALENCE/PLEASANTNESS	0.647872235093798	0.6257491792951312
5281167	VALENCE/PLEASANTNESS	0.44097485286848886	0.6298430732318333
5281168	VALENCE/PLEASANTNESS	0.2781355913196291	0.5573933039392743
5318599	VALENCE/PLEASANTNESS	0.3851884475776127	0.5761684349605015
5352837	VALENCE/PLEASANTNESS	0.4810743885380881	0.6269636750221252
5364231	VALENCE/PLEASANTNESS	0.4824449462550027	0.5974772913115365
262	VALENCE/PLEASANTNESS	0.4268342980316707	0.568653268473489
323	VALENCE/PLEASANTNESS	0.5202615175928388	0.6338388749531337
750	VALENCE/PLEASANTNESS	0.4434895898614611	0.6120287435395377
753	VALENCE/PLEASANTNESS	0.43542142851012094	0.5630596365247454
962	VALENCE/PLEASANTNESS	0.45234433668000357	0.5887911830629621
5862	VALENCE/PLEASANTNESS	0.2896359733172825	0.5995669960975647
5962	VALENCE/PLEASANTNESS	0.29700614299092976	0.590927277292524
6274	VALENCE/PLEASANTNESS	0.4583116556916918	0.5936606866972787
6322	VALENCE/PLEASANTNESS	0.39565212385995047	0.5804393121174404
6669	VALENCE/PLEASANTNESS	0.61775313104902	0.5711608443941388
7137	VALENCE/PLEASANTNESS	0.6943590939044952	0.7405610765729632
15654	VALENCE/PLEASANTNESS	0.37802208747182575	0.6576376131602696
62089	VALENCE/PLEASANTNESS	0.28566814746175495	0.5187779792717525
853433	VALENCE/PLEASANTNESS	0.6189273297786713	0.6911965523447309
5371102	VALENCE/PLEASANTNESS	0.5084421592099326	0.6072682738304138
10857465	VALENCE/PLEASANTNESS	0.49724781087466646	0.5917113849094936
180	BAKERY	0.05409949379307883	0.21507289579936437
264	BAKERY	0.052897741219827106	0.21462417926107133
702	BAKERY	0.06274039936917168	0.27781179547309875
1031	BAKERY	0.06345226881759507	0.26991947633879526
3102	BAKERY	0.04561919240014894	0.203848129936627
3314	BAKERY	0.11907144582697324	0.38767993450164795
6506	BAKERY	0.0699601194688252	0.2710737075124468
6544	BAKERY	0.02518758018101965	0.17856194078922272
6561	BAKERY	0.03181220271757671	0.16981803519385202
7092	BAKERY	0.1103152446448803	0.34344908595085144
7302	BAKERY	0.10237705813986915	0.3264151130403791
7476	BAKERY	0.10187850786106926	0.31370733039719717
7559	BAKERY	0.032715641760400364	0.19225110752241953
7657	BAKERY	0.02841400621192796	0.16693959491593496
7770	BAKERY	0.07983509397932462	0.33539556179727825
7793	BAKERY	0.06127185374498367	0.194244955267225
7797	BAKERY	0.10354094313723701	0.3520552899156298
8025	BAKERY	0.04919198687587466	0.21829298564365932
8049	BAKERY	0.07117359659501485	0.3032819075243814
8094	BAKERY	0.017647962218948772	0.11212266342980522
8419	BAKERY	0.17340769884841783	0.4318945450442178
8438	BAKERY	0.15548180788755417	0.42914289236068726
8468	BAKERY	0.10207220007266317	0.351910616670336
8815	BAKERY	0.12692850242768014	0.3699679502419063
8878	BAKERY	0.1136362414274897	0.40460891808782307
9012	BAKERY	0.05520944829498019	0.26575541709150585
10886	BAKERY	0.06314182547586304	0.28494987743241446
11567	BAKERY	0.05312020757368633	0.18025738639490946
12020	BAKERY	0.033371009464774816	0.16015519627502986
12265	BAKERY	0.05415498412081173	0.1978218959910529
12377	BAKERY	0.05453812703490257	0.28076976963451933
16537	BAKERY	0.023035616746970584	0.17263702835355485
17898	BAKERY	0.15398812081132615	0.4508869733129229
18467	BAKERY	0.14365422832114355	0.42520706142698017
21363	BAKERY	0.04022249845521791	0.18843350559473038
27440	BAKERY	0.07370439597538539	0.2758998955999102
31219	BAKERY	0.058247302791901996	0.2682795652321407
31276	BAKERY	0.04220345616340637	0.24627847969532013
31283	BAKERY	0.0653342434338161	0.2791917451790401
60998	BAKERY	0.04624882872615542	0.28194685918944223
61523	BAKERY	0.029676047286817005	0.11402291804552078
62351	BAKERY	0.07214967853256635	0.31500192625182016
62465	BAKERY	0.0959196143916675	0.32342141440936495
251531	BAKERY	0.03997563863439219	0.1572196132370404
440917	BAKERY	0.022071077355316708	0.20186551128114974
637758	BAKERY	0.117368861500706	0.372587651014328
1549025	BAKERY	0.0721316012953009	0.3061812562601907
2733294	BAKERY	0.05390304939023086	0.2863156199455261
5281167	BAKERY	0.034099369176796505	0.18830353234495437
5281168	BAKERY	0.028151011360543116	0.1210030849490847
5318599	BAKERY	0.03253689967095852	0.11993129657847541
5352837	BAKERY	0.029671869905931608	0.16702432185411453
5364231	BAKERY	0.03886607236095837	0.2528599032333919
262	BAKERY	0.058666375066552846	0.2296848659004484
323	BAKERY	0.1225568066750254	0.3816974588802883
750	BAKERY	0.10165973007678986	0.3635330242770059
753	BAKERY	0.0857411197253636	0.2997297985213144
962	BAKERY	0.05311295815876552	0.24024527200630733
5862	BAKERY	0.09492249893290657	0.4164672110761915
5962	BAKERY	0.046186406165361404	0.27148583957127165
6274	BAKERY	0.08092431032231875	0.30639619273798807
6322	BAKERY	0.060704875205244334	0.28795684235436575
6669	BAKERY	0.09514955005475453	0.41072377988270353
7137	BAKERY	0.2533398483480726	0.612975903919765
15654	BAKERY	0.1587421723774501	0.4822707048484257
62089	BAKERY	0.0024952018367392676	0.07210969924926758
853433	BAKERY	0.2019207589328289	0.5289704969951085
5371102	BAKERY	-0.015005487416471754	0.10608207381197385
10857465	BAKERY	0.011210028348224503	0.1417078556759017
180	SWEET	0.10034164147717613	0.38626674669129507
264	SWEET	0.08111541771462985	0.3644689747265407
702	SWEET	0.11463277414441109	0.41155534982681274
1031	SWEET	0.1328654262636389	0.42362724457468304
3102	SWEET	0.1047222912311554	0.4024090511458261
3314	SWEET	0.1820785030722618	0.4886303246021271
6506	SWEET	0.1409164560692651	0.42800294501440866
6544	SWEET	0.08380118597831045	0.35457310932023184
6561	SWEET	0.06509122199245862	0.3290175178221294
7092	SWEET	0.18193582551819937	0.4835561726774488
7302	SWEET	0.11766149529388972	0.3999879275049482
7476	SWEET	0.32513822402272907	0.659487783908844
7559	SWEET	0.37755289673805237	0.7879668814795358
7657	SWEET	0.08768094437462944	0.38470508796828135
7770	SWEET	0.4978312339101519	0.7863305466515678
7793	SWEET	0.2613984686987741	0.6289901690823692
7797	SWEET	0.577862092426845	0.8176179443086896
8025	SWEET	0.11910979236875262	0.43059244751930237
8049	SWEET	0.2643952476126807	0.5670468892369952
8094	SWEET	0.09023588682923998	0.3254040947982243
8419	SWEET	0.3481524905988148	0.6545648958001818
8438	SWEET	0.32553682795592714	0.6371917639459882
8468	SWEET	0.1583359411784581	0.4427193743841989
8815	SWEET	0.19276091669287002	0.48996475764683317
8878	SWEET	0.5837079797472272	0.8338861635753086
9012	SWEET	0.029587195920092717	0.20838132819959096
10886	SWEET	0.3824121228286198	0.6435764517102923
11567	SWEET	0.11897598313433784	0.48758419922419954
12020	SWEET	0.07356281365667071	0.332709938287735
12265	SWEET	0.09200791588851384	0.36736914941242765
12377	SWEET	0.03649032435246876	0.19372259293283736
16537	SWEET	0.26643533791814533	0.6349360346794128
17898	SWEET	0.13748797561441148	0.5186025628021785
18467	SWEET	0.15317371381180628	0.4941483097417014
21363	SWEET	0.12117685377597809	0.4362989493778774
27440	SWEET	0.06864530965685844	0.3788441845348903
31219	SWEET	0.35800198146275114	0.7086440750530788
31276	SWEET	0.45419813479696003	0.8316293358802795
31283	SWEET	0.23257270668234145	0.5310222165925162
60998	SWEET	0.23129417640822275	0.6274780801364354
61523	SWEET	0.16720516341073172	0.49088542801993235
62351	SWEET	0.05355584514992578	0.2922862895897457
62465	SWEET	0.10366225029741015	0.3819641300610134
251531	SWEET	0.13753804670912878	0.4593389758041927
440917	SWEET	0.30303923572812763	0.6344362412180219
637758	SWEET	0.38881971154894146	0.7628656455448696
1549025	SWEET	0.2775950623410089	0.5733573862484523
2733294	SWEET	0.46506330370903015	0.73451281445367
5281167	SWEET	0.1547491561089243	0.4720787831715175
5281168	SWEET	0.03353416972926685	0.27873870517526356
5318599	SWEET	0.17327911938939775	0.4354852182524545
5352837	SWEET	0.25395151121275766	0.5725083819457463
5364231	SWEET	0.16093671641179494	0.4440970633711134
262	SWEET	0.12832695724708693	0.40347759638513836
323	SWEET	0.25819408893585205	0.5863809500421796
750	SWEET	0.16065253530229842	0.4826838842460087
753	SWEET	0.13476832530328206	0.411391875573567
962	SWEET	0.15485805485929763	0.451923736504146
5862	SWEET	0.07941046676465444	0.3577144273689815
5962	SWEET	0.06801424441593033	0.36124710525785175
6274	SWEET	0.13266894221305847	0.433183844600405
6322	SWEET	0.09488090234143394	0.37557890585490633
6669	SWEET	0.2922013636146273	0.6465511918067932
7137	SWEET	0.47260694205760956	0.8391834029129573
15654	SWEET	0.1258102155157498	0.4656131522996085
62089	SWEET	0.03945071356637137	0.24534417263099126
853433	SWEET	0.33134947291442324	0.6666416014943805
5371102	SWEET	0.16471714419978006	0.47885974390166147
10857465	SWEET	0.17268795200756618	0.4489970547812326
180	FRUIT	0.028792002105287144	0.1637029732976641
264	FRUIT	0.04055094399622509	0.24247118830680847
702	FRUIT	0.043631265738180706	0.1717290867652212
1031	FRUIT	0.061473802264247625	0.19663720897265843
3102	FRUIT	0.021904968257461275	0.15686701451029098
3314	FRUIT	0.03729579757366862	0.18551641596215113
6506	FRUIT	0.0673347847270114	0.22174376675060817
6544	FRUIT	0.039516203105449677	0.1717985165970666
6561	FRUIT	0.029195686003991535	0.18767320258276804
7092	FRUIT	0.04515511728823185	0.198030058826719
7302	FRUIT	0.03355368918606213	0.17657004722527095
7476	FRUIT	0.1980036539690835	0.40696792943137033
7559	FRUIT	0.3046963555472238	0.6220307179859706
7657	FRUIT	0.042490018265587945	0.21145938443286078
7770	FRUIT	0.45488802450043814	0.660376421042851
7793	FRUIT	0.1772406633411135	0.3728298991918564
7797	FRUIT	0.5812989090170179	0.7634904640061515
8025	FRUIT	0.05684483477047512	0.22802079575402395
8049	FRUIT	0.1645582275731223	0.3583092136042459
8094	FRUIT	0.05149444804659912	0.23022471155439103
8419	FRUIT	0.1593382598033973	0.3556957532252584
8438	FRUIT	0.17376207507082395	0.3614864711250578
8468	FRUIT	0.04301679826208523	0.16876772471836635
8815	FRUIT	0.07406389340758324	0.25193697427000317
8878	FRUIT	0.591712406703404	0.7529611246926444
9012	FRUIT	0.03169364907911846	0.1506872469825404
10886	FRUIT	0.39019486733845304	0.558624974318913
11567	FRUIT	0.04824775989566531	0.29708208569458555
12020	FRUIT	0.04419585423810141	0.2118037279163088
12265	FRUIT	0.03885692358016968	0.17088740531887328
12377	FRUIT	0.023071959348661557	0.13098767825535365
16537	FRUIT	0.26249511539936066	0.5293771326541901
17898	FRUIT	0.05112674592861107	0.1693050797496523
18467	FRUIT	0.05676379054784775	0.17193882593086787
21363	FRUIT	0.029153029301336834	0.16898098694426672
27440	FRUIT	0.010389188570635659	0.09930281128202166
31219	FRUIT	0.27896567966256824	0.5666067174502781
31276	FRUIT	0.4151981345244816	0.6502089159829276
31283	FRUIT	0.09430874245507377	0.25904136896133423
60998	FRUIT	0.13979402397360122	0.3347883181912558
61523	FRUIT	0.13980138301849365	0.30740625517708914
62351	FRUIT	0.01481376269033977	0.13174871834261076
62465	FRUIT	0.023532713896461895	0.15467960547123635
251531	FRUIT	0.022935724151985987	0.16430201487881796
440917	FRUIT	0.20300593014274324	0.446393894297736
637758	FRUIT	0.2163909375667572	0.4622899762221745
1549025	FRUIT	0.22737580112048558	0.4685310125350952
2733294	FRUIT	0.5188398318631309	0.7017187476158142
5281167	FRUIT	0.15500206447073392	0.372963690332004
5281168	FRUIT	0.03344081235783441	0.1949441624539239
5318599	FRUIT	0.14461225058351243	0.33941514790058136
5352837	FRUIT	0.24372143617698125	0.4855318324906485
5364231	FRUIT	0.19515600161893026	0.3707552594797952
262	FRUIT	0.054821544992072244	0.1952217604432787
323	FRUIT	0.11340039329869407	0.275287281189646
750	FRUIT	0.043286681707416265	0.17460671280111587
753	FRUIT	0.05782778028930936	0.1806837778006281
962	FRUIT	0.07704879982130867	0.22789829543658666
5862	FRUIT	0.0109122350279774	0.13037640867488726
5962	FRUIT	0.019711762932794436	0.11816832636083875
6274	FRUIT	0.03500671950834138	0.1366960353084973
6322	FRUIT	0.0356733181646892	0.12437260683093752
6669	FRUIT	0.032224926565374644	0.2591664046049118
7137	FRUIT	0.21580636075564794	0.47497717291116714
15654	FRUIT	0.010420533695391246	0.10767634159752301
62089	FRUIT	0.0005981081298419408	0.13009387574025563
853433	FRUIT	0.12246848163860184	0.3268847657101495
5371102	FRUIT	0.11014085369450706	0.3398107247693198
10857465	FRUIT	0.06487890971558434	0.18926661993776048
180	FISH	0.09671700053981372	0.21728587789194925
264	FISH	0.12269215072904315	0.29076559628759113
702	FISH	0.09470082606588091	0.2203178299324853
1031	FISH	0.07273561188152858	0.190068142754691
3102	FISH	0.05521352642348835	0.19055618984358652
3314	FISH	0.11327574721404485	0.21774068474769592
6506	FISH	0.08421618810721807	0.19897739589214325
6544	FISH	0.081044716494424	0.21094923998628343
6561	FISH	0.1096191012433597	0.24653980348791396
7092	FISH	0.061886220638241084	0.178339313183512
7302	FISH	0.12104754043476922	0.24034667015075684
7476	FISH	0.057695907673665454	0.15004993549415044
7559	FISH	0.09808491596153804	0.15937181455748423
7657	FISH	0.0899568157536643	0.22964433687073843
7770	FISH	0.058946224195616584	0.12164298870733806
7793	FISH	0.050187043845653534	0.0920755501304354
7797	FISH	0.03688992533300604	0.09676542771714074
8025	FISH	0.08197539619037084	0.20000608691147395
8049	FISH	0.06143680002008166	0.14053879039628164
8094	FISH	0.08625193046672004	0.18741996160575322
8419	FISH	0.07741133549383708	0.17936367860862187
8438	FISH	0.07166387726153646	0.18007113252367293
8468	FISH	0.1037663466164044	0.22631995379924774
8815	FISH	0.07266213638441903	0.21701398704733169
8878	FISH	0.042299198252814155	0.11345310083457402
9012	FISH	0.3237423854214804	0.5299772066729409
10886	FISH	0.05407575677548136	0.14326247360025132
11567	FISH	0.06263681075402669	0.16042596101760864
12020	FISH	0.08189220407179423	0.219695406300681
12265	FISH	0.0833278436745916	0.21286494604178838
12377	FISH	0.3869066323552813	0.6082022615841457
16537	FISH	0.07649174651929311	0.17665702104568481
17898	FISH	0.10741152507918221	0.23844042207513536
18467	FISH	0.09398225056273597	0.21283253814492906
21363	FISH	0.10178803758961814	0.21375555012907302
27440	FISH	0.21213692426681519	0.3897583101476942
31219	FISH	0.05732800332563264	0.13394652094159806
31276	FISH	0.031418746071202416	0.09736281633377075
31283	FISH	0.0620612587247576	0.1633504033088684
60998	FISH	0.08615860662290029	0.14001266871179854
61523	FISH	0.12561839180333273	0.19141666804041182
62351	FISH	0.23369293340614863	0.4233257472515106
62465	FISH	0.16144937489713942	0.2986885053770883
251531	FISH	0.056031129722084315	0.1699537251676832
440917	FISH	0.06520876660943031	0.12786938782249177
637758	FISH	0.047287849975483756	0.1498271312032427
1549025	FISH	0.0773797088435718	0.15870407862322672
2733294	FISH	0.057128471455403736	0.13774178070681437
5281167	FISH	0.09651717650038856	0.21945701326642716
5281168	FISH	0.1316161666597639	0.29200289079121183
5318599	FISH	0.12202410506350654	0.20305014720984868
5352837	FISH	0.1021523614014898	0.18522191899163382
5364231	FISH	0.0847234023468835	0.19259269961288997
262	FISH	0.06585649400949478	0.17798128511224473
323	FISH	0.05406979205352919	0.13147015124559402
750	FISH	0.08368620170014245	0.18289026405130113
753	FISH	0.07921760422842843	0.2083451747894287
962	FISH	0.04946384073368141	0.14319392825875962
5862	FISH	0.2840586325951985	0.47795267190252033
5962	FISH	0.19111388283116476	0.34999759921005796
6274	FISH	0.08440727474434036	0.18643676383154734
6322	FISH	0.14376355069024221	0.26485396708760944
6669	FISH	0.05426480408225741	0.14606694451400212
7137	FISH	0.05794815559472356	0.1580252136502947
15654	FISH	0.15342829802206584	0.31514438561030794
62089	FISH	0.082172477883952	0.18590824731758662
853433	FISH	0.0731432315494333	0.1868200557572501
5371102	FISH	0.09732996246644429	0.17632193011896952
10857465	FISH	0.12315475727830615	0.12394744796412331
180	GARLIC	0.09109069087675639	0.2756016360861914
264	GARLIC	0.08121120450752121	0.29480391315051485
702	GARLIC	0.10119089164904185	0.28924075407641275
1031	GARLIC	0.08231196499296597	0.25349881606442587
3102	GARLIC	0.06917173734733037	0.22739814008985246
3314	GARLIC	0.11081023727144514	0.25639594239848
6506	GARLIC	0.076036237180233	0.2567129262856075
6544	GARLIC	0.06784435042313167	0.2447925763470786
6561	GARLIC	0.09744235021727425	0.2795702410595758
7092	GARLIC	0.05540209077298641	0.19570716789790563
7302	GARLIC	0.12022059730121068	0.3098536857536861
7476	GARLIC	0.0374004745057651	0.15166262537240982
7559	GARLIC	0.023013640461223468	0.10126854638968195
7657	GARLIC	0.06338316681129592	0.2272989515747343
7770	GARLIC	0.02506191057286092	0.12087641230651311
7793	GARLIC	0.06583201778786522	0.16654151678085327
7797	GARLIC	0.00667661481669971	0.08392042826328959
8025	GARLIC	0.09355473518371582	0.27081229218414854
8049	GARLIC	0.0488886476627418	0.1846625804901123
8094	GARLIC	0.069661376199552	0.2495925681931632
8419	GARLIC	0.062209375734840124	0.19469699689320155
8438	GARLIC	0.049847444253308434	0.18819628868784224
8468	GARLIC	0.08837517776659556	0.266357028058597
8815	GARLIC	0.09305087743060929	0.2449865617922374
8878	GARLIC	0.009932684978204114	0.10505441363368716
9012	GARLIC	0.309817190681185	0.4877668832029615
10886	GARLIC	0.02739338018000126	0.14486926581178391
11567	GARLIC	0.037774767726659775	0.15846822623695647
12020	GARLIC	0.0753856578043529	0.24970137008598872
12265	GARLIC	0.04740867178354945	0.21547985715525492
12377	GARLIC	0.5694295934268406	0.6859869275774274
16537	GARLIC	0.0418812209474189	0.1777628766638892
17898	GARLIC	0.08259661761777741	0.2613335741417749
18467	GARLIC	0.08229372277855873	0.26411571885858265
21363	GARLIC	0.04513574205338955	0.22450223565101624
27440	GARLIC	0.19783720586981093	0.396709212235042
31219	GARLIC	0.028617123807115213	0.13237979582377843
31276	GARLIC	0.02010955914322819	0.09979425902877535
31283	GARLIC	0.05098432036382811	0.20226206736905233
60998	GARLIC	0.04987658107919352	0.19212507350104197
61523	GARLIC	0.11136028915643692	0.23246952252728598
62351	GARLIC	0.2661107374089105	0.4740129198346819
62465	GARLIC	0.10667195703302111	0.2632419168949127
251531	GARLIC	0.05750288787697043	0.20609168708324432
440917	GARLIC	0.061823535178388865	0.18478165141173772
637758	GARLIC	0.03523924241640738	0.1608248906476157
1549025	GARLIC	0.0822837304856096	0.21494723856449127
2733294	GARLIC	0.023123020572321757	0.11737982290131706
5281167	GARLIC	0.05620078582848821	0.22501758805343083
5281168	GARLIC	0.1012817919254303	0.29704917328698294
5318599	GARLIC	0.04789967994604792	0.2101884228842599
5352837	GARLIC	0.04046489245125225	0.1808676996401378
5364231	GARLIC	0.05570564951215472	0.22569968019212996
262	GARLIC	0.0663337531898703	0.2247445625918252
323	GARLIC	0.04296228236385754	0.15560240192072733
750	GARLIC	0.08818644391638893	0.2680507131985256
753	GARLIC	0.08062419082437243	0.2625426288161959
962	GARLIC	0.05722829167331968	0.19692778374467576
5862	GARLIC	0.2682727426290512	0.514207946402686
5962	GARLIC	0.13254788198641368	0.35839602776936125
6274	GARLIC	0.07817251554557256	0.25483035828386036
6322	GARLIC	0.11256471116627965	0.3035727249724524
6669	GARLIC	0.07729588874748775	0.18554314545222692
7137	GARLIC	0.050516387314668725	0.1582802182861737
15654	GARLIC	0.18347523467881338	0.40520892824445454
62089	GARLIC	0.07075008058122226	0.2562940035547529
853433	GARLIC	0.06644202582538128	0.20079208484717778
5371102	GARLIC	0.08811264804431371	0.18834472128323146
10857465	GARLIC	0.10297247235264097	0.18422181265694754
180	SPICES	0.15165422643933976	0.3808051986353738
264	SPICES	0.10921728610992432	0.32302083713667734
702	SPICES	0.16098853945732117	0.3811174418245043
1031	SPICES	0.15345096801008498	0.36628428527287077
3102	SPICES	0.22375098935195378	0.4252710257257734
3314	SPICES	0.481600250516619	0.7331597549574715
6506	SPICES	0.1761870767389025	0.38547320451055256
6544	SPICES	0.21505336676325118	0.44062770690236774
6561	SPICES	0.1530443217073168	0.36655872634478975
7092	SPICES	0.4125198594161442	0.6419859783990043
7302	SPICES	0.25871377331869944	0.5014299622603825
7476	SPICES	0.2054396846464702	0.4287319396223341
7559	SPICES	0.14235949409859522	0.3619078142302377
7657	SPICES	0.1553604400583676	0.37371476207460674
7770	SPICES	0.11327149718999863	0.3160702756472996
7793	SPICES	0.14048634682382857	0.3371527833598001
7797	SPICES	0.12062809722764152	0.3698629013129643
8025	SPICES	0.15187522343226842	0.36395956788744244
8049	SPICES	0.13996992792401994	0.3334348797798157
8094	SPICES	0.15289986027138575	0.3637662274496896
8419	SPICES	0.2506321519613266	0.5004574273313794
8438	SPICES	0.23587282001972198	0.4788621025426047
8468	SPICES	0.3021692293030875	0.5586653862680707
8815	SPICES	0.4378628603049687	0.662902329649244
8878	SPICES	0.10797146494899477	0.3503605510507311
9012	SPICES	0.23179348238876887	0.45822299804006306
10886	SPICES	0.12962926285607473	0.3441292345523834
11567	SPICES	0.15319092997482844	0.35938713806016104
12020	SPICES	0.15614889349256242	0.3631711857659476
12265	SPICES	0.1397256084850856	0.3629540630749294
12377	SPICES	0.408683248928615	0.6541799051421029
16537	SPICES	0.1316698385136468	0.3558159513132913
17898	SPICES	0.1838950025183814	0.39606425166130066
18467	SPICES	0.17780777386256627	0.3953111001423427
21363	SPICES	0.11784878692456655	0.34277541296822683
27440	SPICES	0.21830712471689498	0.4257547770227705
31219	SPICES	0.12481678064380373	0.34496502791132244
31276	SPICES	0.09261742979288101	0.2963090922151293
31283	SPICES	0.13256425942693437	0.32081728747912813
60998	SPICES	0.15651563235691615	0.3443958844457354
61523	SPICES	0.12438925355672836	0.341118723154068
62351	SPICES	0.23806271382740565	0.4683192925793784
62465	SPICES	0.3934077322483063	0.6500714506421771
251531	SPICES	0.1676618116242545	0.36661918674196514
440917	SPICES	0.27280621230602264	0.5221200117043087
637758	SPICES	0.263005120413644	0.4783762437956674
1549025	SPICES	0.14039521557944162	0.3468341827392578
2733294	SPICES	0.1095080663050924	0.35329917073249817
5281167	SPICES	0.16561836855752127	0.4107298936162676
5281168	SPICES	0.15729676187038422	0.37437390855380465
5318599	SPICES	0.12829968013933726	0.34325010435921804
5352837	SPICES	0.1338690146803856	0.36211045725005014
5364231	SPICES	0.17160191919122422	0.40369002733911785
262	SPICES	0.14626564936978476	0.36062231234141756
323	SPICES	0.36447023919650484	0.6366937160491943
750	SPICES	0.15394233167171478	0.37592896819114685
753	SPICES	0.16734779519694193	0.36935671312468393
962	SPICES	0.16834452322551183	0.37921819516590666
5862	SPICES	0.1988930915083204	0.4282932324068887
5962	SPICES	0.1577069397483553	0.3748395996434348
6274	SPICES	0.18434755504131317	0.4104734786919185
6322	SPICES	0.15225777881486074	0.36431521603039335
6669	SPICES	0.06718457011239869	0.3155592807701656
7137	SPICES	0.4596203224999564	0.7191668834005084
15654	SPICES	0.2238526259149824	0.4498006956917899
62089	SPICES	0.14336590256009782	0.3615905429635729
853433	SPICES	0.4720359870365688	0.7242207527160645
5371102	SPICES	0.2320643024785178	0.47787175859723774
10857465	SPICES	0.21173824476344244	0.4815590168748583
180	COLD	0.26018114600862774	0.43757336906024386
264	COLD	0.13003322162798472	0.26345749838011606
702	COLD	0.20786356925964355	0.3717865560735975
1031	COLD	0.20958187750407628	0.3815752736159733
3102	COLD	0.23159995462213243	0.4199436434677669
3314	COLD	0.25302185118198395	0.4325305478913443
6506	COLD	0.22718221587794168	0.39915721331323895
6544	COLD	0.27564219917569843	0.4341090406690325
6561	COLD	0.2513973755495889	0.41638935463769094
7092	COLD	0.21722994957651412	0.41058861357825144
7302	COLD	0.20378448920590536	0.36351012757846285
7476	COLD	0.2421542853116989	0.44874326246125357
7559	COLD	0.29126804215567453	0.49004324419157846
7657	COLD	0.24177148086684092	0.42331708329064505
7770	COLD	0.26090019728456226	0.4523308958326067
7793	COLD	0.25925162860325407	0.45903689094952177
7797	COLD	0.2542760499886104	0.4774506560393742
8025	COLD	0.20905648597649165	0.370690256357193
8049	COLD	0.24563555206571305	0.39627979482923237
8094	COLD	0.21123825652258738	0.4104847567422049
8419	COLD	0.20786793529987335	0.396459766796657
8438	COLD	0.21979738984789168	0.40197495903287617
8468	COLD	0.25120701108660015	0.4324475995131901
8815	COLD	0.18484812762056077	0.38612026401928495
8878	COLD	0.2539920232125691	0.435806576694761
9012	COLD	0.13400148281029292	0.27398826607636045
10886	COLD	0.20458529676709855	0.4109203687735966
11567	COLD	0.3909291284424918	0.5590727925300598
12020	COLD	0.274545710001673	0.45576402970722746
12265	COLD	0.2459357295717512	0.42743528314999174
12377	COLD	0.12111321943146842	0.297243880374091
16537	COLD	0.22761682314532145	0.4519173800945282
17898	COLD	0.16690848767757416	0.34585814816611155
18467	COLD	0.17781267634459905	0.3446232293333326
21363	COLD	0.184080713561603	0.3487870820931026
27440	COLD	0.13837427645921707	0.3361948089940207
31219	COLD	0.23689089289733342	0.43360473428453716
31276	COLD	0.34103558318955557	0.5237487895148141
31283	COLD	0.2528777824980872	0.4018573590687343
60998	COLD	0.1692002628530775	0.33127662539482117
61523	COLD	0.25698376979146687	0.4542109029633658
62351	COLD	0.1394443746123995	0.287475517817906
62465	COLD	0.2655034363269806	0.44751701184681486
251531	COLD	0.20055873479161943	0.39899795821734835
440917	COLD	0.5162404690470014	0.6515940938677106
637758	COLD	0.19437977458749497	0.3821823511804853
1549025	COLD	0.19865235260554723	0.35236293503216337
2733294	COLD	0.23213065096310206	0.43947327562740873
5281167	COLD	0.2495219281741551	0.4731752404144832
5281168	COLD	0.23282723554543086	0.41941563146454947
5318599	COLD	0.26218525639602114	0.46827876567840576
5352837	COLD	0.2716344339506967	0.490927381174905
5364231	COLD	0.23275720008781978	0.43776762059756685
262	COLD	0.277277124779565	0.45996978878974915
323	COLD	0.2669062933751515	0.47186389565467834
750	COLD	0.20531839770930155	0.37792525972638813
753	COLD	0.2064936331340245	0.3839807723249708
962	COLD	0.286660087960107	0.47169461846351624
5862	COLD	0.08868414270026344	0.2069028275353568
5962	COLD	0.14898974980626786	0.3240064339978354
6274	COLD	0.24328693747520447	0.43982610957963125
6322	COLD	0.211028231041772	0.3769560158252716
6669	COLD	0.1613834457738059	0.338278842823846
7137	COLD	0.19109533301421575	0.38499259097235544
15654	COLD	0.10615645029715129	0.26340773488794056
62089	COLD	0.19862916001251765	0.4001709350517818
853433	COLD	0.20211032245840346	0.37394810574395315
5371102	COLD	0.33147955366543363	0.5239670872688293
10857465	COLD	0.3678909923349108	0.5420352092811039
180	SOUR	0.3279873388154166	0.5176787844726017
264	SOUR	0.6629633477755955	0.8008443202291217
702	SOUR	0.34863892623356413	0.5266935867922646
1031	SOUR	0.29742809917245594	0.4961828759738377
3102	SOUR	0.19273791568619864	0.4282664401190622
3314	SOUR	0.14322365075349808	0.3374177260058267
6506	SOUR	0.31242014467716217	0.5271838009357452
6544	SOUR	0.27343136285032543	0.5085107854434422
6561	SOUR	0.3686610077108656	0.5712886622973851
7092	SOUR	0.16471457268510545	0.3630038925579616
7302	SOUR	0.3128482060773032	0.565250209399632
7476	SOUR	0.1652370286839349	0.3691212364605495
7559	SOUR	0.2254555629832404	0.44275560549327303
7657	SOUR	0.2523792577641351	0.4717686176300049
7770	SOUR	0.23878144792148046	0.45145184227398466
7793	SOUR	0.1727914001260485	0.38783285447529386
7797	SOUR	0.1472843193582126	0.37251171469688416
8025	SOUR	0.3859037160873413	0.5734194431986127
8049	SOUR	0.24452075149331773	0.4451146125793457
8094	SOUR	0.35586707506861004	0.5776447142873492
8419	SOUR	0.15124392083712987	0.3626435271331242
8438	SOUR	0.15789296158722468	0.3741515704563686
8468	SOUR	0.1801050752401352	0.40466943808964323
8815	SOUR	0.18929913214274816	0.39319129075322834
8878	SOUR	0.18756858791623796	0.39930856227874756
9012	SOUR	0.3817527336733682	0.6073012096541268
10886	SOUR	0.21986605439867293	0.4271546517099653
11567	SOUR	0.17240261605807713	0.3917687109538487
12020	SOUR	0.2564006575516292	0.4734195811407907
12265	SOUR	0.1978429683617183	0.4040051315511976
12377	SOUR	0.3471504492419107	0.5848837835448129
16537	SOUR	0.2602248191833496	0.4725226036139897
17898	SOUR	0.2977061037506376	0.5572467957224164
18467	SOUR	0.2653231535639082	0.5041895764214652
21363	SOUR	0.4631193833691733	0.6353051321847099
27440	SOUR	0.35277887753077913	0.5823499986103603
31219	SOUR	0.20710806122847966	0.4058798679283687
31276	SOUR	0.19335115807397024	0.3993855927671705
31283	SOUR	0.20185579998152597	0.3908259315150125
60998	SOUR	0.2670108824968338	0.4907793913568769
61523	SOUR	0.2827321546418326	0.4978343163217817
62351	SOUR	0.3336356963430132	0.5628761223384312
62465	SOUR	0.18167555119310105	0.4018892986433847
251531	SOUR	0.17543547919818334	0.407164067029953
440917	SOUR	0.22323271845068252	0.3898874265807016
637758	SOUR	0.1749135319675718	0.39653630767549786
1549025	SOUR	0.26513491570949554	0.4426497050694057
2733294	SOUR	0.22688013740948268	0.42753887602261137
5281167	SOUR	0.30864385621888296	0.5163460161004748
5281168	SOUR	0.46432005933352877	0.6629988465990339
5318599	SOUR	0.3038004892213004	0.4923234369073595
5352837	SOUR	0.2769249954393932	0.46815582684108187
5364231	SOUR	0.28692073055676054	0.4812920561858586
262	SOUR	0.23663058025496347	0.4392165243625641
323	SOUR	0.17302995494433812	0.35110905340739657
750	SOUR	0.28924176948411123	0.49167290329933167
753	SOUR	0.24571581184864044	0.46064825994627817
962	SOUR	0.22919377258845738	0.43726334401539396
5862	SOUR	0.3515897478376116	0.584755676133292
5962	SOUR	0.4105678583894457	0.6361493042537144
6274	SOUR	0.2293763416154044	0.44919138295309885
6322	SOUR	0.32466046299253193	0.5432645678520203
6669	SOUR	0.17402966214077814	0.32291546038218905
7137	SOUR	0.10520205327442714	0.3305652695042746
15654	SOUR	0.2537835197789328	0.5158860811165401
62089	SOUR	0.3858568072319031	0.6118287784712655
853433	SOUR	0.12784581844295775	0.3420649639197758
5371102	SOUR	0.20058590599468776	0.38230663537979126
10857465	SOUR	0.22631495978151048	0.39205882804734365
180	BURNT	0.0926305821963719	0.3262033462524414
264	BURNT	0.10671980998345784	0.3517975168568747
702	BURNT	0.10962103307247162	0.3316938579082489
1031	BURNT	0.09516253109489169	0.316950614963259
3102	BURNT	0.10262390438999448	0.343989440373012
3314	BURNT	0.13696600496768951	0.387450384242194
6506	BURNT	0.1036434354526656	0.3485458322933742
6544	BURNT	0.09269878161805016	0.3689534621579306
6561	BURNT	0.11399133716310773	0.35207229001181467
7092	BURNT	0.1252785176038742	0.3983887732028961
7302	BURNT	0.24115775312696183	0.5206122696399689
7476	BURNT	0.085476353764534	0.30582175510270254
7559	BURNT	0.04723302541034562	0.23272658671651567
7657	BURNT	0.1175036004611424	0.36757246937070576
7770	BURNT	0.038287829873817306	0.18895649484225682
7793	BURNT	0.08563645822661263	0.29055084926741465
7797	BURNT	0.02463083275194679	0.18311407736369542
8025	BURNT	0.09487983690840858	0.32053065299987793
8049	BURNT	0.08373174284185682	0.2842636832169124
8094	BURNT	0.1464689395257405	0.4427409768104553
8419	BURNT	0.11041883804968425	0.36128704462732586
8438	BURNT	0.10760716029575892	0.35314574411937166
8468	BURNT	0.17211595177650452	0.4627700788634164
8815	BURNT	0.09954030279602323	0.3559792510100773
8878	BURNT	0.04181302844413689	0.18458437280995504
9012	BURNT	0.31057839521339964	0.5976622445242745
10886	BURNT	0.0656822355730193	0.2363741397857666
11567	BURNT	0.15216503398759024	0.37093785405158997
12020	BURNT	0.11659909571920123	0.35243342178208487
12265	BURNT	0.12314943437065397	0.3758223482540676
12377	BURNT	0.21702034984316146	0.5196620907102313
16537	BURNT	0.08285933839423316	0.2900864779949188
17898	BURNT	0.2658327690192631	0.5627911772046771
18467	BURNT	0.20519784092903137	0.4768369836466653
21363	BURNT	0.08496974834374019	0.38839215465954374
27440	BURNT	0.30840609116213663	0.6194397679397038
31219	BURNT	0.05570503483925547	0.23095043003559113
31276	BURNT	0.011284352945429938	0.16024528443813324
31283	BURNT	0.11275705056531089	0.36191208021981375
60998	BURNT	0.07221508824399539	0.26588508061000277
61523	BURNT	0.09520141567502703	0.316873516355242
62351	BURNT	0.29993913003376554	0.5713703291756767
62465	BURNT	0.25043184416634695	0.5665559853826251
251531	BURNT	0.09600598897252764	0.3047722407749721
440917	BURNT	0.07160414861781257	0.27733953510011944
637758	BURNT	0.02760400330381734	0.1870125745024
1549025	BURNT	0.10697612911462784	0.30101251176425387
2733294	BURNT	0.045764242165855	0.21479527013642447
5281167	BURNT	0.11004272954804557	0.3308324771268027
5281168	BURNT	0.13794657162257604	0.43621322938374113
5318599	BURNT	0.1780846118927002	0.4196729362010956
5352837	BURNT	0.12212159378187996	0.32693258779389517
5364231	BURNT	0.11705427936145238	0.3427708319255284
262	BURNT	0.08228336274623871	0.2956406686987196
323	BURNT	0.10909336166722435	0.3701060882636479
750	BURNT	0.15762060242039816	0.42482288820402964
753	BURNT	0.1401998954159873	0.3770248932497842
962	BURNT	0.08935219155890602	0.322475152356284
5862	BURNT	0.3520115997110094	0.6426064712660653
5962	BURNT	0.2241750338247844	0.5270380548068455
6274	BURNT	0.14381475001573563	0.41501126119068693
6322	BURNT	0.16866952180862427	0.4470692149230412
6669	BURNT	0.08771754960928645	0.33478255357061115
7137	BURNT	0.14546017242329462	0.4086980734552656
15654	BURNT	0.34934279322624207	0.640100393976484
62089	BURNT	0.15594143952642167	0.49591957671301706
853433	BURNT	0.11717982803072248	0.3709021082946232
5371102	BURNT	0.06860398181847163	0.24968133441039495
10857465	BURNT	0.09247529666338648	0.3123609295913151
180	ACID	0.31257215993744986	0.5204540320805141
264	ACID	0.2777203917503357	0.47143523182187763
702	ACID	0.20770751791340963	0.3945794105529785
1031	ACID	0.2297016020332064	0.4131941795349121
3102	ACID	0.2764664441347122	0.46183885846819195
3314	ACID	0.15184062719345093	0.37925767047064646
6506	ACID	0.2495862650019782	0.4481006605284555
6544	ACID	0.32225149869918823	0.5334045929568154
6561	ACID	0.3932099768093654	0.5717398268835885
7092	ACID	0.20336167088576726	0.4350704082420894
7302	ACID	0.35384213072913034	0.5355363147599357
7476	ACID	0.1861872673034668	0.40660354495048523
7559	ACID	0.2716931083372661	0.5096320807933807
7657	ACID	0.3378473903451647	0.518717850957598
7770	ACID	0.24150545256478445	0.4547574520111084
7793	ACID	0.23933330178260803	0.4363477315221514
7797	ACID	0.14434984007052012	0.34978607296943665
8025	ACID	0.32639531578336445	0.5140767821243831
8049	ACID	0.19453374189989908	0.3860131289277758
8094	ACID	0.3432375320366451	0.55308107818876
8419	ACID	0.1774117308003562	0.3896569609642029
8438	ACID	0.17385454688753402	0.37762985059193205
8468	ACID	0.20975835195609502	0.4180462956428528
8815	ACID	0.1625592623438154	0.3892311879566738
8878	ACID	0.09401045154247965	0.28171866706439425
9012	ACID	0.27561719928468975	0.4784144035407475
10886	ACID	0.15104211760418756	0.37022840125220163
11567	ACID	0.5677769439561027	0.7342016782079425
12020	ACID	0.4469379186630249	0.625560326235635
12265	ACID	0.44217540536608013	0.6293818780354091
12377	ACID	0.22427022457122803	0.4059974593775613
16537	ACID	0.17262110539845057	0.42457383445331026
17898	ACID	0.25700825239930836	0.4893192265714918
18467	ACID	0.20565075746604375	0.4202491853918348
21363	ACID	0.3180359729698726	0.5419167705944606
27440	ACID	0.3288161499159677	0.5463955572673252
31219	ACID	0.16724207358700888	0.3934434567178999
31276	ACID	0.3745854071208409	0.5915058936391558
31283	ACID	0.18552105554512568	0.381866706269128
60998	ACID	0.16739138322217123	0.40154566509383066
61523	ACID	0.2922387591430119	0.5074553915432521
62351	ACID	0.22539450653961726	0.4201487345354898
62465	ACID	0.29677848305021015	0.512231171131134
251531	ACID	0.20240824137415206	0.3973396505628313
440917	ACID	0.3285840536866869	0.5256747433117458
637758	ACID	0.11383925271885735	0.35812105025563923
1549025	ACID	0.136488462133067	0.3216481762272971
2733294	ACID	0.14447382198912756	0.35131523438862394
5281167	ACID	0.23567327857017517	0.4837821466582162
5281168	ACID	0.3438486840043749	0.5618145976747785
5318599	ACID	0.3040488660335541	0.5426605599267142
5352837	ACID	0.2548877937453134	0.507166006735393
5364231	ACID	0.16415356525353023	0.3614390364715031
262	ACID	0.3071901670524052	0.5018362317766462
323	ACID	0.23582095972129277	0.47254001242773874
750	ACID	0.20542190968990326	0.40041672757693697
753	ACID	0.24698605281966074	0.44635966420173645
962	ACID	0.2890501746109554	0.4968964031764439
5862	ACID	0.16333605987685068	0.37430297476904734
5962	ACID	0.24227106145450047	0.47091104303087505
6274	ACID	0.21746936014720372	0.4469962332929884
6322	ACID	0.22294058331421443	0.44423714705875944
6669	ACID	0.08971603480832917	0.2286912596651486
7137	ACID	0.10408642621976989	0.3542299100330898
15654	ACID	0.18799735605716705	0.39244407415390015
62089	ACID	0.38515031337738037	0.5895627311297825
853433	ACID	0.1295392087527684	0.3552614833627428
5371102	ACID	0.2789044295038496	0.51106025491442
10857465	ACID	0.3573467092854636	0.5681172779628209
180	WARM	0.24320257774421147	0.43477452227047514
264	WARM	0.36515442388398306	0.599064120224544
702	WARM	0.2691977343388966	0.46899626510483877
1031	WARM	0.26410949655941557	0.45546033126967295
3102	WARM	0.24549967902047293	0.42893536601747784
3314	WARM	0.38883658392088755	0.572624785559518
6506	WARM	0.27015453577041626	0.47673230511801584
6544	WARM	0.31428429910114836	0.5403481551579067
6561	WARM	0.25953395451818195	0.45675780517714365
7092	WARM	0.3876406763281141	0.5858205642019
7302	WARM	0.3996432679040091	0.6185623151915414
7476	WARM	0.3510636176381792	0.550401679107121
7559	WARM	0.3322409433977945	0.5894328696387154
7657	WARM	0.2429603976862771	0.45582027094704763
7770	WARM	0.3263192730290549	0.5324707116399493
7793	WARM	0.32223139916147503	0.5365353737558637
7797	WARM	0.34192662153925213	0.5481723376682827
8025	WARM	0.2545621118375233	0.45030028905187336
8049	WARM	0.31362307923180716	0.5206713421004159
8094	WARM	0.32520931107657297	0.5717954039573669
8419	WARM	0.3982856273651123	0.5880178213119507
8438	WARM	0.37204727104731966	0.5692202023097447
8468	WARM	0.37518458706992014	0.570649436541966
8815	WARM	0.3373158872127533	0.5228029574666705
8878	WARM	0.3627943183694567	0.5803977251052856
9012	WARM	0.3301544998373304	0.5697757431438991
10886	WARM	0.2849866236959185	0.4954646442617689
11567	WARM	0.33269497752189636	0.5540415389197213
12020	WARM	0.24478534076895034	0.44571374569620403
12265	WARM	0.2636419066361019	0.45002658452306477
12377	WARM	0.32399652685437885	0.5527946267809186
16537	WARM	0.2829366113458361	0.5041811508791787
17898	WARM	0.4023066631385258	0.6264915466308594
18467	WARM	0.3549651503562927	0.5613782618727002
21363	WARM	0.425528279372624	0.6776812672615051
27440	WARM	0.39476180928094046	0.6297736593655178
31219	WARM	0.28574851155281067	0.5190604116235461
31276	WARM	0.2695290914603642	0.48817936863218037
31283	WARM	0.3867109077317374	0.5839006730488369
60998	WARM	0.3906222028391702	0.64191221339362
61523	WARM	0.24209280950682505	0.46408832924706594
62351	WARM	0.3547678760119847	0.5820279547146389
62465	WARM	0.44435636486325947	0.674145119530814
251531	WARM	0.2679137353386198	0.44263205357960295
440917	WARM	0.26778036781719755	0.47596889308520723
637758	WARM	0.3543350611414228	0.5520393678120205
1549025	WARM	0.30431471126420157	0.5258415681975228
2733294	WARM	0.3003901583807809	0.5368440704686301
5281167	WARM	0.257653289607593	0.4759953575474875
5281168	WARM	0.28261870571545195	0.5375616720744542
5318599	WARM	0.3497277285371508	0.5703209894044059
5352837	WARM	0.30232921668461393	0.5241012828690665
5364231	WARM	0.2642724152122225	0.47130429318972994
262	WARM	0.2547689527273178	0.4400696669306074
323	WARM	0.41269415616989136	0.6403055787086487
750	WARM	0.34443224327904837	0.5554710626602173
753	WARM	0.28306507212775095	0.4677413616861616
962	WARM	0.28583923407963346	0.48111627783094135
5862	WARM	0.4253183049815042	0.672207602432796
5962	WARM	0.3650823746408735	0.6084724834987095
6274	WARM	0.3030154619898115	0.5049349112170083
6322	WARM	0.2989181237561362	0.5196215297494616
6669	WARM	0.3897402158805302	0.6509679300444466
7137	WARM	0.5706508074487958	0.7235620617866516
15654	WARM	0.45854141456740244	0.6722353781972613
62089	WARM	0.3365805872849056	0.5748233199119568
853433	WARM	0.462210944720677	0.6307504602840969
5371102	WARM	0.24711621020521438	0.44351662908281597
10857465	WARM	0.3604518302849361	0.583831148488181
180	MUSKY	0.2766957666192736	0.4846899552004678
264	MUSKY	0.6318629724638802	0.7981331518718174
702	MUSKY	0.3291162507874625	0.5207066280501229
1031	MUSKY	0.28106078079768587	0.4818778463772365
3102	MUSKY	0.20829521119594574	0.43264334542410715
3314	MUSKY	0.14864926040172577	0.34721393244607107
6506	MUSKY	0.2720236565385546	0.477975743157523
6544	MUSKY	0.26974375333104816	0.5363832201276507
6561	MUSKY	0.3147795455796378	0.5357805405344281
7092	MUSKY	0.16336594096251897	0.34202971841607777
7302	MUSKY	0.2788255342415401	0.5456693513052804
7476	MUSKY	0.17308930839811051	0.41070481283324106
7559	MUSKY	0.21120433935097285	0.4539653105395181
7657	MUSKY	0.2521881120545523	0.4892374404839107
7770	MUSKY	0.1253314380134855	0.34371969529560636
7793	MUSKY	0.168892679469926	0.40605001364435467
7797	MUSKY	0.07326624595693179	0.27969782267298016
8025	MUSKY	0.29791066902024405	0.4907076529094151
8049	MUSKY	0.2192759769303458	0.4246989275727953
8094	MUSKY	0.3937255953039442	0.6464324338095528
8419	MUSKY	0.15648235167775834	0.3884264954498836
8438	MUSKY	0.16004787811211177	0.39867295963423593
8468	MUSKY	0.22370811019624984	0.4617135865347726
8815	MUSKY	0.1381450252873557	0.3305237591266632
8878	MUSKY	0.12233252823352814	0.33863417165619986
9012	MUSKY	0.35728702374867033	0.6071166481290545
10886	MUSKY	0.15655939068113053	0.34183090925216675
11567	MUSKY	0.18027568076338088	0.40739803654806955
12020	MUSKY	0.2050079575606755	0.4294803057398115
12265	MUSKY	0.19440233707427979	0.42494950124195646
12377	MUSKY	0.30766318099839346	0.5637122562953404
16537	MUSKY	0.18203763025147573	0.40424748403685434
17898	MUSKY	0.33514357038906645	0.6133167232785907
18467	MUSKY	0.3016894630023411	0.5475902472223554
21363	MUSKY	0.5725712307861873	0.7953961832182748
27440	MUSKY	0.3623761534690857	0.6595557246889386
31219	MUSKY	0.17876872420310974	0.42148990290505545
31276	MUSKY	0.05978098458477429	0.2859789324658258
31283	MUSKY	0.22522221079894475	0.43154849324907574
60998	MUSKY	0.3471153037888663	0.6006281631333488
61523	MUSKY	0.21302384989602224	0.47069921663829256
62351	MUSKY	0.31155977504593985	0.5430899432727269
62465	MUSKY	0.25100980911936077	0.4881467138017927
251531	MUSKY	0.19471013333116258	0.4119521847793034
440917	MUSKY	0.09822278044053487	0.2745019112314497
637758	MUSKY	0.20399596009935653	0.43904588903699604
1549025	MUSKY	0.19956867609705245	0.4244120844772884
2733294	MUSKY	0.14047111251524516	0.3270010990755899
5281167	MUSKY	0.2551619900124414	0.468457077230726
5281168	MUSKY	0.4253451781613486	0.6594379629407611
5318599	MUSKY	0.3210864748273577	0.5339822726590293
5352837	MUSKY	0.23189984687737056	0.4379541107586452
5364231	MUSKY	0.23211378710610525	0.45908468535968233
262	MUSKY	0.21237142384052277	0.410463490656444
323	MUSKY	0.19717516430786677	0.4121083446911403
750	MUSKY	0.29598927072116304	0.5394862123898098
753	MUSKY	0.2422574077333723	0.4495279746396201
962	MUSKY	0.23823340450014388	0.4467972729887281
5862	MUSKY	0.3893006912299565	0.6249704275812421
5962	MUSKY	0.44960133518491474	0.70162034034729
6274	MUSKY	0.2643135424171175	0.503836133650371
6322	MUSKY	0.3502152647290911	0.5948032225881305
6669	MUSKY	0.24603506284100668	0.4674917757511139
7137	MUSKY	0.13571796779121673	0.35306417516299654
15654	MUSKY	0.2905406781605312	0.5869708997862679
62089	MUSKY	0.4434303343296051	0.7092821512903486
853433	MUSKY	0.12679973457540786	0.3307936574731554
5371102	MUSKY	0.18511950756822312	0.38740510599953787
10857465	MUSKY	0.2633454373904637	0.4954779786723001
180	SWEATY	0.19551014048712595	0.3835640379360744
264	SWEATY	0.5577398879187447	0.7362539683069501
702	SWEATY	0.23180227833134787	0.39887253301484243
1031	SWEATY	0.1867955837930952	0.3623453208378383
3102	SWEATY	0.07547941963587489	0.2821111721651895
3314	SWEATY	0.03195452264377049	0.1674103449497904
6506	SWEATY	0.16637599681104934	0.3506364013467516
6544	SWEATY	0.15163242284740722	0.35330126541001455
6561	SWEATY	0.23026371427944728	0.42440166643687655
7092	SWEATY	0.04566017857619694	0.18093721568584442
7302	SWEATY	0.1782629724059786	0.39136440413338797
7476	SWEATY	0.0746294664485114	0.23330027503626688
7559	SWEATY	0.11731962221009391	0.27830274190221516
7657	SWEATY	0.13822429520743235	0.34193392736571177
7770	SWEATY	0.07485565223864146	0.21761911468846457
7793	SWEATY	0.0762595044715064	0.24081471349511827
7797	SWEATY	0.01646339494202818	0.13702848074691637
8025	SWEATY	0.2158305240528924	0.40667095354625155
8049	SWEATY	0.1229275039264134	0.2854606168610709
8094	SWEATY	0.24834771667207992	0.47092126522745403
8419	SWEATY	0.06403312033840589	0.21443937293120793
8438	SWEATY	0.06437903429780688	0.2253193578549794
8468	SWEATY	0.0885849776012557	0.27209797501564026
8815	SWEATY	0.047839489366327016	0.2068912046296256
8878	SWEATY	0.04690815082618168	0.18493208289146423
9012	SWEATY	0.22594537266663142	0.4579191931656429
10886	SWEATY	0.07423883250781468	0.21664952167442866
11567	SWEATY	0.07751865099583354	0.22151597695691244
12020	SWEATY	0.12766715777771814	0.3125512770244053
12265	SWEATY	0.10496196789400918	0.27022750462804523
12377	SWEATY	0.1853634544781276	0.3887013154370444
16537	SWEATY	0.1080495800290789	0.29020680274282185
17898	SWEATY	0.19341268496853964	0.432893625327519
18467	SWEATY	0.17079702658312662	0.3828069865703583
21363	SWEATY	0.4273305322442736	0.6420939138957432
27440	SWEATY	0.17675695249012538	0.43322364347321646
31219	SWEATY	0.09099198877811432	0.26653705324445454
31276	SWEATY	0.030423337859766825	0.15071438678673335
31283	SWEATY	0.10855141069207873	0.28758420050144196
60998	SWEATY	0.21569212632519857	0.41333826524870737
61523	SWEATY	0.1396065577864647	0.340611674955913
62351	SWEATY	0.18484471951212203	0.39372046078954426
62465	SWEATY	0.08144027314015798	0.2667227259704045
251531	SWEATY	0.08625308849981853	0.267934256366321
440917	SWEATY	0.04370304409946714	0.20864841022661754
637758	SWEATY	0.08946106476443154	0.2524179773671286
1549025	SWEATY	0.1236077972820827	0.310799811567579
2733294	SWEATY	0.0692679195531777	0.19509635652814591
5281167	SWEATY	0.15440115545477187	0.34107933725629536
5281168	SWEATY	0.29822073025362833	0.5122675853116172
5318599	SWEATY	0.1857606726033347	0.36630209003176006
5352837	SWEATY	0.1296453614320074	0.2830158259187426
5364231	SWEATY	0.13718315213918686	0.32349948372159687
262	SWEATY	0.13633049173014505	0.30757000403744833
323	SWEATY	0.0633545241185597	0.20759006483214243
750	SWEATY	0.18949792640549795	0.3781823899064745
753	SWEATY	0.1348313902105604	0.31849110977990286
962	SWEATY	0.13790053767817362	0.3079930671623775
5862	SWEATY	0.24256191934858048	0.4735287002154759
5962	SWEATY	0.3159941818032946	0.554971090384892
6274	SWEATY	0.1423227425132479	0.32961311510631014
6322	SWEATY	0.2348230161837169	0.44087409121649607
6669	SWEATY	0.09323655494621821	0.30138482792036875
7137	SWEATY	0.010571123766047614	0.14847560439791
15654	SWEATY	0.15413248326097215	0.40289353472845896
62089	SWEATY	0.2938649654388428	0.5217327007225582
853433	SWEATY	0.023815273706402098	0.15566866099834442
5371102	SWEATY	0.07788549310394696	0.20598039031028748
10857465	SWEATY	0.12155523257596153	0.2498809950692313
180	AMMONIA/URINOUS	0.3284610552447183	0.4800334998539516
264	AMMONIA/URINOUS	0.496845862695149	0.5927452785628182
702	AMMONIA/URINOUS	0.25974500817911966	0.39202146445001873
1031	AMMONIA/URINOUS	0.25853664321558817	0.3964535551411765
3102	AMMONIA/URINOUS	0.2587747871875763	0.42858709182058063
3314	AMMONIA/URINOUS	0.18602331195558822	0.34044571433748516
6506	AMMONIA/URINOUS	0.22715070630822862	0.3793806646551405
6544	AMMONIA/URINOUS	0.41081419587135315	0.5628121750695365
6561	AMMONIA/URINOUS	0.4209872782230377	0.5626308577401298
7092	AMMONIA/URINOUS	0.20154266698019846	0.35842950854982647
7302	AMMONIA/URINOUS	0.38028426681246075	0.5374102251870292
7476	AMMONIA/URINOUS	0.19862075788634165	0.35661610535212923
7559	AMMONIA/URINOUS	0.36167009813444956	0.49899514658110483
7657	AMMONIA/URINOUS	0.38549315503665377	0.5105138335909162
7770	AMMONIA/URINOUS	0.22991135716438293	0.378888019493648
7793	AMMONIA/URINOUS	0.2470484333378928	0.4087763598987034
7797	AMMONIA/URINOUS	0.1058223487011024	0.22091022453137807
8025	AMMONIA/URINOUS	0.30883205362728666	0.45387288502284456
8049	AMMONIA/URINOUS	0.1922289196934019	0.30605309350149973
8094	AMMONIA/URINOUS	0.35278748188699993	0.48273250460624695
8419	AMMONIA/URINOUS	0.17696477259908402	0.3352417690413339
8438	AMMONIA/URINOUS	0.16960398427077703	0.33081309710230145
8468	AMMONIA/URINOUS	0.2549180047852652	0.4142742455005646
8815	AMMONIA/URINOUS	0.14616016617843083	0.3108644187450409
8878	AMMONIA/URINOUS	0.06807101784007889	0.15892725118568965
9012	AMMONIA/URINOUS	0.41510604109082905	0.5612055488995144
10886	AMMONIA/URINOUS	0.15504983067512512	0.27434452729565756
11567	AMMONIA/URINOUS	0.5975198745727539	0.7299531017030988
12020	AMMONIA/URINOUS	0.43644373757498606	0.5704794015203204
12265	AMMONIA/URINOUS	0.4677350308213915	0.5977554150990078
12377	AMMONIA/URINOUS	0.31131915960993084	0.47559616395405363
16537	AMMONIA/URINOUS	0.19563523147787368	0.3346395769289562
17898	AMMONIA/URINOUS	0.33591012018067495	0.5104531049728394
18467	AMMONIA/URINOUS	0.26417321392468046	0.425774131502424
21363	AMMONIA/URINOUS	0.6113676343645368	0.7159481133733477
27440	AMMONIA/URINOUS	0.435597905090877	0.6003691894667489
31219	AMMONIA/URINOUS	0.19633368509156363	0.3523449557168143
31276	AMMONIA/URINOUS	0.3396567276545933	0.5000757191862378
31283	AMMONIA/URINOUS	0.19854035547801427	0.316559089081628
60998	AMMONIA/URINOUS	0.4407194299357278	0.5522447654179165
61523	AMMONIA/URINOUS	0.3483038459505354	0.47311033947127207
62351	AMMONIA/URINOUS	0.3203084979738508	0.47322902934891836
62465	AMMONIA/URINOUS	0.4197784960269928	0.5394563334328788
251531	AMMONIA/URINOUS	0.21580065999712264	0.3862655460834503
440917	AMMONIA/URINOUS	0.25125659576484133	0.3797739957060133
637758	AMMONIA/URINOUS	0.19884492031165532	0.3594902242933001
1549025	AMMONIA/URINOUS	0.1483462761555399	0.2616718113422394
2733294	AMMONIA/URINOUS	0.1518486344388553	0.24496469859566009
5281167	AMMONIA/URINOUS	0.28557327815464567	0.4230199456214905
5281168	AMMONIA/URINOUS	0.4228582637650626	0.5675150411469596
5318599	AMMONIA/URINOUS	0.34366896961416515	0.46478637201445444
5352837	AMMONIA/URINOUS	0.28634161395686014	0.3971568431173052
5364231	AMMONIA/URINOUS	0.1753755318267005	0.2906097535576139
262	AMMONIA/URINOUS	0.3179688240800585	0.4658090812819345
323	AMMONIA/URINOUS	0.2796748919146402	0.40088371293885366
750	AMMONIA/URINOUS	0.252970033458301	0.4179419364248003
753	AMMONIA/URINOUS	0.2519234674317496	0.40438875555992126
962	AMMONIA/URINOUS	0.3182001348052706	0.4664529093674251
5862	AMMONIA/URINOUS	0.34547795568193707	0.4961880275181362
5962	AMMONIA/URINOUS	0.41702002712658476	0.5747784887041364
6274	AMMONIA/URINOUS	0.26622730067798067	0.4341259981904711
6322	AMMONIA/URINOUS	0.3246318485055651	0.49043451462473187
6669	AMMONIA/URINOUS	0.15790226310491562	0.29402217056070057
7137	AMMONIA/URINOUS	0.11185572988220624	0.2472788861819676
15654	AMMONIA/URINOUS	0.298925872359957	0.47277240668024334
62089	AMMONIA/URINOUS	0.4095325895718166	0.5458624107497079
853433	AMMONIA/URINOUS	0.1320581819329943	0.29127020708152224
5371102	AMMONIA/URINOUS	0.3160538992711476	0.45514567834990366
10857465	AMMONIA/URINOUS	0.4378551925931658	0.5350325150149209
180	DECAYED	0.13040563251291	0.3768362147467477
264	DECAYED	0.3086093621594565	0.6308411359786987
702	DECAYED	0.1437562108039856	0.3755554258823395
1031	DECAYED	0.10848388182265419	0.32284625087465557
3102	DECAYED	0.061510728406054635	0.2994353856359209
3314	DECAYED	0.07302166468330792	0.31224559460367474
6506	DECAYED	0.09252095648220607	0.30646388445581707
6544	DECAYED	0.11823204479047231	0.3853258916309902
6561	DECAYED	0.1559195156608309	0.4162822110312326
7092	DECAYED	0.07016402695860181	0.28630915709904264
7302	DECAYED	0.1409769845860345	0.41095212953431265
7476	DECAYED	0.0646549527134214	0.24626557954720088
7559	DECAYED	0.10008995234966278	0.3194353665624346
7657	DECAYED	0.09304982317345482	0.33151146343776156
7770	DECAYED	0.09083044848271779	0.31622062410627094
7793	DECAYED	0.05927553400397301	0.21817495780331747
7797	DECAYED	0.06055471407515662	0.2581856825522014
8025	DECAYED	0.13010539220912115	0.35665089743477957
8049	DECAYED	0.07774099388292857	0.28778005072048735
8094	DECAYED	0.14683240013463156	0.3936486669949123
8419	DECAYED	0.06948482404862132	0.25659996058259693
8438	DECAYED	0.06631638428994588	0.25549846248967306
8468	DECAYED	0.07952765907560076	0.3098471335002354
8815	DECAYED	0.08916653000882693	0.32096116883414133
8878	DECAYED	0.06160495270575796	0.2844401810850416
9012	DECAYED	0.25879278779029846	0.5616735134805951
10886	DECAYED	0.08137968608311244	0.2839172099317823
11567	DECAYED	0.09432363510131836	0.3371955667223249
12020	DECAYED	0.09882674046925136	0.32235632623944965
12265	DECAYED	0.09351907031876701	0.3390586929661887
12377	DECAYED	0.26671801081725527	0.5710426568984985
16537	DECAYED	0.09251981335026878	0.27887324350220816
17898	DECAYED	0.1483970731496811	0.43557213459696087
18467	DECAYED	0.12416229184184756	0.37579556022371563
21363	DECAYED	0.2206852946962629	0.5469026480402265
27440	DECAYED	0.208932386977332	0.5394277742930821
31219	DECAYED	0.0724312961101532	0.280199259519577
31276	DECAYED	0.07164853704827172	0.3265299158436911
31283	DECAYED	0.08144720164792878	0.26905101111957
60998	DECAYED	0.10748010980231422	0.37425890139171053
61523	DECAYED	0.11471570389611381	0.30155354738235474
62351	DECAYED	0.20578282645770482	0.4747659947190966
62465	DECAYED	0.14426235003130777	0.42397478222846985
251531	DECAYED	0.04962020021464143	0.24947306939533778
440917	DECAYED	0.07062859833240509	0.23600114030497416
637758	DECAYED	0.07589133828878403	0.31057790773255484
1549025	DECAYED	0.09564497960465294	0.2864786684513092
2733294	DECAYED	0.09374300709792546	0.3009271706853594
5281167	DECAYED	0.12298987699406487	0.3553149827889034
5281168	DECAYED	0.1913898182766778	0.4550756130899702
5318599	DECAYED	0.13336739369801112	0.32073433484349934
5352837	DECAYED	0.11818590015172958	0.3112206331321171
5364231	DECAYED	0.11013282090425491	0.31929389919553486
262	DECAYED	0.08573308267763682	0.2933784510408129
323	DECAYED	0.07291460090449878	0.29264640382358004
750	DECAYED	0.10839704530579704	0.3425282154764448
753	DECAYED	0.08886898521866117	0.2998884107385363
962	DECAYED	0.08437980711460114	0.3122019554887499
5862	DECAYED	0.24296694781099046	0.5567572329725538
5962	DECAYED	0.21439362849508012	0.5426121396677834
6274	DECAYED	0.08807055598923139	0.31684403334345135
6322	DECAYED	0.1454976009471076	0.4207945891789028
6669	DECAYED	0.07685872060911995	0.26729887511049
7137	DECAYED	0.07351955079606601	0.2584901324340275
15654	DECAYED	0.16707991063594818	0.4624376382146563
62089	DECAYED	0.15774663857051305	0.40311821017946514
853433	DECAYED	0.06762731713908059	0.2808952821152551
5371102	DECAYED	0.08021204173564911	0.30100205540657043
10857465	DECAYED	0.0998321750334331	0.28160531393119265
180	WOOD	0.22609697069440568	0.3713757906641279
264	WOOD	0.11471531433718545	0.2505733498505184
702	WOOD	0.21704718896320888	0.3547663560935429
1031	WOOD	0.19710210817200796	0.3458305852753775
3102	WOOD	0.3002203958375113	0.45433958939143587
3314	WOOD	0.27130926719733645	0.44777400153023855
6506	WOOD	0.23687019092696054	0.3870566998209272
6544	WOOD	0.3483296292168753	0.5373300867421287
6561	WOOD	0.15330289623567037	0.3029897723879133
7092	WOOD	0.34282141498156954	0.5332495442458561
7302	WOOD	0.24252048560551234	0.4464065262249538
7476	WOOD	0.1836497677224023	0.3448966145515442
7559	WOOD	0.09051129009042468	0.22482451796531677
7657	WOOD	0.19814024227006094	0.3771253057888576
7770	WOOD	0.03411825639860971	0.10589450491326195
7793	WOOD	0.2216922640800476	0.38375793610300335
7797	WOOD	0.0880413507776601	0.24375871888228826
8025	WOOD	0.1665244208914893	0.2996858613831656
8049	WOOD	0.17617907694407872	0.29435400877680096
8094	WOOD	0.3313481765133994	0.5308651924133301
8419	WOOD	0.16651154309511185	0.3259586777005877
8438	WOOD	0.1612068670136588	0.32225365723882404
8468	WOOD	0.30013313038008554	0.4858416404042925
8815	WOOD	0.2677703670092991	0.4583623707294464
8878	WOOD	0.10353151176656995	0.23092938108103617
9012	WOOD	0.1609337947198323	0.32317133034978596
10886	WOOD	0.1464833766222	0.28103363513946533
11567	WOOD	0.1752175965479442	0.32735501868384226
12020	WOOD	0.14666537940502167	0.2978640156132834
12265	WOOD	0.22581763565540314	0.36795544624328613
12377	WOOD	0.11818105727434158	0.28953318510736736
16537	WOOD	0.253595198903765	0.44050512995038715
17898	WOOD	0.40028470754623413	0.5653543898037502
18467	WOOD	0.3045887436185564	0.4650176167488098
21363	WOOD	0.25607473083904814	0.4604512708527701
27440	WOOD	0.389394794191633	0.6235653162002563
31219	WOOD	0.10083976920161929	0.22275020395006453
31276	WOOD	0.005557323140757424	0.06791928516966957
31283	WOOD	0.2357574211699622	0.41060703567096163
60998	WOOD	0.13990424679858343	0.30647794689450947
61523	WOOD	0.2545845146690096	0.45786878040858675
62351	WOOD	0.20439689499991281	0.38902801275253296
62465	WOOD	0.3479589436735426	0.5454331806727818
251531	WOOD	0.2506984770298004	0.41408608640943256
440917	WOOD	0.2508866914681026	0.44559511116572786
637758	WOOD	0.12201326446873802	0.23841149040630885
1549025	WOOD	0.2211369914667947	0.3410842588969639
2733294	WOOD	0.11211627828223365	0.26007221000535147
5281167	WOOD	0.24051089797701156	0.4260868515287127
5281168	WOOD	0.2665903695992061	0.475054885659899
5318599	WOOD	0.3160618543624878	0.5104663457189288
5352837	WOOD	0.21499821543693542	0.40999957067625864
5364231	WOOD	0.3262879422732762	0.48984569736889433
262	WOOD	0.17277580393212183	0.3222832296575819
323	WOOD	0.3295436842100961	0.5219077084745679
750	WOOD	0.27174500056675505	0.4588307482855661
753	WOOD	0.20936203854424612	0.3588937095233372
962	WOOD	0.23601045778819493	0.38459858298301697
5862	WOOD	0.19994265053953444	0.3787239704813276
5962	WOOD	0.26248903785433086	0.47200970564569744
6274	WOOD	0.3587930755955832	0.5546125386442456
6322	WOOD	0.3253517278603145	0.5091581004006522
6669	WOOD	0.24623656698635646	0.46656815494809833
7137	WOOD	0.2768656483718327	0.45148410541670664
15654	WOOD	0.3502712462629591	0.5424478352069855
62089	WOOD	0.396933342729296	0.6062955345426287
853433	WOOD	0.2094847368342536	0.3793402441910335
5371102	WOOD	0.26191407442092896	0.42560013277190073
10857465	WOOD	0.36070023264203754	0.5155577787331173
180	GRASS	0.0993855105979102	0.28235324578625814
264	GRASS	0.06053539578403745	0.20646035245486669
702	GRASS	0.09932608902454376	0.23253709503582545
1031	GRASS	0.09702307730913162	0.24934877242360795
3102	GRASS	0.1433753137077604	0.3353559970855713
3314	GRASS	0.07260089261191231	0.255815931728908
6506	GRASS	0.10067430457898549	0.2911999225616455
6544	GRASS	0.22829131994928634	0.5136823654174805
6561	GRASS	0.08945771838937487	0.26211228540965487
7092	GRASS	0.10941117469753538	0.3078970568520682
7302	GRASS	0.06603119096585683	0.23264123712267196
7476	GRASS	0.14097272285393306	0.3553463731493269
7559	GRASS	0.10719768862639155	0.31229111339364735
7657	GRASS	0.15762531544481004	0.3507001910890852
7770	GRASS	0.07249905222228595	0.20737944969109126
7793	GRASS	0.1532292664051056	0.42377249683652607
7797	GRASS	0.20028628196035111	0.4014379382133484
8025	GRASS	0.09426154302699226	0.2572180394615446
8049	GRASS	0.07985587790608406	0.23699967988899776
8094	GRASS	0.09638892007725579	0.2739193992955344
8419	GRASS	0.09749800179685865	0.2841208279132843
8438	GRASS	0.08484729379415512	0.2552897695984159
8468	GRASS	0.09488505550793239	0.2729792424610683
8815	GRASS	0.17224425290312087	0.39244452118873596
8878	GRASS	0.10807564003126961	0.2962387033871242
9012	GRASS	0.10061518102884293	0.2632334509066173
10886	GRASS	0.1864856140954154	0.3800845742225647
11567	GRASS	0.09030236357024737	0.2895233503409794
12020	GRASS	0.12108424731663295	0.32234202112470356
12265	GRASS	0.09824983882052558	0.2965996755020959
12377	GRASS	0.12156804438148226	0.3094567486218044
16537	GRASS	0.32638139597007204	0.5862781746046883
17898	GRASS	0.09426534441964966	0.28986535114901407
18467	GRASS	0.09472963852541787	0.2536686956882477
21363	GRASS	0.07465633324214391	0.25105434230395723
27440	GRASS	0.1266463420220784	0.3709096482821873
31219	GRASS	0.04385644197463989	0.20736569591930934
31276	GRASS	0.05274425659860883	0.20794737339019775
31283	GRASS	0.07270734597529684	0.24419298342296056
60998	GRASS	0.07834252608673913	0.2457119801214763
61523	GRASS	0.23837902290480478	0.5446383314473289
62351	GRASS	0.10551846240247999	0.28717795440128874
62465	GRASS	0.08775733943496432	0.28862300515174866
251531	GRASS	0.10802342583026205	0.301737836429051
440917	GRASS	0.17615016443388803	0.5107274012906211
637758	GRASS	0.10082315121378217	0.27515644473688944
1549025	GRASS	0.09227491595915385	0.2959198270525251
2733294	GRASS	0.26888916322163176	0.45647515995161875
5281167	GRASS	0.328835340482848	0.5841186685221536
5281168	GRASS	0.15704421486173356	0.37655564716884066
5318599	GRASS	0.17835246878010885	0.41275161504745483
5352837	GRASS	0.28564607884202686	0.5454226561955043
5364231	GRASS	0.3731923656804221	0.5985227567808968
262	GRASS	0.10487515160015651	0.2894748406750815
323	GRASS	0.07598177343606949	0.27196018184934345
750	GRASS	0.09392828494310379	0.21881412608282907
753	GRASS	0.10986659569399697	0.28083692491054535
962	GRASS	0.10754507460764476	0.28705460684640066
5862	GRASS	0.05419070539729936	0.18347500903265818
5962	GRASS	0.08296912376369749	0.26080007212502615
6274	GRASS	0.11896706904683794	0.30820675832884653
6322	GRASS	0.10422581540686744	0.26423568172114237
6669	GRASS	0.06462410784193448	0.24071649994168962
7137	GRASS	0.10275501544986453	0.28653867542743683
15654	GRASS	0.074605792760849	0.26844023168087006
62089	GRASS	0.0764541317309652	0.23768923112324306
853433	GRASS	0.0653782572065081	0.23028071863310678
5371102	GRASS	0.22877957139696395	0.47059678179877146
10857465	GRASS	0.1432123045836176	0.34561180642672945
180	FLOWER	0.08978599150265966	0.2741835394075939
264	FLOWER	0.057101137403930934	0.2516008934804371
702	FLOWER	0.1064339599439076	0.32726198860577177
1031	FLOWER	0.1166683744106974	0.32378485585962025
3102	FLOWER	0.17034409727369035	0.3915978797844478
3314	FLOWER	0.1547644159623555	0.3682940644877298
6506	FLOWER	0.09767463377543859	0.31144191537584576
6544	FLOWER	0.13821386652333395	0.3628064351422446
6561	FLOWER	0.05970739998987743	0.22138689032622746
7092	FLOWER	0.13731791824102402	0.355317017861775
7302	FLOWER	0.058751218553100316	0.21398075137819564
7476	FLOWER	0.34176147835595266	0.5903285018035344
7559	FLOWER	0.44784501620701384	0.7519376192774091
7657	FLOWER	0.15972825246197836	0.3665452812399183
7770	FLOWER	0.25650527647563387	0.5094581288950784
7793	FLOWER	0.4717286101409367	0.6818260976246425
7797	FLOWER	0.3384000701563699	0.5770685076713562
8025	FLOWER	0.08459196665457316	0.2792913828577314
8049	FLOWER	0.20272631091730936	0.42925471493176054
8094	FLOWER	0.0782329413507666	0.26995394485337393
8419	FLOWER	0.2629814605627741	0.5145233614104134
8438	FLOWER	0.23611478507518768	0.48414057067462374
8468	FLOWER	0.14653378937925612	0.34364573870386395
8815	FLOWER	0.15391559898853302	0.37280496103422983
8878	FLOWER	0.2825847033943449	0.5227025364126477
9012	FLOWER	0.04886186867952347	0.1699350912656103
10886	FLOWER	0.2379689003740038	0.4684401537690844
11567	FLOWER	0.1036779736833913	0.3186683399336679
12020	FLOWER	0.06134055448429925	0.23273919097014836
12265	FLOWER	0.09349648867334638	0.24909305572509766
12377	FLOWER	0.07781199365854263	0.2255015798977443
16537	FLOWER	0.38129669427871704	0.657299450465611
17898	FLOWER	0.07938647004110473	0.24682559285845077
18467	FLOWER	0.09266811609268188	0.2895690841334207
21363	FLOWER	0.16568840401513235	0.3998526249613081
27440	FLOWER	0.09270816615649632	0.24700163091932023
31219	FLOWER	0.3521316647529602	0.6387734924043927
31276	FLOWER	0.23224157094955444	0.48685531105313984
31283	FLOWER	0.22869882413319179	0.4463623208659036
60998	FLOWER	0.3185231217316219	0.5956634964261737
61523	FLOWER	0.3635938891342708	0.5792257189750671
62351	FLOWER	0.05703817041856902	0.21254064568451472
62465	FLOWER	0.1150839137179511	0.30681842991283964
251531	FLOWER	0.29910771335874287	0.5375187652451652
440917	FLOWER	0.206413600061621	0.46375153745923725
637758	FLOWER	0.366852057831628	0.6467826196125576
1549025	FLOWER	0.2527511204992022	0.531275178704943
2733294	FLOWER	0.2944345346518925	0.523564657994679
5281167	FLOWER	0.1808175497821399	0.4205153158732823
5281168	FLOWER	0.043947335864816396	0.20943907967635564
5318599	FLOWER	0.17312174822602952	0.37097446407590595
5352837	FLOWER	0.2511900067329407	0.4860636591911316
5364231	FLOWER	0.13321331143379211	0.3824539950915745
262	FLOWER	0.11472822619335991	0.3018438049725124
323	FLOWER	0.2164920291730336	0.4365874741758619
750	FLOWER	0.14875605702400208	0.3653254508972168
753	FLOWER	0.10792050510644913	0.2997778866972242
962	FLOWER	0.14781720510550908	0.36532690695353914
5862	FLOWER	0.07184654900005885	0.22631438289369857
5962	FLOWER	0.11600979204688754	0.2969612308910915
6274	FLOWER	0.1443088182381221	0.3701995185443333
6322	FLOWER	0.1470199834023203	0.34590656416756765
6669	FLOWER	0.48558933820043293	0.5923138856887817
7137	FLOWER	0.3007900225264685	0.572651492697852
15654	FLOWER	0.08045476568596703	0.2513087455715452
62089	FLOWER	0.0471504202910832	0.2213012341942106
853433	FLOWER	0.22394334205559321	0.466827575649534
5371102	FLOWER	0.25136435670512064	0.5179454173360553
10857465	FLOWER	0.2912805144275938	0.49576179896082195
180	CHEMICAL	0.31873091416699545	0.6027969632829938
264	CHEMICAL	0.20404214092663356	0.5099606386252812
702	CHEMICAL	0.19177366367408208	0.47400037731443134
1031	CHEMICAL	0.2453517339059285	0.5232012953077044
3102	CHEMICAL	0.307496862752097	0.59870274577822
3314	CHEMICAL	0.2677730343171528	0.5372240969112941
6506	CHEMICAL	0.2526691896574838	0.5503243889127459
6544	CHEMICAL	0.38334955487932476	0.6658076814242772
6561	CHEMICAL	0.4005946857588632	0.6815992423466274
7092	CHEMICAL	0.2596849373408726	0.5713543551308768
7302	CHEMICAL	0.35534194111824036	0.6401874933923993
7476	CHEMICAL	0.26030783568109783	0.552035961832319
7559	CHEMICAL	0.3813367784023285	0.6732198766299656
7657	CHEMICAL	0.3949653080531529	0.6483257327760968
7770	CHEMICAL	0.33517434767314364	0.6186169811657497
7793	CHEMICAL	0.3338225952216557	0.6141291345868792
7797	CHEMICAL	0.19215672995362962	0.5109744497707912
8025	CHEMICAL	0.33339608141354155	0.6088816182953971
8049	CHEMICAL	0.2404137807232993	0.5189881750515529
8094	CHEMICAL	0.37691184878349304	0.682256315435682
8419	CHEMICAL	0.2369644535439355	0.498694224017007
8438	CHEMICAL	0.23551986472947256	0.5063241762774331
8468	CHEMICAL	0.271349949496133	0.543696905885424
8815	CHEMICAL	0.20369817529405868	0.53470207963671
8878	CHEMICAL	0.15239272373063223	0.45901000925472807
9012	CHEMICAL	0.27946108153888155	0.5716928839683533
10886	CHEMICAL	0.20156586595943995	0.5055007381098611
11567	CHEMICAL	0.7175433124814715	0.902919352054596
12020	CHEMICAL	0.5040071351187569	0.7587424090930394
12265	CHEMICAL	0.5153752820832389	0.7521897384098598
12377	CHEMICAL	0.2086906794990812	0.5166874017034259
16537	CHEMICAL	0.22868759717260087	0.5206821390560695
17898	CHEMICAL	0.2805153727531433	0.573596009186336
18467	CHEMICAL	0.22651722388608114	0.5043769989694867
21363	CHEMICAL	0.32213596786771503	0.6229169964790344
27440	CHEMICAL	0.33192521759441923	0.6556061165673392
31219	CHEMICAL	0.25504656774657114	0.5549231341906956
31276	CHEMICAL	0.5330770782061985	0.7878090058054242
31283	CHEMICAL	0.2501593147005354	0.5427555867603847
60998	CHEMICAL	0.25735371879168917	0.5593833880765098
61523	CHEMICAL	0.34862268396786283	0.6412114415849958
62351	CHEMICAL	0.22233414011342184	0.5260533520153591
62465	CHEMICAL	0.396007239818573	0.6534229431833539
251531	CHEMICAL	0.25840052110808237	0.5592837248529706
440917	CHEMICAL	0.4410258105822972	0.6711128183773586
637758	CHEMICAL	0.195281588605472	0.5216142237186432
1549025	CHEMICAL	0.17727517017296382	0.42979816453797476
2733294	CHEMICAL	0.19850220105477742	0.4993639077459063
5281167	CHEMICAL	0.27596779806273325	0.5939184938158307
5281168	CHEMICAL	0.36031203610556467	0.6796644840921674
5318599	CHEMICAL	0.40164506435394287	0.6817530649048942
5352837	CHEMICAL	0.3316871864455087	0.6328216961451939
5364231	CHEMICAL	0.18255255264895304	0.4786721340247563
262	CHEMICAL	0.35569492833954947	0.6350080541202
323	CHEMICAL	0.3077695071697235	0.6110151239803859
750	CHEMICAL	0.1979076372725623	0.46663320490292143
753	CHEMICAL	0.26809197664260864	0.5588726571628025
962	CHEMICAL	0.3452472686767578	0.6233884607042585
5862	CHEMICAL	0.15232775147472108	0.44592380949429106
5962	CHEMICAL	0.20892944080489023	0.5402946983064923
6274	CHEMICAL	0.230579708303724	0.531740380184991
6322	CHEMICAL	0.20987242673124587	0.5115195512771606
6669	CHEMICAL	0.1257962105529649	0.37847696031842915
7137	CHEMICAL	0.18782129883766174	0.4964061677455902
15654	CHEMICAL	0.20223236509731837	0.48742478234427317
62089	CHEMICAL	0.41809612086841036	0.718555109841483
853433	CHEMICAL	0.2145752842937197	0.5033743764672961
5371102	CHEMICAL	0.36592925446374075	0.6319496376173837
10857465	CHEMICAL	0.43373037236077444	0.7438848103795733
