oID	descriptor	value	sigma
177	INTENSITY/STRENGTH	0.17103077790566854	0.4992039331368038
1110	INTENSITY/STRENGTH	0.13102478853293828	0.5186780605997358
1183	INTENSITY/STRENGTH	0.6686617817197528	0.7398457186562675
2682	INTENSITY/STRENGTH	0.17858753672667912	0.556257460798536
2758	INTENSITY/STRENGTH	0.3505409189632961	0.675573331969125
6140	INTENSITY/STRENGTH	0.22691678149359568	0.6133261067526681
6501	INTENSITY/STRENGTH	0.4051263417516436	0.6371914403779166
6943	INTENSITY/STRENGTH	0.47776490449905396	0.6256770832198006
7147	INTENSITY/STRENGTH	0.5287711024284363	0.7159129892076764
7519	INTENSITY/STRENGTH	0.37486216851643156	0.5901955110686166
7762	INTENSITY/STRENGTH	0.5681473101888385	0.6988975405693054
7915	INTENSITY/STRENGTH	0.37734322037015644	0.6284108502524239
8129	INTENSITY/STRENGTH	0.5220089469637189	0.6754709652491978
8174	INTENSITY/STRENGTH	0.41066816449165344	0.6748051728521075
8857	INTENSITY/STRENGTH	0.2853392916066306	0.5913080232484
9024	INTENSITY/STRENGTH	0.43958226697785513	0.6940780537469047
9609	INTENSITY/STRENGTH	0.4919537135532924	0.585948279925755
10448	INTENSITY/STRENGTH	0.6389384610312325	0.668981032712119
11419	INTENSITY/STRENGTH	0.5186726408345359	0.6837393811770848
12348	INTENSITY/STRENGTH	0.587945784841265	0.6715431553976876
12813	INTENSITY/STRENGTH	0.42313781806400846	0.7012826374598912
14257	INTENSITY/STRENGTH	0.24773368878023966	0.5452141080583844
14296	INTENSITY/STRENGTH	0.3379406247820173	0.5608210989407131
14328	INTENSITY/STRENGTH	0.4659366330930165	0.6252915859222412
14525	INTENSITY/STRENGTH	0.35129351701055256	0.68366938829422
15037	INTENSITY/STRENGTH	0.48114900078092304	0.6005083067076546
15380	INTENSITY/STRENGTH	0.5884557451520648	0.6351212177957807
16255	INTENSITY/STRENGTH	0.25933279948575155	0.6132530399731227
18635	INTENSITY/STRENGTH	0.5546439673219409	0.6215653845242092
24020	INTENSITY/STRENGTH	0.5565503750528608	0.6674128430230277
61199	INTENSITY/STRENGTH	0.4636816552707127	0.6765077028955732
61918	INTENSITY/STRENGTH	0.6612659820488521	0.5616165399551392
85522	INTENSITY/STRENGTH	0.5406012960842678	0.7085518666676113
520191	INTENSITY/STRENGTH	0.37222230434417725	0.5788151621818542
556940	INTENSITY/STRENGTH	0.5620504532541547	0.6329172423907689
5352539	INTENSITY/STRENGTH	0.6031168614115033	0.678424494607108
13216	INTENSITY/STRENGTH	0.5334187362875257	0.753222576209477
31209	INTENSITY/STRENGTH	0.28785272581236704	0.6730720060212272
82227	INTENSITY/STRENGTH	0.31019361317157745	0.7231234908103943
526618	INTENSITY/STRENGTH	0.5482524633407593	0.617585471698216
637796	INTENSITY/STRENGTH	0.44224925552095684	0.6757266521453857
177	VALENCE/PLEASANTNESS	0.35629730990954805	0.5677059122494289
1110	VALENCE/PLEASANTNESS	0.3519654742309025	0.558834433555603
1183	VALENCE/PLEASANTNESS	0.7339494483811515	0.6598392043794904
2682	VALENCE/PLEASANTNESS	0.4455008293901171	0.5883944460323879
2758	VALENCE/PLEASANTNESS	0.49627370493752615	0.6457388656479972
6140	VALENCE/PLEASANTNESS	0.44683937089783804	0.6141571998596191
6501	VALENCE/PLEASANTNESS	0.5182213953563145	0.6034167749541146
6943	VALENCE/PLEASANTNESS	0.3277357220649719	0.6315612367221287
7147	VALENCE/PLEASANTNESS	0.5380506898675647	0.6561916215079171
7519	VALENCE/PLEASANTNESS	0.42703613213130404	0.6268939886774335
7762	VALENCE/PLEASANTNESS	0.572492071560451	0.6957131709371295
7915	VALENCE/PLEASANTNESS	0.5332394029412951	0.5994375092642648
8129	VALENCE/PLEASANTNESS	0.422584593296051	0.5975452150617327
8174	VALENCE/PLEASANTNESS	0.4900533642087664	0.6592491865158081
8857	VALENCE/PLEASANTNESS	0.49123680165835787	0.5845123955181667
9024	VALENCE/PLEASANTNESS	0.5809288450649807	0.6366830808775765
9609	VALENCE/PLEASANTNESS	0.2879638011966433	0.5877606272697449
10448	VALENCE/PLEASANTNESS	0.21000194336686814	0.5716508116040911
11419	VALENCE/PLEASANTNESS	0.3990417463438852	0.7018526877675738
12348	VALENCE/PLEASANTNESS	0.6980519720486232	0.6729680725506374
12813	VALENCE/PLEASANTNESS	0.5450137172426496	0.6758656416620527
14257	VALENCE/PLEASANTNESS	0.4966506063938141	0.6285072054181781
14296	VALENCE/PLEASANTNESS	0.39585224219730925	0.6623990280287606
14328	VALENCE/PLEASANTNESS	0.4972151517868042	0.6512547731399536
14525	VALENCE/PLEASANTNESS	0.49584097947393146	0.6732543877192906
15037	VALENCE/PLEASANTNESS	0.41317334345408846	0.6085759656769889
15380	VALENCE/PLEASANTNESS	0.24310346799237387	0.5978194390024457
16255	VALENCE/PLEASANTNESS	0.515829256602696	0.5635886362620762
18635	VALENCE/PLEASANTNESS	0.25406106454985483	0.5706937313079834
24020	VALENCE/PLEASANTNESS	0.6465174044881549	0.6667625648634774
61199	VALENCE/PLEASANTNESS	0.6289324334689549	0.680690450327737
61918	VALENCE/PLEASANTNESS	0.4182222783565521	0.7256944860730853
85522	VALENCE/PLEASANTNESS	0.23447140625544957	0.5923821755817958
520191	VALENCE/PLEASANTNESS	0.37809707862990244	0.6160195810454232
556940	VALENCE/PLEASANTNESS	0.27923511820180075	0.5899244035993304
5352539	VALENCE/PLEASANTNESS	0.6577650308609009	0.6908727543694633
13216	VALENCE/PLEASANTNESS	0.5632428441728864	0.7258188724517822
31209	VALENCE/PLEASANTNESS	0.5119843695844922	0.679738964353289
82227	VALENCE/PLEASANTNESS	0.5123396899018969	0.6887968182563782
526618	VALENCE/PLEASANTNESS	0.2857948797089713	0.6094981687409537
637796	VALENCE/PLEASANTNESS	0.6656928317887443	0.6731169819831848
177	BAKERY	0.053434579500130246	0.22984375059604645
1110	BAKERY	0.05022105175469603	0.21284254959651402
1183	BAKERY	0.4833055692059653	0.7516157371657235
2682	BAKERY	0.048070549432720454	0.1933692672422954
2758	BAKERY	0.006449198084218162	0.15910184383392334
6140	BAKERY	0.06373248675039836	0.281463269676481
6501	BAKERY	0.08870889565774373	0.3427833489009312
6943	BAKERY	0.005524420046380588	0.1166060385959489
7147	BAKERY	0.042647420561739376	0.19628624192305974
7519	BAKERY	0.032153883416737826	0.20998895168304443
7762	BAKERY	0.06205506197043827	0.2726575434207916
7915	BAKERY	0.06374456999557358	0.25787483155727386
8129	BAKERY	0.028017636654632434	0.13707228962864196
8174	BAKERY	-0.002134967329246657	0.0590913152056081
8857	BAKERY	0.06344886177352496	0.2489544791834695
9024	BAKERY	0.04961075899856431	0.23575974149363382
9609	BAKERY	0.05475158563682011	0.2581701236111777
10448	BAKERY	0.04426336182015283	0.2170157070670809
11419	BAKERY	0.024408698081970215	0.15290378034114838
12348	BAKERY	0.08585456332990102	0.342287825686591
12813	BAKERY	0.08168770585741315	0.2899550476244518
14257	BAKERY	0.04760988349361079	0.21057970821857452
14296	BAKERY	0.11296732723712921	0.33742003781454905
14328	BAKERY	0.13129708064453943	0.41281511953898836
14525	BAKERY	-0.0012115099068198884	0.15279624504702433
15037	BAKERY	0.02966428973845073	0.18523375264235906
15380	BAKERY	0.05579372761504991	0.2645604056971414
16255	BAKERY	0.044698872470429966	0.22528699040412903
18635	BAKERY	0.05610556261880057	0.25212166564805166
24020	BAKERY	0.09176466081823621	0.3392152615955898
61199	BAKERY	0.3210806612457548	0.7207876699311393
61918	BAKERY	0.19968517124652863	0.522088063614709
85522	BAKERY	0.025461051879184588	0.19157184873308455
520191	BAKERY	0.10226566663810185	0.39213510496275766
556940	BAKERY	0.09842198554958616	0.4103435277938843
5352539	BAKERY	0.031150534749031067	0.24118679123265402
13216	BAKERY	0.011357193014451436	0.15470226321901595
31209	BAKERY	0.03323246432202203	0.23270962706633977
82227	BAKERY	0.0020567977002688815	0.1321111119219235
526618	BAKERY	0.11345330732209342	0.42345104472977774
637796	BAKERY	0.1919512301683426	0.514865619795663
177	SWEET	0.09178186101572854	0.3935257537024362
1110	SWEET	0.10402750968933105	0.3916701206139156
1183	SWEET	0.6272070152418954	0.8282864349228996
2682	SWEET	0.13473369287593023	0.4282790294715336
2758	SWEET	0.15585570888859884	0.47677635295050486
6140	SWEET	0.1269070410302707	0.44258408887045725
6501	SWEET	0.3367948659828731	0.6565313254083905
6943	SWEET	0.04420325745429311	0.248276025056839
7147	SWEET	0.26567518072468893	0.6289755872317723
7519	SWEET	0.13508768486125128	0.45652503200939726
7762	SWEET	0.4265573195048741	0.7806562100137983
7915	SWEET	0.3060120152575629	0.630951498235975
8129	SWEET	0.177464026425566	0.4826994410582951
8174	SWEET	0.18563104101589747	0.5410303899220058
8857	SWEET	0.2359391110283988	0.5660294549805778
9024	SWEET	0.30294312962463926	0.6520574007715497
9609	SWEET	0.07766479466642652	0.26616824737616945
10448	SWEET	0.02895972558430263	0.2040733971766063
11419	SWEET	0.10139320471457072	0.45375199403081623
12348	SWEET	0.5621024881090436	0.8570301617894854
12813	SWEET	0.34205647877284456	0.707236817904881
14257	SWEET	0.2020879579441888	0.5253876064504895
14296	SWEET	0.1255375945142337	0.5021812064307076
14328	SWEET	0.21440335363149643	0.5445453524589539
14525	SWEET	0.12846655611480987	0.44756631340299335
15037	SWEET	0.1411303249852998	0.46045040232794626
15380	SWEET	0.044404606734003337	0.22784936215196336
16255	SWEET	0.20193036539214	0.5079313261168343
18635	SWEET	0.04656528149332319	0.26870296256882803
24020	SWEET	0.5191541228975568	0.81181572164808
61199	SWEET	0.43908086844852995	0.7838071158954075
61918	SWEET	0.14335046708583832	0.5651339547974723
85522	SWEET	0.05392343870231083	0.28373442377362934
520191	SWEET	0.12256874356951032	0.4396317643778665
556940	SWEET	0.09723230451345444	0.3646670494760786
5352539	SWEET	0.3249868707997458	0.689626259463174
13216	SWEET	0.2554837997470583	0.6373262831142971
31209	SWEET	0.1867258825472423	0.5746248917920249
82227	SWEET	0.1414300086242812	0.4694073668548039
526618	SWEET	0.08271681464144162	0.36166195358548847
637796	SWEET	0.3896715257849012	0.7214207223483494
177	FRUIT	0.031316379085183144	0.16459975710936955
1110	FRUIT	0.03869489553783621	0.17349798125880106
1183	FRUIT	0.19317745630230224	0.40696507692337036
2682	FRUIT	0.05360473692417145	0.17743905101503646
2758	FRUIT	0.0956688289131437	0.27369479622159687
6140	FRUIT	0.024279744497367313	0.1236182472535542
6501	FRUIT	0.25875285054956165	0.5210858157702855
6943	FRUIT	0.021553395316004753	0.19006864087922232
7147	FRUIT	0.15939176827669144	0.3889889419078827
7519	FRUIT	0.07429247934903417	0.23646225460938045
7762	FRUIT	0.3622060077530997	0.6203086376190186
7915	FRUIT	0.2324948970760618	0.4515254284654345
8129	FRUIT	0.1414231083222798	0.37296763913972036
8174	FRUIT	0.16452414968184062	0.41679857884134563
8857	FRUIT	0.14947744884661265	0.3563807649271829
9024	FRUIT	0.2584521025419235	0.4821671630655016
9609	FRUIT	0.023040297042046274	0.11706269585660525
10448	FRUIT	0.03546929306217602	0.13981737143227033
11419	FRUIT	0.048668671931539266	0.3057344896452768
12348	FRUIT	0.5161939987114498	0.7192188245909554
12813	FRUIT	0.2599100513117654	0.5394104165690286
14257	FRUIT	0.12037004370774541	0.3169006620134626
14296	FRUIT	0.03814884355025632	0.1421635267989976
14328	FRUIT	0.08982741832733154	0.25118657307965414
14525	FRUIT	0.07336635701358318	0.26187377742358614
15037	FRUIT	0.09709533463631358	0.29099192363875254
15380	FRUIT	0.018440072291663716	0.11466791587216514
16255	FRUIT	0.15071276149579457	0.3589957228728703
18635	FRUIT	0.02420850656926632	0.12486879740442548
24020	FRUIT	0.44738035116876873	0.6693569421768188
61199	FRUIT	0.1622808990733964	0.380414754152298
61918	FRUIT	0.03801690707249301	0.10764395445585251
85522	FRUIT	0.09727547317743301	0.2495006216423852
520191	FRUIT	0.036211561145527024	0.16560376222644532
556940	FRUIT	0.06120702890413148	0.20232581453663961
5352539	FRUIT	0.4595562219619751	0.6645221625055585
13216	FRUIT	0.18149879149028234	0.3958043668951307
31209	FRUIT	0.1132578392113958	0.37941087995256695
82227	FRUIT	0.09036270103284291	0.26152460064206806
526618	FRUIT	0.012716377952269145	0.10676977198038783
637796	FRUIT	0.19060579101954186	0.3722663713353021
177	FISH	0.11114952713251114	0.235031464270183
1110	FISH	0.05568171665072441	0.143826567700931
1183	FISH	0.07608099388224739	0.1221926999943597
2682	FISH	0.05541526419775827	0.15097917403493608
2758	FISH	0.053295020280139785	0.13261311181953975
6140	FISH	0.10374506669385093	0.22266391345432826
6501	FISH	0.05210659759385245	0.10156928960766111
6943	FISH	0.10958215381417956	0.25635735051972525
7147	FISH	0.09493905039770263	0.1678211454834257
7519	FISH	0.0613429599574634	0.19419424661568233
7762	FISH	0.050928753933736255	0.1088294546519007
7915	FISH	0.04702216440013477	0.1241964144366128
8129	FISH	0.07779384138328689	0.17018389701843262
8174	FISH	0.03393222125513213	0.10678054392337799
8857	FISH	0.05188339735780444	0.13971728937966482
9024	FISH	0.07147146814635821	0.15347809025219508
9609	FISH	0.31215369275638033	0.5010028013161251
10448	FISH	0.39415413566998075	0.6102763754980904
11419	FISH	0.0400270303445203	0.13383828103542328
12348	FISH	0.03669583930500916	0.0938097717506545
12813	FISH	0.061030259621994834	0.1318238569157464
14257	FISH	0.04412658565810749	0.13624384147780283
14296	FISH	0.0953396303313119	0.21838519828660147
14328	FISH	0.10162053895848137	0.2346462458372116
14525	FISH	0.04290312422173364	0.12410660088062286
15037	FISH	0.05889761607561793	0.1743030548095703
15380	FISH	0.37286957672664095	0.5775075043950763
16255	FISH	0.06415154997791563	0.15200829718794143
18635	FISH	0.325870794909341	0.5132895239761898
24020	FISH	0.050559824598687034	0.09654266280787331
61199	FISH	0.06096186648522105	0.11983066158635276
61918	FISH	0.09768193055476461	0.21333018796784536
85522	FISH	0.3204569859164102	0.5225512300218854
520191	FISH	0.17055681347846985	0.34160658717155457
556940	FISH	0.2828591487237385	0.47690083725111826
5352539	FISH	0.04878702387213707	0.12331460948501315
13216	FISH	0.08567725494503975	0.09560112176196915
31209	FISH	0.08356284190501485	0.20608352976185934
82227	FISH	0.04146616959146091	0.09244160460574287
526618	FISH	0.27919954913003103	0.46544802614620756
637796	FISH	0.04911913802581174	0.15408737638166972
177	GARLIC	0.11962011562926429	0.3142724164894649
1110	GARLIC	0.08962276471512658	0.2629937785012381
1183	GARLIC	0.0650073696992227	0.17763537062065943
2682	GARLIC	0.055398400872945786	0.1936803013086319
2758	GARLIC	0.03781409162495818	0.15457417922360556
6140	GARLIC	0.06487886341554779	0.2517103999853134
6501	GARLIC	0.026672999507614543	0.14288248547485896
6943	GARLIC	0.06091595920068877	0.2023805816258703
7147	GARLIC	0.055486619738595824	0.1523387591753687
7519	GARLIC	0.05499701521226338	0.1977286317518779
7762	GARLIC	0.026937732473015785	0.12529973472867692
7915	GARLIC	0.034379368115748675	0.1602013600724084
8129	GARLIC	0.04450284370354244	0.18475841198648726
8174	GARLIC	0.02666627349598067	0.10424258134194783
8857	GARLIC	0.05916066574198859	0.20428927455629622
9024	GARLIC	0.040952609585864205	0.16482293818678176
9609	GARLIC	0.400225077356611	0.5629758196217673
10448	GARLIC	0.44330544556890217	0.6013546160289219
11419	GARLIC	0.03164909141404288	0.1323868121419634
12348	GARLIC	0.016653177328407764	0.09316483459302358
12813	GARLIC	0.060910794883966446	0.18649261125496455
14257	GARLIC	0.043309742850916724	0.16706264976944243
14296	GARLIC	0.06016668198364122	0.24423028315816606
14328	GARLIC	0.08342103766543525	0.24094044736453465
14525	GARLIC	0.028920458097543036	0.14233466344220297
15037	GARLIC	0.03635652895484652	0.1785100485597338
15380	GARLIC	0.4774123557976314	0.6306492686271667
16255	GARLIC	0.06064146224941526	0.20942632853984833
18635	GARLIC	0.36518074359212604	0.5385234483650753
24020	GARLIC	0.01940882339009217	0.10318517631718091
61199	GARLIC	0.06357159146240779	0.22405782980578287
61918	GARLIC	0.07324658706784248	0.2535137874739511
85522	GARLIC	0.3447409357343401	0.5273067780903408
520191	GARLIC	0.1538700642330306	0.37603799785886494
556940	GARLIC	0.2418592529637473	0.4759947146688189
5352539	GARLIC	0.024411859522972788	0.11325060044016157
13216	GARLIC	0.05529558871473585	0.12236393562385015
31209	GARLIC	0.07782558883939471	0.22458456669534957
82227	GARLIC	0.028902418645364896	0.13805782475641795
526618	GARLIC	0.26350570150784086	0.4897318184375763
637796	GARLIC	0.049499470208372386	0.15507575869560242
177	SPICES	0.16356396887983596	0.3851316273212433
1110	SPICES	0.1354082248040608	0.36317475352968487
1183	SPICES	0.25490260124206543	0.5624986376081195
2682	SPICES	0.11479926215750831	0.3093325410570417
2758	SPICES	0.2124853389603751	0.46897116729191374
6140	SPICES	0.15447435208729335	0.36705513085637775
6501	SPICES	0.13711263878004892	0.34071274740355356
6943	SPICES	0.25378500138010296	0.4792915880680084
7147	SPICES	0.20635554194450378	0.4258201505456652
7519	SPICES	0.1761776911360877	0.39435252973011564
7762	SPICES	0.10384642013481685	0.31052555782454355
7915	SPICES	0.11759679232324872	0.32793290274483816
8129	SPICES	0.131425784102508	0.3341984323092869
8174	SPICES	0.1009487733244896	0.29724067023822237
8857	SPICES	0.132678889802524	0.3428515408720289
9024	SPICES	0.14156837548528398	0.3766935041972569
9609	SPICES	0.3163960065160479	0.5513005001204354
10448	SPICES	0.310724322284971	0.5308985199247088
11419	SPICES	0.16177716638360704	0.383134982415608
12348	SPICES	0.12240154615470342	0.34936160700661795
12813	SPICES	0.1593503441129412	0.37357509987694876
14257	SPICES	0.13428684324026108	0.3411050651754652
14296	SPICES	0.1519795549767358	0.35633765373911175
14328	SPICES	0.2780967631510326	0.5085643742765699
14525	SPICES	0.2529536655970982	0.5147184090954917
15037	SPICES	0.1141750801886831	0.319902913911002
15380	SPICES	0.3414909711905888	0.5775364552225385
16255	SPICES	0.14419902861118317	0.33939266204833984
18635	SPICES	0.2858306041785649	0.510084650346211
24020	SPICES	0.13156280027968542	0.3489975162914821
61199	SPICES	0.22085749890123094	0.4617048033646175
61918	SPICES	0.190849597964968	0.3847973942756653
85522	SPICES	0.2574911117553711	0.47206164257866995
520191	SPICES	0.179998374411038	0.4014067564691816
556940	SPICES	0.1647607343537467	0.39965010966573444
5352539	SPICES	0.137948249067579	0.37357968517712187
13216	SPICES	0.16129816429955618	0.4081661743777139
31209	SPICES	0.2504397226231439	0.4626597421509879
82227	SPICES	0.3558737656899861	0.6231050150735038
526618	SPICES	0.20808441936969757	0.4505043498107365
637796	SPICES	0.41018032176154	0.6592294233185905
177	COLD	0.21781572486673081	0.3764607012271881
1110	COLD	0.20467659405299596	0.3680665237562997
1183	COLD	0.14804827847651073	0.32670725669179645
2682	COLD	0.309465012380055	0.47938597202301025
2758	COLD	0.423003967319216	0.6092628155435834
6140	COLD	0.20494418271950313	0.3898261402334486
6501	COLD	0.23795091892991746	0.42738002964428495
6943	COLD	0.3349569227014269	0.4870185809476035
7147	COLD	0.28618321674210684	0.49222785234451294
7519	COLD	0.27783890068531036	0.44916013308933805
7762	COLD	0.32326156326702665	0.49992278644016813
7915	COLD	0.24952261362757003	0.42887887358665466
8129	COLD	0.3109682244913919	0.4996011810643332
8174	COLD	0.4195867436272757	0.6029468774795532
8857	COLD	0.22891215980052948	0.4028768922601427
9024	COLD	0.23708840353148325	0.43752064875194
9609	COLD	0.13884782471827098	0.2951871454715729
10448	COLD	0.11728933666433607	0.2843569389411381
11419	COLD	0.4796683745724814	0.6541707771165031
12348	COLD	0.2923848458698818	0.4934916453702109
12813	COLD	0.2687452861240932	0.46338619930403574
14257	COLD	0.38361108728817533	0.5533713272639683
14296	COLD	0.1926324303661074	0.3771530645234244
14328	COLD	0.21689269372395106	0.3873941685472216
14525	COLD	0.466158321925572	0.6415957723345075
15037	COLD	0.30094014746802195	0.465550354548863
15380	COLD	0.10928936302661896	0.27461521327495575
16255	COLD	0.21514800190925598	0.39923343488148283
18635	COLD	0.12726330118519918	0.2985048464366368
24020	COLD	0.2972462943622044	0.502527117729187
61199	COLD	0.16652962565422058	0.30715416584696087
61918	COLD	0.2048936358519963	0.38518375158309937
85522	COLD	0.1400164599929537	0.2995545949254717
520191	COLD	0.15036328988415854	0.2901714060987745
556940	COLD	0.06685783714056015	0.1818782878773553
5352539	COLD	0.2455462792090007	0.46684110164642334
13216	COLD	0.4472499702657972	0.6601985692977905
31209	COLD	0.269828132220677	0.5002446728093284
82227	COLD	0.4737312580857958	0.6552067909921918
526618	COLD	0.06671574445707458	0.2114837361233575
637796	COLD	0.23499884137085505	0.4310795281614576
177	SOUR	0.4241123412336622	0.6051318390028817
1110	SOUR	0.5231189089162009	0.6787989395005363
1183	SOUR	0.13312836630003794	0.34647922430719647
2682	SOUR	0.21936476230621338	0.42100892322404043
2758	SOUR	0.17486113096986497	0.38559834020478384
6140	SOUR	0.24222931478704726	0.4818587473460606
6501	SOUR	0.24194890473570144	0.4672627661909376
6943	SOUR	0.23731562495231628	0.4587368667125702
7147	SOUR	0.20002443024090358	0.38532049315316336
7519	SOUR	0.19046237000397273	0.41689142159053255
7762	SOUR	0.23544439034802572	0.44509697811944143
7915	SOUR	0.21642709842750005	0.40943850789751324
8129	SOUR	0.24621168204716273	0.4438454508781433
8174	SOUR	0.1652586715562003	0.3774479797908238
8857	SOUR	0.2611751769270216	0.4541126915386745
9024	SOUR	0.22855186888149806	0.41737025550433565
9609	SOUR	0.35552382469177246	0.5749146597726005
10448	SOUR	0.4844910843031747	0.6973965167999268
11419	SOUR	0.2001297495194844	0.4310941994190216
12348	SOUR	0.1652383485010692	0.37837899156979155
12813	SOUR	0.22486960887908936	0.43545445799827576
14257	SOUR	0.1679864568369729	0.3717411756515503
14296	SOUR	0.2102753860609872	0.4358199196202414
14328	SOUR	0.16874292279992784	0.39620491436549593
14525	SOUR	0.16201307943889073	0.3790117715086256
15037	SOUR	0.17830235617501394	0.3937587227140154
15380	SOUR	0.40504815323012217	0.6322614806038993
16255	SOUR	0.23534289002418518	0.4382889185632978
18635	SOUR	0.42965790203639437	0.6467422246932983
24020	SOUR	0.18539150484970637	0.40562763810157776
61199	SOUR	0.16178669674055918	0.3907846893583025
61918	SOUR	0.28201773124081747	0.5591450759342739
85522	SOUR	0.6081257207053048	0.8075897778783526
520191	SOUR	0.2521512061357498	0.48624088508742197
556940	SOUR	0.39755126408168245	0.6388938086373466
5352539	SOUR	0.19117605899061477	0.4065016082354954
13216	SOUR	0.18095390924385615	0.3669099978038243
31209	SOUR	0.1987210703747613	0.40919471212795805
82227	SOUR	0.165886395743915	0.3767502009868622
526618	SOUR	0.3299860826560429	0.5897947975567409
637796	SOUR	0.11101469078234263	0.3224799058267048
177	BURNT	0.10708239035946983	0.3384309240749904
1110	BURNT	0.0917819110410554	0.3109532722405025
1183	BURNT	0.11556083735610757	0.3210334288222449
2682	BURNT	0.15009826847485133	0.4350314438343048
2758	BURNT	0.07122622962508883	0.288826870066779
6140	BURNT	0.1583170167037419	0.4453199463231223
6501	BURNT	0.0672147912638528	0.24636851038251603
6943	BURNT	0.18179987370967865	0.4640207162925175
7147	BURNT	0.08265699446201324	0.29256043689591543
7519	BURNT	0.08935543256146568	0.3404892810753414
7762	BURNT	0.030749108642339706	0.19319055548736028
7915	BURNT	0.04703332856297493	0.21205714557852065
8129	BURNT	0.10535426757165364	0.3441476694175175
8174	BURNT	0.07633139618805476	0.3399432344096048
8857	BURNT	0.06842250536595072	0.25443100716386524
9024	BURNT	0.06550473347306252	0.2792962853397642
9609	BURNT	0.21183735132217407	0.46804244603429523
10448	BURNT	0.22463857701846532	0.48440927267074585
11419	BURNT	0.10928865202835628	0.33051847985812594
12348	BURNT	0.013834679765360696	0.17001329575266158
12813	BURNT	0.12120036567960467	0.33127344080380033
14257	BURNT	0.06903307246310371	0.2719938222851072
14296	BURNT	0.21471895490373885	0.514800659247807
14328	BURNT	0.18019857151167734	0.45825483969279696
14525	BURNT	0.07796181738376617	0.29878468598638264
15037	BURNT	0.12201653314488274	0.3423017604010446
15380	BURNT	0.2392387560435704	0.5164074770041874
16255	BURNT	0.10140626771109444	0.3177876855645861
18635	BURNT	0.22895140094416483	0.4840270962033953
24020	BURNT	0.02824794807072197	0.18806879222393036
61199	BURNT	0.18991349637508392	0.4298612262521471
61918	BURNT	0.2837199313299997	0.5918380660670144
85522	BURNT	0.1732582769223622	0.4196844186101641
520191	BURNT	0.27241361141204834	0.5725309423037938
556940	BURNT	0.4040483832359314	0.6885017837796893
5352539	BURNT	0.05950384480612619	0.24260825557368143
13216	BURNT	0.05479705174054418	0.2447148369891303
31209	BURNT	0.0848786256143025	0.35259937388556345
82227	BURNT	0.08386393636465073	0.35965334517615183
526618	BURNT	0.41551272358213154	0.6971744213785444
637796	BURNT	0.06727615211691175	0.31676059322697775
177	ACID	0.2646853881222861	0.45540123326437815
1110	ACID	0.2926137660230909	0.44763048206056866
1183	ACID	0.11365758627653122	0.3157716265746525
2682	ACID	0.3333694849695478	0.5446359940937587
2758	ACID	0.3352638738495963	0.5645162207739693
6140	ACID	0.20852368431431906	0.4413124365465982
6501	ACID	0.24849268794059753	0.4337168037891388
6943	ACID	0.5079737135342189	0.6492561953408378
7147	ACID	0.2868006612573351	0.514727383852005
7519	ACID	0.3627330447946276	0.5516466753823417
7762	ACID	0.3618715192590441	0.5706300990922111
7915	ACID	0.27816231761659893	0.47872168677193777
8129	ACID	0.3325010282652719	0.5564906086240496
8174	ACID	0.44421633226530893	0.6432175721440997
8857	ACID	0.27994524368218016	0.47932291456631254
9024	ACID	0.18849180851663863	0.4182500200612204
9609	ACID	0.2388640535729272	0.4357967334134238
10448	ACID	0.2337869256734848	0.4387445024081639
11419	ACID	0.5501112341880798	0.7202556984765189
12348	ACID	0.2507332946572985	0.46594307678086416
12813	ACID	0.25549275960241047	0.477022396666663
14257	ACID	0.3423328016485487	0.5510217462267194
14296	ACID	0.33549601265362333	0.55727590407644
14328	ACID	0.195745872599738	0.41318235652787344
14525	ACID	0.34853075231824604	0.5772958738463265
15037	ACID	0.4082672510828291	0.5856586950165885
15380	ACID	0.22166708750384195	0.42342892714909147
16255	ACID	0.172658737216677	0.3864717653819493
18635	ACID	0.21707395144871303	0.41300298486437115
24020	ACID	0.27156178866113934	0.48404953309467863
61199	ACID	0.10993281485778945	0.29025736451148987
61918	ACID	0.214616630758558	0.4754725992679596
85522	ACID	0.2547599119799478	0.48233492033822195
520191	ACID	0.21231625974178314	0.40618940762111116
556940	ACID	0.1976240873336792	0.4043758681842259
5352539	ACID	0.08775429108313151	0.3097484494958605
13216	ACID	0.3540433943271637	0.583676644733974
31209	ACID	0.2428054532834462	0.5100123924868447
82227	ACID	0.39373139824186054	0.6297651699611119
526618	ACID	0.20451822451182775	0.4134917514664786
637796	ACID	0.1290032256926809	0.36220623765672955
177	WARM	0.2521123630659921	0.45857597248894827
1110	WARM	0.26818942172186716	0.4860204415661948
1183	WARM	0.6288125344685146	0.7770261934825352
2682	WARM	0.35375581468854633	0.5674196481704712
2758	WARM	0.32689122217042105	0.5429041811398098
6140	WARM	0.33100367869649616	0.5475587504250663
6501	WARM	0.33153232506343294	0.5742724282400948
6943	WARM	0.359544826405389	0.587614927973066
7147	WARM	0.3380117842129299	0.5736439909253802
7519	WARM	0.27601087306227	0.48571902939251493
7762	WARM	0.3074362022536142	0.5201409501688821
7915	WARM	0.27293465605803896	0.47107517293521334
8129	WARM	0.27309503512723105	0.49159487656184603
8174	WARM	0.27533914361681255	0.4922134961400713
8857	WARM	0.26626355946063995	0.4657175498349326
9024	WARM	0.3029296398162842	0.538802478994642
9609	WARM	0.3258378335407802	0.538277404648917
10448	WARM	0.3031881962503706	0.5406669804028102
11419	WARM	0.30506730931145803	0.547928443976811
12348	WARM	0.3194207804543631	0.5257398699011121
12813	WARM	0.3461255005427769	0.5903316565922329
14257	WARM	0.26581656081335886	0.45389450022152494
14296	WARM	0.340568231684821	0.5642178314072746
14328	WARM	0.3885915662561144	0.577362426689693
14525	WARM	0.34480168989726473	0.578518944127219
15037	WARM	0.2581926797117506	0.45513880252838135
15380	WARM	0.32990955880710054	0.56805077620915
16255	WARM	0.2830308037144797	0.48708997879709515
18635	WARM	0.31737453596932547	0.5407671672957284
24020	WARM	0.34250826495034353	0.5457812717982701
61199	WARM	0.5536315526281085	0.762168254171099
61918	WARM	0.427161306142807	0.6518827847072056
85522	WARM	0.26620188781193327	0.521958487374442
520191	WARM	0.39073847021375385	0.6166970644678388
556940	WARM	0.4048954120704106	0.6560166052409581
5352539	WARM	0.267300831420081	0.4855045676231384
13216	WARM	0.3563585323946817	0.5871641635894775
31209	WARM	0.3151826560497284	0.5227137548582894
82227	WARM	0.3831920751503536	0.6163927061217171
526618	WARM	0.43967802609716145	0.6738252895218986
637796	WARM	0.4349985292979649	0.6005473818097796
177	MUSKY	0.349079498222896	0.5426378675869533
1110	MUSKY	0.39187061360904146	0.6158819283757891
1183	MUSKY	0.15374591946601868	0.3572577323232378
2682	MUSKY	0.2120110115834645	0.45001543845449177
2758	MUSKY	0.19474942769323075	0.4082973897457123
6140	MUSKY	0.31093779632023405	0.5736340795244489
6501	MUSKY	0.2208416908979416	0.46333037529672894
6943	MUSKY	0.28306867820875986	0.51870539358684
7147	MUSKY	0.2181287088564464	0.45533973404339384
7519	MUSKY	0.22026423471314566	0.45781253065381733
7762	MUSKY	0.12068873111690794	0.3481455956186567
7915	MUSKY	0.15069466935736792	0.3588977200644357
8129	MUSKY	0.2393062221152442	0.44686850905418396
8174	MUSKY	0.13503021427563258	0.374192191021783
8857	MUSKY	0.18875680012362345	0.3890860804489681
9024	MUSKY	0.18928390741348267	0.4064720698765346
9609	MUSKY	0.3204960823059082	0.5597089018140521
10448	MUSKY	0.42724557859557016	0.6824129223823547
11419	MUSKY	0.2126203668969018	0.4367445707321167
12348	MUSKY	0.052807094263178964	0.27603564304964884
12813	MUSKY	0.18587568828037807	0.4533382867063795
14257	MUSKY	0.12113533807652337	0.3074116919721876
14296	MUSKY	0.24847703533513205	0.5027565998690469
14328	MUSKY	0.20599012289728438	0.452901154756546
14525	MUSKY	0.200368732213974	0.4085677777017866
15037	MUSKY	0.1593046337366104	0.373343642268862
15380	MUSKY	0.3696381279400417	0.6246727279254368
16255	MUSKY	0.20544127907071794	0.4334384969302586
18635	MUSKY	0.38374186413628714	0.6345699770109994
24020	MUSKY	0.08534025720187596	0.3092304766178131
61199	MUSKY	0.20831647728170669	0.4618894670690809
61918	MUSKY	0.3594593235424587	0.6436272944722857
85522	MUSKY	0.4550789254052298	0.6922841838427952
520191	MUSKY	0.31554153135844637	0.5556754044124058
556940	MUSKY	0.3745663804667337	0.6028736233711243
5352539	MUSKY	0.09385019115039281	0.280808014529092
13216	MUSKY	0.19623930965151107	0.4306479735033853
31209	MUSKY	0.17516155753816878	0.39278092980384827
82227	MUSKY	0.15875289802040374	0.37818065711430143
526618	MUSKY	0.3563315102032253	0.6154868262154716
637796	MUSKY	0.09608212539127894	0.29335296154022217
177	SWEATY	0.26942440015929087	0.45881795031683786
1110	SWEATY	0.34631084544318064	0.5374436591352735
1183	SWEATY	0.06733419320413045	0.17709539937121527
2682	SWEATY	0.11585620258535657	0.30521259563309805
2758	SWEATY	0.08117380099637168	0.2227300362927573
6140	SWEATY	0.17731712758541107	0.3958519995212555
6501	SWEATY	0.11025446440492358	0.26325750776699613
6943	SWEATY	0.12172715472323554	0.2877244566168104
7147	SWEATY	0.10313409779753004	0.26116844585963656
7519	SWEATY	0.10976302730185646	0.2903206390993936
7762	SWEATY	0.07980392181447574	0.21931969906602586
7915	SWEATY	0.09379687000598226	0.23902063923222677
8129	SWEATY	0.1278569655758994	0.3016450021948133
8174	SWEATY	0.07608794740268163	0.2445729672908783
8857	SWEATY	0.11954188240425927	0.2810532748699188
9024	SWEATY	0.1025281058890479	0.25975917279720306
9609	SWEATY	0.1922139014516558	0.39468913844653536
10448	SWEATY	0.3063572645187378	0.5474629274436406
11419	SWEATY	0.09767342465264457	0.25278344324656893
12348	SWEATY	0.009237051010131836	0.13334554327385767
12813	SWEATY	0.06636952395950045	0.2767059590135302
14257	SWEATY	0.07340204822165626	0.21520585460322245
14296	SWEATY	0.0995885112455913	0.3170169081006731
14328	SWEATY	0.0795934610068798	0.26290053129196167
14525	SWEATY	0.07402187958359718	0.21242881885596684
15037	SWEATY	0.08629598521760531	0.22772041388920375
15380	SWEATY	0.23804975407464163	0.45758336782455444
16255	SWEATY	0.1146905283842768	0.3020433783531189
18635	SWEATY	0.2570154794624874	0.48780643088477
24020	SWEATY	0.034506604607616155	0.1632969869034631
61199	SWEATY	0.08157498549137797	0.2693358872617994
61918	SWEATY	0.18832173092024668	0.45413242067609516
85522	SWEATY	0.35969333563532147	0.6287421754428318
520191	SWEATY	0.1540656579392297	0.3723698471273695
556940	SWEATY	0.24020261849675859	0.4845143343721117
5352539	SWEATY	0.0346363719020571	0.17946923630578177
13216	SWEATY	0.0981344420995031	0.2453725848879133
31209	SWEATY	0.08959211196218218	0.2520495653152466
82227	SWEATY	0.04995410197547504	0.18952335204396928
526618	SWEATY	0.20680883739675796	0.4412888416222164
637796	SWEATY	0.012791645846196584	0.1314071486038821
177	AMMONIA/URINOUS	0.29272500957761494	0.4361848958900997
1110	AMMONIA/URINOUS	0.3166210523673466	0.45620700291224886
1183	AMMONIA/URINOUS	0.13748530724218913	0.2598661354609898
2682	AMMONIA/URINOUS	0.349625078695161	0.49185754145894733
2758	AMMONIA/URINOUS	0.39863997272082735	0.5371963126318795
6140	AMMONIA/URINOUS	0.33881492274148123	0.4992614005293165
6501	AMMONIA/URINOUS	0.24806023282664164	0.35710254311561584
6943	AMMONIA/URINOUS	0.5818461946078709	0.664573439529964
7147	AMMONIA/URINOUS	0.3199554000582014	0.469399699143001
7519	AMMONIA/URINOUS	0.40852202687944683	0.5587671569415501
7762	AMMONIA/URINOUS	0.34107963527951923	0.47685558029583525
7915	AMMONIA/URINOUS	0.25720326602458954	0.3792364256722586
8129	AMMONIA/URINOUS	0.3731416038104466	0.5011754589421409
8174	AMMONIA/URINOUS	0.4354005285671779	0.5891017998967852
8857	AMMONIA/URINOUS	0.24611383250781468	0.37786210009029936
9024	AMMONIA/URINOUS	0.20270906814507075	0.33455677543367657
9609	AMMONIA/URINOUS	0.32994007638522554	0.48239818641117643
10448	AMMONIA/URINOUS	0.3803957402706146	0.5265099321092878
11419	AMMONIA/URINOUS	0.5742450782230922	0.6891595806394305
12348	AMMONIA/URINOUS	0.1958563838686262	0.358866810798645
12813	AMMONIA/URINOUS	0.24074689405305044	0.378886878490448
14257	AMMONIA/URINOUS	0.34730419516563416	0.4974449872970581
14296	AMMONIA/URINOUS	0.3531819496835981	0.5154981485434941
14328	AMMONIA/URINOUS	0.22207211809498922	0.38351779750415255
14525	AMMONIA/URINOUS	0.4162720399243491	0.5482512542179653
15037	AMMONIA/URINOUS	0.4204957527773721	0.547786397593362
15380	AMMONIA/URINOUS	0.3408100392137255	0.49886843987873625
16255	AMMONIA/URINOUS	0.19022432182516372	0.3202157574040549
18635	AMMONIA/URINOUS	0.3446645906993321	0.49315641607557026
24020	AMMONIA/URINOUS	0.227651840874127	0.3689165881701878
61199	AMMONIA/URINOUS	0.14746801129409245	0.266347450869424
61918	AMMONIA/URINOUS	0.29571710314069477	0.47874898995671955
85522	AMMONIA/URINOUS	0.36607301235198975	0.5028152891567775
520191	AMMONIA/URINOUS	0.3133417453084673	0.4669195456164224
556940	AMMONIA/URINOUS	0.3274848588875362	0.481049439736775
5352539	AMMONIA/URINOUS	0.09486135414668492	0.18843728410346167
13216	AMMONIA/URINOUS	0.4538468675954001	0.6100600957870483
31209	AMMONIA/URINOUS	0.27093910958085743	0.4562988749572209
82227	AMMONIA/URINOUS	0.39004452739443096	0.5647414156368801
526618	AMMONIA/URINOUS	0.3571265935897827	0.5138425571577889
637796	AMMONIA/URINOUS	0.10991287444319044	0.27408709270613535
177	DECAYED	0.17104716173240117	0.42754379766327993
1110	DECAYED	0.1697562996830259	0.4263224048273904
1183	DECAYED	0.0851111358829907	0.23440761864185333
2682	DECAYED	0.08773902484348842	0.2937963732651302
2758	DECAYED	0.07661344856023788	0.29605585762432646
6140	DECAYED	0.09730228355952672	0.35129750200680326
6501	DECAYED	0.08861856801169259	0.3030267059803009
6943	DECAYED	0.1346721691744668	0.40934546078954426
7147	DECAYED	0.08542943000793457	0.3056508004665375
7519	DECAYED	0.08415436106068748	0.34247095244271414
7762	DECAYED	0.09180155822208949	0.3302967165197645
7915	DECAYED	0.08487414515444211	0.2912282347679138
8129	DECAYED	0.09748477914503642	0.3078955624784742
8174	DECAYED	0.06574402217354093	0.22944837169987814
8857	DECAYED	0.0882089010306767	0.29049961481775555
9024	DECAYED	0.08653487265110016	0.2712177336215973
9609	DECAYED	0.23505066548074996	0.5338819750717708
10448	DECAYED	0.31282609701156616	0.6538494229316711
11419	DECAYED	0.09068498228277479	0.32025341050965445
12348	DECAYED	0.06481793788926941	0.2811325171164104
12813	DECAYED	0.09210774515356336	0.34400225962911335
14257	DECAYED	0.07613375676529748	0.2910475177424295
14296	DECAYED	0.11378480387585503	0.3987311976296561
14328	DECAYED	0.0889145630810942	0.3184533842972347
14525	DECAYED	0.06734039368374008	0.28907905731882366
15037	DECAYED	0.07357113382646016	0.3011205664702824
15380	DECAYED	0.27708843776157926	0.6014101505279541
16255	DECAYED	0.07947920901434762	0.27800001416887554
18635	DECAYED	0.2648929102080209	0.5780220202037266
24020	DECAYED	0.07409822408642087	0.2837561922413962
61199	DECAYED	0.07725365938884872	0.28902936833245413
61918	DECAYED	0.16560637312276022	0.4558025130203792
85522	DECAYED	0.3291278864656176	0.6640664679663522
520191	DECAYED	0.15962269476481847	0.44077813625335693
556940	DECAYED	0.25833746578012196	0.5487277678080967
5352539	DECAYED	0.06221033952065876	0.2731840951102121
13216	DECAYED	0.09369969687291554	0.3070646609578814
31209	DECAYED	0.09261943293469292	0.3624101792063032
82227	DECAYED	0.06224438228777477	0.2949663017477308
526618	DECAYED	0.24056519142219	0.5513947350638253
637796	DECAYED	0.052669381988900046	0.24407100677490234
177	WOOD	0.21663211711815425	0.34698423743247986
1110	WOOD	0.21461403795651027	0.4022536022322519
1183	WOOD	0.08071969183427948	0.21159020279135024
2682	WOOD	0.2662423040185656	0.46448429567473276
2758	WOOD	0.3186474187033517	0.4728073946067265
6140	WOOD	0.33089621152196613	0.5546766860144479
6501	WOOD	0.11110652770314898	0.20475074435983384
6943	WOOD	0.20962379234177725	0.3577430546283722
7147	WOOD	0.25743872778756277	0.42489807094846455
7519	WOOD	0.1849836196218218	0.34640959756714956
7762	WOOD	0.030233964323997498	0.09384140798023768
7915	WOOD	0.11759637721947261	0.20846035863671983
8129	WOOD	0.20082648949963705	0.38916310242244173
8174	WOOD	0.18475909531116486	0.3732018598488399
8857	WOOD	0.14786309429577418	0.2521547334534781
9024	WOOD	0.24355044960975647	0.4154677859374455
9609	WOOD	0.1393268864069666	0.25503753764288767
10448	WOOD	0.09988683036395482	0.24281021314007895
11419	WOOD	0.17728993935244425	0.347374153988702
12348	WOOD	0.0389776485306876	0.13220339162009104
12813	WOOD	0.17536611216408865	0.3325442501476833
14257	WOOD	0.0968997994703906	0.2457570412329265
14296	WOOD	0.4112415441444942	0.5558300231184278
14328	WOOD	0.26495618905339924	0.43351344977106365
14525	WOOD	0.3519789959703173	0.5102142265864781
15037	WOOD	0.13522328862122127	0.270944635782923
15380	WOOD	0.12327252967017037	0.26920677508626667
16255	WOOD	0.2707463800907135	0.41330783707754953
18635	WOOD	0.16421678449426377	0.3189432535852705
24020	WOOD	0.061156912573746273	0.15280012786388397
61199	WOOD	0.19142121715205057	0.3193446695804596
61918	WOOD	0.5965070000716618	0.7486597895622253
85522	WOOD	0.11084560730627604	0.2220854205744607
520191	WOOD	0.29972333780356814	0.4759275359766824
556940	WOOD	0.1958555621760232	0.3642163744994572
5352539	WOOD	0.20838691932814463	0.38683652877807617
13216	WOOD	0.23935129812785558	0.4329806864261627
31209	WOOD	0.29101952484675814	0.5016353641237531
82227	WOOD	0.5140593222209385	0.6778767279216221
526618	WOOD	0.2562172881194523	0.44107929297855925
637796	WOOD	0.19500324981553213	0.3626121921198709
177	GRASS	0.09222009352275304	0.2383346131869725
1110	GRASS	0.0696006885596684	0.1738756000995636
1183	GRASS	0.08274918156010765	0.21020161041191646
2682	GRASS	0.08214188792875834	0.27477510486330303
2758	GRASS	0.22657062539032527	0.48006926264081684
6140	GRASS	0.11313682794570923	0.297190180846623
6501	GRASS	0.06138153054884502	0.20388090397630418
6943	GRASS	0.08689564626131739	0.26917765395981924
7147	GRASS	0.1795985677412578	0.4389577550547464
7519	GRASS	0.08666307479143143	0.2705481605870383
7762	GRASS	0.07153865162815366	0.22383258172443934
7915	GRASS	0.09360005067927497	0.2709193080663681
8129	GRASS	0.1461457759141922	0.3771477256502424
8174	GRASS	0.11713441567761558	0.36350615109716145
8857	GRASS	0.08051648736000061	0.2553779291255133
9024	GRASS	0.26577232990946087	0.5107585276876178
9609	GRASS	0.06480813186083521	0.21245292467730387
10448	GRASS	0.08237316991601672	0.2430829746382577
11419	GRASS	0.11143710570675987	0.3222699633666447
12348	GRASS	0.0722886153629848	0.24381376802921295
12813	GRASS	0.10227134398051671	0.2892243393829891
14257	GRASS	0.10490317004067558	0.319979122706822
14296	GRASS	0.10736953041383199	0.30594139439719065
14328	GRASS	0.1045811367886407	0.27945959142276217
14525	GRASS	0.23772565807615006	0.5000318799700055
15037	GRASS	0.10708171661411013	0.26861326822212767
15380	GRASS	0.06882545139108386	0.22251231116907938
16255	GRASS	0.12132817719663892	0.34125579254967825
18635	GRASS	0.08079385651009423	0.24515232656683242
24020	GRASS	0.08700223905699593	0.25870727002620697
61199	GRASS	0.058665502816438675	0.18875619981970107
61918	GRASS	0.1496879213622638	0.3570377698966435
85522	GRASS	0.10416249185800552	0.2807547173329762
520191	GRASS	0.09039409032889775	0.2429091909102031
556940	GRASS	0.06469301400440079	0.19165047151701792
5352539	GRASS	0.6335203051567078	0.8333157471248082
13216	GRASS	0.17837700247764587	0.44570515411240713
31209	GRASS	0.19330582448414393	0.44501046197754995
82227	GRASS	0.3037068886416299	0.5883838747228894
526618	GRASS	0.049655995198658535	0.20340528658458165
637796	GRASS	0.09354438579508237	0.28405959478446413
177	FLOWER	0.07876825651952199	0.275553965142795
1110	FLOWER	0.10243242872612816	0.28176601018224445
1183	FLOWER	0.26279589746679577	0.5395319546972003
2682	FLOWER	0.15994051843881607	0.38359948992729187
2758	FLOWER	0.21226110202925547	0.4640103280544281
6140	FLOWER	0.20492620979036605	0.43189444286482676
6501	FLOWER	0.19708399687494552	0.47178198610033306
6943	FLOWER	0.06638158219201225	0.24116294511726924
7147	FLOWER	0.3730429198060717	0.6301699451037815
7519	FLOWER	0.16713771862643106	0.3825643275465284
7762	FLOWER	0.22584658222539084	0.4802242858069284
7915	FLOWER	0.19641010888985225	0.42921094809259686
8129	FLOWER	0.17104762153966085	0.39547938108444214
8174	FLOWER	0.2710519688470023	0.5405141626085553
8857	FLOWER	0.1612859900508608	0.3880516801561628
9024	FLOWER	0.36408212780952454	0.6216367823737008
9609	FLOWER	0.08291966787406377	0.2372543833085469
10448	FLOWER	0.06132875755429268	0.19941590087754385
11419	FLOWER	0.11822997352906636	0.34667855501174927
12348	FLOWER	0.2933675284896578	0.5488204104559762
12813	FLOWER	0.25863951231752125	0.5032905467918941
14257	FLOWER	0.17608073566641128	0.406980037689209
14296	FLOWER	0.09456202281372887	0.2865963067327227
14328	FLOWER	0.1741917548435075	0.3911088066441672
14525	FLOWER	0.19645612580435617	0.46298851711409433
15037	FLOWER	0.12791060017687933	0.3385615519114903
15380	FLOWER	0.0695449954697064	0.21034139394760132
16255	FLOWER	0.22679799369403295	0.48238384297915865
18635	FLOWER	0.06834566699607032	0.21353899155344283
24020	FLOWER	0.2746991515159607	0.5334871879645756
61199	FLOWER	0.1970678972346442	0.4486464730330876
61918	FLOWER	0.05950356860245977	0.24974873236247472
85522	FLOWER	0.07972968050411769	0.22628523409366608
520191	FLOWER	0.10688700952700206	0.30697124770709444
556940	FLOWER	0.05302840045520237	0.19736638026578085
5352539	FLOWER	0.35911289283207487	0.6268377474376133
13216	FLOWER	0.42827410783086506	0.6760144318853106
31209	FLOWER	0.22513224823134287	0.52708899974823
82227	FLOWER	0.18317582138947078	0.4519643315247127
526618	FLOWER	0.05464355966874531	0.18083726934024266
637796	FLOWER	0.26778213147606167	0.5238339900970459
177	CHEMICAL	0.2320000252553395	0.5201601982116699
1110	CHEMICAL	0.24004067267690385	0.5131000237805503
1183	CHEMICAL	0.14132897130080632	0.3403512622628893
2682	CHEMICAL	0.4140099585056305	0.7037899579320636
2758	CHEMICAL	0.4595417635781424	0.7293983272143773
6140	CHEMICAL	0.24110507752214158	0.5479919484683445
6501	CHEMICAL	0.30659676449639456	0.5802549294063023
6943	CHEMICAL	0.6435683625085014	0.8268465059144157
7147	CHEMICAL	0.3678233325481415	0.6292417645454407
7519	CHEMICAL	0.4606464888368334	0.6943732925823757
7762	CHEMICAL	0.48042861904416767	0.7331228596823556
7915	CHEMICAL	0.3535345367022923	0.6095545291900635
8129	CHEMICAL	0.4311791445527758	0.7043905769075666
8174	CHEMICAL	0.5794228996549334	0.8402357952935355
8857	CHEMICAL	0.3329419067927769	0.5996616567884173
9024	CHEMICAL	0.22989079356193542	0.5228142951216016
9609	CHEMICAL	0.2344603453363691	0.5364729166030884
10448	CHEMICAL	0.1896912923880986	0.5158163181373051
11419	CHEMICAL	0.69150481905256	0.8838543466159275
12348	CHEMICAL	0.3620750095163073	0.6500378847122192
12813	CHEMICAL	0.32556906768253874	0.6272033112389701
14257	CHEMICAL	0.4589859587805612	0.7254527636936733
14296	CHEMICAL	0.3624250037329538	0.6353157758712769
14328	CHEMICAL	0.2687452903815678	0.5261832560811724
14525	CHEMICAL	0.4818272590637207	0.7429906470435006
15037	CHEMICAL	0.526480529989515	0.7461081232343402
15380	CHEMICAL	0.19623196125030518	0.5150545069149562
16255	CHEMICAL	0.23096516515527452	0.5136030444077083
18635	CHEMICAL	0.1931298247405461	0.5088250594479697
24020	CHEMICAL	0.36357382365635466	0.6478367788451058
61199	CHEMICAL	0.14808036599840438	0.3514593115874699
61918	CHEMICAL	0.21772833168506622	0.520759003502982
85522	CHEMICAL	0.18173329745020186	0.5101703149931771
520191	CHEMICAL	0.22976546841008322	0.49740692547389437
556940	CHEMICAL	0.17926565451281412	0.46343834911073956
5352539	CHEMICAL	0.1271359579903739	0.42336959072521757
13216	CHEMICAL	0.5212038329669407	0.770159729889461
31209	CHEMICAL	0.27135227620601654	0.5977881635938372
82227	CHEMICAL	0.5047505668231419	0.7944624509130206
526618	CHEMICAL	0.20662512523787363	0.5059008853776115
637796	CHEMICAL	0.19854011280196054	0.5067828212465558
