oID	descriptor	value	sigma
180	INTENSITY/STRENGTH	0.3940247510160719	0.6771329045295715
264	INTENSITY/STRENGTH	0.43182715347834993	0.7120437707219806
702	INTENSITY/STRENGTH	0.2231893539428711	0.5781562754086086
1031	INTENSITY/STRENGTH	0.25179068957056316	0.5933248996734619
3102	INTENSITY/STRENGTH	0.38436204195022583	0.6237521171569824
3314	INTENSITY/STRENGTH	0.4473026054246085	0.7058350699288505
6506	INTENSITY/STRENGTH	0.2800804248877934	0.6106411048344204
6544	INTENSITY/STRENGTH	0.5209522247314453	0.7030822123800006
6561	INTENSITY/STRENGTH	0.652099439076015	0.7440216200692313
7092	INTENSITY/STRENGTH	0.45150292345455717	0.6559008615357536
7302	INTENSITY/STRENGTH	0.6615926027297974	0.6950568982533046
7476	INTENSITY/STRENGTH	0.4403605673994337	0.6894876531192234
7559	INTENSITY/STRENGTH	0.6404110363551548	0.7890275801931109
7657	INTENSITY/STRENGTH	0.4114367195538112	0.62712447983878
7770	INTENSITY/STRENGTH	0.5824431266103473	0.7564385448183332
7793	INTENSITY/STRENGTH	0.5659096539020538	0.7203373568398612
7797	INTENSITY/STRENGTH	0.5647086926868984	0.6691905515534537
8025	INTENSITY/STRENGTH	0.3322794565132686	0.6670947415488107
8049	INTENSITY/STRENGTH	0.27240773822580067	0.5764244369098118
8094	INTENSITY/STRENGTH	0.5510929865496499	0.7067113944462368
8419	INTENSITY/STRENGTH	0.4605546380792345	0.6793432746614728
8438	INTENSITY/STRENGTH	0.4047318696975708	0.6433652809688023
8468	INTENSITY/STRENGTH	0.2636691949197224	0.6067990660667419
8815	INTENSITY/STRENGTH	0.4248761406966618	0.6688634838376727
8878	INTENSITY/STRENGTH	0.5694250464439392	0.7218454735619682
9012	INTENSITY/STRENGTH	0.6220436692237854	0.6550589970179966
10886	INTENSITY/STRENGTH	0.4555959531239101	0.6928804346493312
11567	INTENSITY/STRENGTH	0.6782827547618321	0.7384854214532035
12020	INTENSITY/STRENGTH	0.5915619560650417	0.7113529188292367
12265	INTENSITY/STRENGTH	0.4929723228727068	0.6602963379451207
12377	INTENSITY/STRENGTH	0.5673760856900897	0.6788967592375619
16537	INTENSITY/STRENGTH	0.5897304160254342	0.7369082144328526
17898	INTENSITY/STRENGTH	0.7174385700907026	0.6954560450145176
18467	INTENSITY/STRENGTH	0.5017879094396319	0.6125788858958653
21363	INTENSITY/STRENGTH	0.4703443092959268	0.7461637939725604
27440	INTENSITY/STRENGTH	0.6956126349312919	0.6597155162266323
31219	INTENSITY/STRENGTH	0.504422162260328	0.7233143874577114
31276	INTENSITY/STRENGTH	0.6106505223682949	0.7582747425351825
31283	INTENSITY/STRENGTH	0.2786371409893036	0.5947493314743042
60998	INTENSITY/STRENGTH	0.4248418041637966	0.7233314173562186
61523	INTENSITY/STRENGTH	0.6138694030897958	0.7403836846351624
62351	INTENSITY/STRENGTH	0.5503109991550446	0.6344837546348572
62465	INTENSITY/STRENGTH	0.6031754187175206	0.7095260279519218
251531	INTENSITY/STRENGTH	0.27700507640838623	0.6045183879988534
440917	INTENSITY/STRENGTH	0.7092848334993634	0.698887322630201
637758	INTENSITY/STRENGTH	0.49107490267072407	0.7181476099150521
1549025	INTENSITY/STRENGTH	0.5684173107147217	0.7226568375314985
2733294	INTENSITY/STRENGTH	0.6681540352957589	0.7375786474772862
5281167	INTENSITY/STRENGTH	0.6366513882364545	0.7456591810498919
5281168	INTENSITY/STRENGTH	0.6619794198444912	0.7175737874848502
5318599	INTENSITY/STRENGTH	0.702598546232496	0.7563762494495937
5352837	INTENSITY/STRENGTH	0.6730532986777169	0.7449254649026054
5364231	INTENSITY/STRENGTH	0.5376833166394915	0.6956300054277692
262	INTENSITY/STRENGTH	0.24822883307933807	0.584904636655535
323	INTENSITY/STRENGTH	0.48958955918039593	0.6941755839756557
750	INTENSITY/STRENGTH	0.23544844133513315	0.546403339930943
753	INTENSITY/STRENGTH	0.2063480636903218	0.5739896808351789
962	INTENSITY/STRENGTH	0.17350645150457109	0.5647693361554827
5862	INTENSITY/STRENGTH	0.37650541748319355	0.5901097144399371
5962	INTENSITY/STRENGTH	0.269829911845071	0.6017782773290362
6274	INTENSITY/STRENGTH	0.19372054083006723	0.555977966104235
6322	INTENSITY/STRENGTH	0.13695318784032548	0.5407497116497585
6669	INTENSITY/STRENGTH	0.2274778187274933	0.5954684615135193
7137	INTENSITY/STRENGTH	0.6519761553832463	0.7884594542639596
15654	INTENSITY/STRENGTH	0.5809616276196071	0.6471458758626666
62089	INTENSITY/STRENGTH	0.5361703208514622	0.702807469027383
853433	INTENSITY/STRENGTH	0.524829626083374	0.7323541300637382
5371102	INTENSITY/STRENGTH	0.3651154211589268	0.6484719599996295
10857465	INTENSITY/STRENGTH	0.4674113690853119	0.7647910969597953
180	VALENCE/PLEASANTNESS	0.4372211311544691	0.6203094465391976
264	VALENCE/PLEASANTNESS	0.3575975682054247	0.6090059535843986
702	VALENCE/PLEASANTNESS	0.49851893952914644	0.6152530993734088
1031	VALENCE/PLEASANTNESS	0.46712671858923777	0.6193287372589111
3102	VALENCE/PLEASANTNESS	0.4576016196182796	0.6144956265177045
3314	VALENCE/PLEASANTNESS	0.5969366686684745	0.7190928970064435
6506	VALENCE/PLEASANTNESS	0.465287093605314	0.6141285385404315
6544	VALENCE/PLEASANTNESS	0.5025079505784171	0.6760406834738595
6561	VALENCE/PLEASANTNESS	0.30981326741831644	0.6012232899665833
7092	VALENCE/PLEASANTNESS	0.6235261814934867	0.6819456730570111
7302	VALENCE/PLEASANTNESS	0.4298905347074781	0.716236582824162
7476	VALENCE/PLEASANTNESS	0.6840613228934151	0.6583596638270787
7559	VALENCE/PLEASANTNESS	0.6420723455292838	0.7675337535994393
7657	VALENCE/PLEASANTNESS	0.4306923236165728	0.6028932077544076
7770	VALENCE/PLEASANTNESS	0.6700198565210614	0.7065345900399345
7793	VALENCE/PLEASANTNESS	0.6832426020077297	0.7058389016560146
7797	VALENCE/PLEASANTNESS	0.7638662712914603	0.6498892477580479
8025	VALENCE/PLEASANTNESS	0.4354831406048366	0.6188330480030605
8049	VALENCE/PLEASANTNESS	0.5787397793361119	0.6010069761957441
8094	VALENCE/PLEASANTNESS	0.3907762084688459	0.5771289808409554
8419	VALENCE/PLEASANTNESS	0.6551329919270107	0.6712438719613212
8438	VALENCE/PLEASANTNESS	0.6596907121794564	0.6606783611433846
8468	VALENCE/PLEASANTNESS	0.6283786041396004	0.6805861081395831
8815	VALENCE/PLEASANTNESS	0.5661763548851013	0.6858155046190534
8878	VALENCE/PLEASANTNESS	0.6884275163922992	0.6871318817138672
9012	VALENCE/PLEASANTNESS	0.26386045132364544	0.6025329317365374
10886	VALENCE/PLEASANTNESS	0.5983013681003025	0.6835231014660427
11567	VALENCE/PLEASANTNESS	0.4762016747679029	0.7271928276334491
12020	VALENCE/PLEASANTNESS	0.38510543959481375	0.6299590298107692
12265	VALENCE/PLEASANTNESS	0.4012483315808432	0.6072274105889457
12377	VALENCE/PLEASANTNESS	0.3027231459106718	0.6291034306798663
16537	VALENCE/PLEASANTNESS	0.7369953138487679	0.6615801794188363
17898	VALENCE/PLEASANTNESS	0.39607993619782583	0.7255911997386387
18467	VALENCE/PLEASANTNESS	0.4074817640440805	0.6423215440341404
21363	VALENCE/PLEASANTNESS	0.4003772565296718	0.6527368256023952
27440	VALENCE/PLEASANTNESS	0.3668533308165414	0.6829883200781686
31219	VALENCE/PLEASANTNESS	0.631777320589338	0.6944084508078439
31276	VALENCE/PLEASANTNESS	0.6702975801059178	0.7303275721413749
31283	VALENCE/PLEASANTNESS	0.5707940033503941	0.5813453878675189
60998	VALENCE/PLEASANTNESS	0.5277937650680542	0.7207937155451093
61523	VALENCE/PLEASANTNESS	0.5157902155603681	0.702767721244267
62351	VALENCE/PLEASANTNESS	0.3289898293358939	0.5958458866391864
62465	VALENCE/PLEASANTNESS	0.46519688623292105	0.7281127231461662
251531	VALENCE/PLEASANTNESS	0.6051517810140338	0.6422283819743565
440917	VALENCE/PLEASANTNESS	0.7650614380836487	0.592185914516449
637758	VALENCE/PLEASANTNESS	0.6733381407601493	0.6809156366756984
1549025	VALENCE/PLEASANTNESS	0.6853488768850055	0.6518408570970807
2733294	VALENCE/PLEASANTNESS	0.6937022379466465	0.7080425194331578
5281167	VALENCE/PLEASANTNESS	0.6033597162791661	0.7513944847243172
5281168	VALENCE/PLEASANTNESS	0.44167513081005644	0.6410939267703465
5318599	VALENCE/PLEASANTNESS	0.5116343668528965	0.6872828262192863
5352837	VALENCE/PLEASANTNESS	0.5600753171103341	0.7187365208353315
5364231	VALENCE/PLEASANTNESS	0.5571214982441494	0.6834531170981271
262	VALENCE/PLEASANTNESS	0.5552829674312046	0.6468011481421334
323	VALENCE/PLEASANTNESS	0.6004458836146763	0.7145004953656878
750	VALENCE/PLEASANTNESS	0.5766147460256305	0.6579386847359794
753	VALENCE/PLEASANTNESS	0.5446620072637286	0.6468589305877686
962	VALENCE/PLEASANTNESS	0.5787211401121957	0.6268654039927891
5862	VALENCE/PLEASANTNESS	0.46346973521368845	0.6824018699782235
5962	VALENCE/PLEASANTNESS	0.4685900253908975	0.6124499780791146
6274	VALENCE/PLEASANTNESS	0.5765459026609149	0.649087267262595
6322	VALENCE/PLEASANTNESS	0.5652775594166347	0.6155780298369271
6669	VALENCE/PLEASANTNESS	0.6376646501677377	0.6546442253249032
7137	VALENCE/PLEASANTNESS	0.7397431220327105	0.7376464264733451
15654	VALENCE/PLEASANTNESS	0.4051339754036495	0.6807375720569065
62089	VALENCE/PLEASANTNESS	0.3741387937750135	0.5672832557133266
853433	VALENCE/PLEASANTNESS	0.6852512104170663	0.7208572796412877
5371102	VALENCE/PLEASANTNESS	0.5881743686539787	0.6702659215245929
10857465	VALENCE/PLEASANTNESS	0.580680217061724	0.6893307566642761
180	BAKERY	0.04550856963864395	0.18951735645532608
264	BAKERY	0.04450854632471289	0.17206606694630214
702	BAKERY	0.07170317588107926	0.29168630072048735
1031	BAKERY	0.06482501806957382	0.27881752806050436
3102	BAKERY	0.045704268983432224	0.18502368884427206
3314	BAKERY	0.16398319814886367	0.47106650471687317
6506	BAKERY	0.07292288754667554	0.27649795583316256
6544	BAKERY	0.0408961796866996	0.1550458094903401
6561	BAKERY	0.01882338337600231	0.11710509444986071
7092	BAKERY	0.14288925166640962	0.4039767214230129
7302	BAKERY	0.15411961717264994	0.4326114186218807
7476	BAKERY	0.1063931728047984	0.30519586375781466
7559	BAKERY	0.03263081596898181	0.2454747578927449
7657	BAKERY	0.029067237196224078	0.14435298315116338
7770	BAKERY	0.08328903838992119	0.32317801884242464
7793	BAKERY	0.06976198671119553	0.20731451894555772
7797	BAKERY	0.09819383599928447	0.36115069474492756
8025	BAKERY	0.04991419959281172	0.2409591121332986
8049	BAKERY	0.10263237889323916	0.3111559578350612
8094	BAKERY	0.024536859776292528	0.14084124671561377
8419	BAKERY	0.2184406646660396	0.5092515008790153
8438	BAKERY	0.1895338488476617	0.4485397551740919
8468	BAKERY	0.15673815246139253	0.3996647000312805
8815	BAKERY	0.0752377738910062	0.283041062099593
8878	BAKERY	0.06862593122891017	0.307319700717926
9012	BAKERY	0.04259261395782232	0.26757751618112835
10886	BAKERY	0.04070521651634148	0.22582453702177321
11567	BAKERY	0.055396510288119316	0.14742758018629892
12020	BAKERY	0.039095663997743814	0.1489922936473574
12265	BAKERY	0.05103864201477596	0.1931416881935937
12377	BAKERY	0.045833005969013484	0.2703057165656771
16537	BAKERY	0.06190293255661215	0.1852621798004423
17898	BAKERY	0.15365726394312723	0.4669836035796574
18467	BAKERY	0.11026907499347414	0.3648230050291334
21363	BAKERY	0.030887077562510967	0.1614151575735637
27440	BAKERY	0.09718942216464452	0.36343252658843994
31219	BAKERY	0.057161924562283924	0.2385440128190177
31276	BAKERY	0.06492936025772776	0.3057648369244167
31283	BAKERY	0.11941970884799957	0.3296517942632948
60998	BAKERY	0.03468317937638078	0.20959596974509104
61523	BAKERY	0.021333817392587662	0.1440243273973465
62351	BAKERY	0.031656636989542415	0.2314021076474871
62465	BAKERY	0.10365894969020571	0.32941285201481413
251531	BAKERY	0.037932817957230976	0.1970242794070925
440917	BAKERY	0.04435970261693001	0.14688882444586074
637758	BAKERY	0.14450568918670928	0.3930255344935826
1549025	BAKERY	0.09096267819404602	0.23624325224331447
2733294	BAKERY	0.044691981481654305	0.2785255653517587
5281167	BAKERY	0.03823688626289368	0.1893494427204132
5281168	BAKERY	0.02308603868420635	0.15570401081017085
5318599	BAKERY	0.03969654520707471	0.14350145842347825
5352837	BAKERY	0.04740766489080021	0.1714887831892286
5364231	BAKERY	0.06455712765455246	0.2439315127474921
262	BAKERY	0.08253310727221626	0.2586371366466795
323	BAKERY	0.14457822165318898	0.4209462361676352
750	BAKERY	0.13794842894588197	0.3962773638112204
753	BAKERY	0.0899493225983211	0.28768324851989746
962	BAKERY	0.0691817147391183	0.2391737699508667
5862	BAKERY	0.14847415259906224	0.43610507249832153
5962	BAKERY	0.07783258972423417	0.2925328399453844
6274	BAKERY	0.10946617701223918	0.3058795077460153
6322	BAKERY	0.08252625805991036	0.2782477140426636
6669	BAKERY	0.09484482343707766	0.31709490929331097
7137	BAKERY	0.25735061722142355	0.592723765543529
15654	BAKERY	0.14189591897385462	0.4723151709352221
62089	BAKERY	0.028485694900155067	0.13905953935214452
853433	BAKERY	0.23495142374719893	0.5768619562898364
5371102	BAKERY	0.026288027742079327	0.1507308121238436
10857465	BAKERY	0.046579885695661814	0.21290822327136993
180	SWEET	0.13101068777697428	0.4675274065562657
264	SWEET	0.13321347747530257	0.41632614391190664
702	SWEET	0.15330989020211355	0.48919729249817984
1031	SWEET	0.1429701660360609	0.4613945015839168
3102	SWEET	0.1453258427126067	0.47997645820890156
3314	SWEET	0.26541774187769207	0.6347654461860657
6506	SWEET	0.1637165014232908	0.5156077018805912
6544	SWEET	0.17576396891048976	0.5346700378826686
6561	SWEET	0.0700958099748407	0.28963562846183777
7092	SWEET	0.30588485513414654	0.7286810789789472
7302	SWEET	0.13891496402876718	0.5395679559026446
7476	SWEET	0.3873516491481236	0.7685463854244777
7559	SWEET	0.4249277966363089	0.8461886644363403
7657	SWEET	0.11019343616706985	0.42529405440602985
7770	SWEET	0.48222034318106516	0.8673807212284633
7793	SWEET	0.35935111130986896	0.7770587291036334
7797	SWEET	0.5523390003613063	0.8877992630004883
8025	SWEET	0.15347816795110703	0.5006447604724339
8049	SWEET	0.26832094362803866	0.6240557091576713
8094	SWEET	0.1314231732061931	0.41541401403290884
8419	SWEET	0.36025677834238323	0.6947124004364014
8438	SWEET	0.3614185793059213	0.7233620030539376
8468	SWEET	0.2630503113780703	0.6507643716675895
8815	SWEET	0.23063335035528457	0.6317713516099113
8878	SWEET	0.4872936819280897	0.8422549537249974
9012	SWEET	0.03004162572324276	0.19560582510062627
10886	SWEET	0.3520698845386505	0.7227211168834141
11567	SWEET	0.14410762169531413	0.5235907392842429
12020	SWEET	0.10660642172609057	0.4013704146657671
12265	SWEET	0.10222210841519493	0.3770226240158081
12377	SWEET	0.06377642122762543	0.230942074741636
16537	SWEET	0.3745121402399881	0.7280156101499285
17898	SWEET	0.1017601490020752	0.48868368778909954
18467	SWEET	0.08371738796787602	0.4079928823879787
21363	SWEET	0.1396984032222203	0.46756377816200256
27440	SWEET	0.09344984271696635	0.40516622577394756
31219	SWEET	0.3860609659126827	0.7756419437272208
31276	SWEET	0.4941515837396894	0.885874160698482
31283	SWEET	0.26038341224193573	0.5960590924535479
60998	SWEET	0.24104108554976328	0.6716981615339007
61523	SWEET	0.16727644205093384	0.5322996463094439
62351	SWEET	0.07228790170380048	0.29968818170683725
62465	SWEET	0.1495127614055361	0.4867860632283347
251531	SWEET	0.23162277468613215	0.6325575028147016
440917	SWEET	0.37294988121305195	0.6883965730667114
637758	SWEET	0.41477587819099426	0.8078916328293937
1549025	SWEET	0.3911124382700239	0.723314106464386
2733294	SWEET	0.48686800258500235	0.8190463866506305
5281167	SWEET	0.27404799844537464	0.6545839054243905
5281168	SWEET	0.1522797186459814	0.45440408161708284
5318599	SWEET	0.23257810941764287	0.564983776637486
5352837	SWEET	0.24971561133861542	0.6151559352874756
5364231	SWEET	0.23856895949159349	0.5910354001181466
262	SWEET	0.1859275677374431	0.5579842925071716
323	SWEET	0.29098011340413776	0.719947269984654
750	SWEET	0.2014159836939403	0.5958019750458854
753	SWEET	0.1701992324420384	0.5384513820920672
962	SWEET	0.20814467540809087	0.574499751840319
5862	SWEET	0.1422839601125036	0.49736074464661734
5962	SWEET	0.14439012110233307	0.4536299066884177
6274	SWEET	0.1820515309061323	0.5331709470067706
6322	SWEET	0.17600184679031372	0.4962918034621647
6669	SWEET	0.27753947036606924	0.6736608743667603
7137	SWEET	0.4715613126754761	0.9201435191290719
15654	SWEET	0.11326036282948085	0.4591311344078609
62089	SWEET	0.10005850025585719	0.3816081030028207
853433	SWEET	0.3773327682699476	0.7846951399530683
5371102	SWEET	0.21542924216815404	0.6141252602849688
10857465	SWEET	0.26985010291848865	0.5959358215332031
180	FRUIT	0.09451358978237424	0.2950503740991865
264	FRUIT	0.09977715356009347	0.296392879315785
702	FRUIT	0.09564788745982307	0.241929224559239
1031	FRUIT	0.08669394254684448	0.2400501753602709
3102	FRUIT	0.08866179149065699	0.2589718976191112
3314	FRUIT	0.09574999340942927	0.33240471141678946
6506	FRUIT	0.09332565856831414	0.2840762266090938
6544	FRUIT	0.122270687350205	0.38827474628176006
6561	FRUIT	0.07770032116344996	0.25590391031333376
7092	FRUIT	0.13265191231455123	0.41342402356011526
7302	FRUIT	0.05765297529952867	0.23013978132179805
7476	FRUIT	0.23677964082786015	0.5156358182430267
7559	FRUIT	0.3565166550023215	0.6659498640469143
7657	FRUIT	0.07787408573286873	0.24166484389986312
7770	FRUIT	0.4733977828707014	0.7564107605389186
7793	FRUIT	0.2575939361538206	0.5319934572492327
7797	FRUIT	0.5500287158148629	0.7863101022584098
8025	FRUIT	0.10044171874012266	0.30323303597314016
8049	FRUIT	0.17775573900767735	0.36942883900233675
8094	FRUIT	0.15642707475594111	0.3591912771974291
8419	FRUIT	0.14610157161951065	0.3940057030745915
8438	FRUIT	0.18329955637454987	0.4144258371421269
8468	FRUIT	0.11560046459947314	0.3138713708945683
8815	FRUIT	0.13910426092999323	0.39418512157031466
8878	FRUIT	0.5020958227770669	0.7689445699964251
9012	FRUIT	0.041205810249916146	0.09196775779128075
10886	FRUIT	0.34246398721422466	0.6037215420178005
11567	FRUIT	0.07360353374055453	0.3276783015046801
12020	FRUIT	0.09169198466198784	0.28427461854049135
12265	FRUIT	0.0754493453672954	0.22489606695515768
12377	FRUIT	0.09050838063870158	0.1956233765397753
16537	FRUIT	0.3536053938525064	0.6309634872845241
17898	FRUIT	0.040858389144497256	0.12730338743754796
18467	FRUIT	0.03629416174122265	0.10162915821586337
21363	FRUIT	0.1037559626357896	0.27639506118638174
27440	FRUIT	0.06697963710342135	0.14159768181187765
31219	FRUIT	0.29671586411339895	0.5895103727068219
31276	FRUIT	0.49463341917310444	0.7716853703771319
31283	FRUIT	0.1510386892727443	0.3341916373797825
60998	FRUIT	0.18976998967783792	0.4319922498294285
61523	FRUIT	0.1761178800037929	0.3943891056946346
62351	FRUIT	0.07960634306073189	0.17353057648454392
62465	FRUIT	0.06392672711185046	0.22481517493724823
251531	FRUIT	0.10834298176424843	0.3226291963032314
440917	FRUIT	0.32405000925064087	0.5790668938841138
637758	FRUIT	0.24964459027562821	0.5145072937011719
1549025	FRUIT	0.3871542513370514	0.6567778076444354
2733294	FRUIT	0.5376013602529254	0.801917280469622
5281167	FRUIT	0.32675675409180777	0.6297854866300311
5281168	FRUIT	0.19615348747798375	0.4195689686707088
5318599	FRUIT	0.2517744175025395	0.5036316471440452
5352837	FRUIT	0.27204462460109163	0.5402102598122188
5364231	FRUIT	0.2578956995691572	0.5165196018559592
262	FRUIT	0.10274643238101687	0.26801293236868723
323	FRUIT	0.13395518596683229	0.38444243584360394
750	FRUIT	0.08557406706469399	0.23439745817865645
753	FRUIT	0.09412979653903417	0.25177493478570667
962	FRUIT	0.11223812507731575	0.27373887811388287
5862	FRUIT	0.07727229967713356	0.201053187251091
5962	FRUIT	0.09227671154907771	0.21479839725153788
6274	FRUIT	0.07796975544520787	0.1960948258638382
6322	FRUIT	0.08686364761420659	0.1832543664744922
6669	FRUIT	0.12914761368717467	0.319670421736581
7137	FRUIT	0.20823960219110763	0.5637128480843135
15654	FRUIT	0.055297519479479106	0.12603042806897843
62089	FRUIT	0.11438781023025513	0.2890641817024776
853433	FRUIT	0.14253804087638855	0.44286851797785076
5371102	FRUIT	0.13537328583853586	0.40345493384769987
10857465	FRUIT	0.1694329742874418	0.36636566690036226
180	FISH	0.075056969587292	0.1648254171013832
264	FISH	0.14448463491031102	0.2751408155475344
702	FISH	0.0731419785214322	0.16162108949252538
1031	FISH	0.09701670280524663	0.1962579137512616
3102	FISH	0.0704215791608606	0.14785773945706232
3314	FISH	0.07061810791492462	0.14284906217030116
6506	FISH	0.06449438631534576	0.14858489270721162
6544	FISH	0.06182319005685193	0.12802443227597646
6561	FISH	0.20724325733525412	0.3431692974908011
7092	FISH	0.04119103588163853	0.08623870036431722
7302	FISH	0.12124086490699224	0.23366895530905044
7476	FISH	0.02979677409998008	0.0731174669095448
7559	FISH	0.03291574067303112	0.0735876304762704
7657	FISH	0.10603501328400203	0.1967428092445646
7770	FISH	0.03323273520384516	0.06360628349440438
7793	FISH	0.06272588869822877	0.047348768317273686
7797	FISH	0.009372076551829065	0.036145513345088275
8025	FISH	0.08590376962508474	0.19064715930393764
8049	FISH	0.04502603065754686	0.07883566617965698
8094	FISH	0.08915358143193382	0.18221600992339
8419	FISH	0.05534374341368675	0.1133921348622867
8438	FISH	0.037763206022126336	0.09404597324984414
8468	FISH	0.0362652645313314	0.07950387575796672
8815	FISH	0.061238558164664676	0.10791314712592534
8878	FISH	0.020927247990454947	0.05871899505811078
9012	FISH	0.35937112995556425	0.5506802882466998
10886	FISH	0.045352919293301444	0.11191153526306152
11567	FISH	0.03508364994611059	0.06644558454198497
12020	FISH	0.10275580201830183	0.1879563331604004
12265	FISH	0.11005398843969617	0.20684431280408586
12377	FISH	0.39114512716020855	0.5987333144460406
16537	FISH	0.05494352563151291	0.014016922563314438
17898	FISH	0.1255577036312648	0.23191860105310166
18467	FISH	0.118386267551354	0.24085515524659837
21363	FISH	0.11635102438075202	0.2330010767493929
27440	FISH	0.18219291738101415	0.3283471550260271
31219	FISH	0.023905620777181218	0.06652948153870446
31276	FISH	0.03938596695661545	0.06115510421139853
31283	FISH	0.058345407779727666	0.07482875777142388
60998	FISH	0.06817407427089554	0.17881908799920762
61523	FISH	0.12812470538275583	0.2119197973183223
62351	FISH	0.25976814329624176	0.4053406502519335
62465	FISH	0.09288184025457927	0.17916513127940042
251531	FISH	0.05695225391536951	0.11432019621133804
440917	FISH	0.03130751262818064	-0.03836118456508432
637758	FISH	0.024811461301786557	0.06588320593748774
1549025	FISH	0.0828499144741467	0.08462226869804519
2733294	FISH	0.033859382782663615	0.0895776269691331
5281167	FISH	0.0695424633366721	0.14094925778252737
5281168	FISH	0.1182904914021492	0.23401434932436263
5318599	FISH	0.051534979205046384	0.11925653793982097
5352837	FISH	0.04595778616411345	0.10372239989893776
5364231	FISH	0.06752550229430199	0.16198555805853435
262	FISH	0.020879560549344336	0.06881663442722388
323	FISH	0.044932521879673004	0.08409376761743001
750	FISH	0.046401740450944216	0.10736681308065142
753	FISH	0.025879193895629475	0.0775939654558897
962	FISH	0.013058844421591078	0.04857505911162922
5862	FISH	0.13759891369513103	0.27115138300827574
5962	FISH	0.08295386603900365	0.16098696844918386
6274	FISH	0.040386547201446125	0.0852830069405692
6322	FISH	0.04419735286917005	0.0788978242448398
6669	FISH	0.03506291577858584	0.0644174502896411
7137	FISH	0.012048998847603798	0.06836041808128357
15654	FISH	0.1695107093879155	0.3235857997621809
62089	FISH	0.08119685894676618	0.17966029686587198
853433	FISH	0.039077166467905045	0.09481613976614815
5371102	FISH	0.0471832241330828	0.08927419036626816
10857465	FISH	0.07669744800244059	0.11242558062076569
180	GARLIC	0.12550900663648332	0.3062093662364142
264	GARLIC	0.15768484345504216	0.4019060858658382
702	GARLIC	0.1396280037505286	0.3540045235838209
1031	GARLIC	0.16170245089701243	0.3830395596367972
3102	GARLIC	0.08174068800040654	0.2385569236108235
3314	GARLIC	0.14315234869718552	0.31302376304353985
6506	GARLIC	0.10876869197402682	0.32646922554288593
6544	GARLIC	0.08099250974399703	0.23147848035608018
6561	GARLIC	0.21067800692149571	0.40293661611420767
7092	GARLIC	0.09791183258805956	0.2374295677457537
7302	GARLIC	0.18274991640022822	0.36146762541362215
7476	GARLIC	0.043331850320100784	0.17515345556395395
7559	GARLIC	0.06678500132901329	0.16612736880779266
7657	GARLIC	0.10033694016081947	0.2699487677642277
7770	GARLIC	0.0715372557086604	0.16623765868800028
7793	GARLIC	0.0525442473590374	0.14336577164275305
7797	GARLIC	0.03981274552643299	0.11523909547499248
8025	GARLIC	0.14434952501739776	0.3572124370506832
8049	GARLIC	0.08021750620433263	0.24732429002012526
8094	GARLIC	0.09763166734150477	0.2793030525956835
8419	GARLIC	0.08602707194430488	0.23018636660916464
8438	GARLIC	0.07754998308207307	0.22686893599373953
8468	GARLIC	0.09934582241943904	0.25467631220817566
8815	GARLIC	0.08783750129597527	0.2442499761070524
8878	GARLIC	0.05646787264517376	0.16555863193103246
9012	GARLIC	0.3497272644724165	0.5729776450565883
10886	GARLIC	0.08808826761586326	0.22722724080085754
11567	GARLIC	0.05325200887663024	0.1540928270135607
12020	GARLIC	0.11069270223379135	0.2533711940050125
12265	GARLIC	0.1128250818167414	0.26587537995406557
12377	GARLIC	0.43098877157483784	0.631899322782244
16537	GARLIC	0.06876609474420547	0.1427377462387085
17898	GARLIC	0.1434699861066682	0.33269805567605154
18467	GARLIC	0.14875364410025732	0.3429321902138846
21363	GARLIC	0.1004701874085835	0.33241834385054453
27440	GARLIC	0.1920928614480155	0.3691655141966684
31219	GARLIC	0.06385179875152451	0.1634280617747988
31276	GARLIC	0.07926800474524498	0.16095260637147085
31283	GARLIC	0.07915594003030232	0.231942281126976
60998	GARLIC	0.1026923337153026	0.3057349409375872
61523	GARLIC	0.10397304275206157	0.24214283057621547
62351	GARLIC	0.2517378819840295	0.45328274369239807
62465	GARLIC	0.11249120852776937	0.2526704285826002
251531	GARLIC	0.07526492274233273	0.22350471786090306
440917	GARLIC	0.09098903834819794	0.12007818158183779
637758	GARLIC	0.04369703307747841	0.21100766956806183
1549025	GARLIC	0.08081546638693128	0.18119901631559646
2733294	GARLIC	0.06701494992843696	0.15753449818917684
5281167	GARLIC	0.07701234679136958	0.19066217754568374
5281168	GARLIC	0.11634206771850586	0.2809010318347386
5318599	GARLIC	0.08458633561219488	0.20704394366059983
5352837	GARLIC	0.06920858951551574	0.1759402539048876
5364231	GARLIC	0.08534442633390427	0.23515960361276353
262	GARLIC	0.08896996932370323	0.24918713314192636
323	GARLIC	0.09662225416728429	0.22268543073109218
750	GARLIC	0.12429712819201606	0.30385333725384306
753	GARLIC	0.09276883463774409	0.26819503733089994
962	GARLIC	0.07847983177219119	0.24320012118135179
5862	GARLIC	0.23392264544963837	0.44497411591666086
5962	GARLIC	0.11879889667034149	0.3201898847307478
6274	GARLIC	0.11211917975119182	0.2805554377181189
6322	GARLIC	0.09738929463284356	0.2702767572232655
6669	GARLIC	0.072854147957904	0.2041923850774765
7137	GARLIC	0.052537639758416584	0.2072486345257078
15654	GARLIC	0.21803930614675796	0.437888434955052
62089	GARLIC	0.09782216165746961	0.2927450622831072
853433	GARLIC	0.11489401119095939	0.27437555364200045
5371102	GARLIC	0.0727167698953833	0.19788616469928197
10857465	GARLIC	0.06595199448721749	0.16617368587425776
180	SPICES	0.15811077186039516	0.361574011189597
264	SPICES	0.1623371828879629	0.32860308459826876
702	SPICES	0.1893934373344694	0.4028213066714151
1031	SPICES	0.19593124304498946	0.40699101771627155
3102	SPICES	0.15479772218636104	0.346826719386237
3314	SPICES	0.40572922996112276	0.6405565398080009
6506	SPICES	0.1601370062146868	0.3564744847161429
6544	SPICES	0.20810841023921967	0.40278023055621553
6561	SPICES	0.20364119751112802	0.3944555733885084
7092	SPICES	0.3335297022547041	0.551656037569046
7302	SPICES	0.26413288712501526	0.5092734822205135
7476	SPICES	0.19203133029597147	0.39740437269210815
7559	SPICES	0.11019396143300193	0.3360531372683389
7657	SPICES	0.15022370219230652	0.33186773317200796
7770	SPICES	0.11800534171717507	0.3341389639036996
7793	SPICES	0.16638932057789393	0.3636881836823055
7797	SPICES	0.1641283312014171	0.40797810895102365
8025	SPICES	0.16040109736578806	0.3431989550590515
8049	SPICES	0.1483587133032935	0.3517186641693115
8094	SPICES	0.12657421508005687	0.318021867956434
8419	SPICES	0.2983603434903281	0.5364255905151367
8438	SPICES	0.23799824714660645	0.4783442233289991
8468	SPICES	0.24860425080571855	0.49803628240312847
8815	SPICES	0.30748882464000155	0.5042246920721871
8878	SPICES	0.1436477154493332	0.3722533200468336
9012	SPICES	0.25817724636622835	0.4937638299805777
10886	SPICES	0.15551739718232835	0.35921798433576313
11567	SPICES	0.1826536910874503	0.4069576178278242
12020	SPICES	0.1844097524881363	0.3923635312489101
12265	SPICES	0.1828617070402418	0.38966154200690134
12377	SPICES	0.30920885716165813	0.5324529153960091
16537	SPICES	0.2549138239451817	0.47229762162481037
17898	SPICES	0.21399432846478053	0.43553535427365986
18467	SPICES	0.21243202260562352	0.4209293680531638
21363	SPICES	0.12059698040996279	0.30958256125450134
27440	SPICES	0.2092759417636054	0.42768749594688416
31219	SPICES	0.11548791187150138	0.324521575655256
31276	SPICES	0.10742358650479998	0.3277457356452942
31283	SPICES	0.1396118625998497	0.3335214470114027
60998	SPICES	0.1425102608544486	0.3521341213158199
61523	SPICES	0.1581449189356395	0.3347193258149283
62351	SPICES	0.19229109159537724	0.3971418355192457
62465	SPICES	0.3037039850439344	0.5568161606788635
251531	SPICES	0.16428049334457942	0.3344348073005676
440917	SPICES	0.2698611148766109	0.5207871198654175
637758	SPICES	0.24593329855373927	0.4543433019093105
1549025	SPICES	0.18661618658474513	0.38176608085632324
2733294	SPICES	0.16156321976866042	0.3939161939280374
5281167	SPICES	0.181135960987636	0.38977821809904917
5281168	SPICES	0.1438874453306198	0.3494487149374826
5318599	SPICES	0.13580259467874253	0.3418397307395935
5352837	SPICES	0.16465264984539577	0.36308446526527405
5364231	SPICES	0.19846192002296448	0.4006478914192745
262	SPICES	0.17108933627605438	0.4025070624692099
323	SPICES	0.2871195375919342	0.5261936570916858
750	SPICES	0.20936224928924016	0.4538765719958714
753	SPICES	0.17966785601207189	0.40983116200992037
962	SPICES	0.15542063755648478	0.36335596442222595
5862	SPICES	0.24117917248180934	0.4931354267256601
5962	SPICES	0.16156882047653198	0.38440101061548504
6274	SPICES	0.19694807061127254	0.44158548542431425
6322	SPICES	0.17948711131300246	0.40561524459293913
6669	SPICES	0.14398726927382605	0.3534294579710279
7137	SPICES	0.37820338777133394	0.6182887639318194
15654	SPICES	0.26534731473241535	0.4954320320061275
62089	SPICES	0.118548255945955	0.30402178849492756
853433	SPICES	0.42999052575656344	0.6631430302347455
5371102	SPICES	0.20567801594734192	0.36589479446411133
10857465	SPICES	0.18425352871418	0.4669757570539202
180	COLD	0.22796740915094102	0.41241406968661715
264	COLD	0.14556691902024405	0.31054389263902393
702	COLD	0.2106077777487891	0.37571285026414053
1031	COLD	0.20353701497827256	0.36564057639666964
3102	COLD	0.25137345705713543	0.4493071564606258
3314	COLD	0.18702107880796706	0.4217211476394108
6506	COLD	0.20482543536594935	0.36488276720046997
6544	COLD	0.34138184785842896	0.5602885995592389
6561	COLD	0.20778436958789825	0.40619769266673494
7092	COLD	0.2571668412004198	0.4583090160574232
7302	COLD	0.18834893831184932	0.3872419808592115
7476	COLD	0.23847231907503946	0.4893922890935625
7559	COLD	0.3054860830307007	0.5489968274320874
7657	COLD	0.23314163088798523	0.424807961497988
7770	COLD	0.27736485855919973	0.4902320035866329
7793	COLD	0.32333727393831524	0.555487334728241
7797	COLD	0.28343196851866587	0.5023643544742039
8025	COLD	0.1738985287291663	0.33758376113006044
8049	COLD	0.22090236842632294	0.4115272504942758
8094	COLD	0.20926184952259064	0.421451598405838
8419	COLD	0.16632613113948277	0.39886792642729624
8438	COLD	0.21104714487280166	0.4286982459681375
8468	COLD	0.23922865305628097	0.4495752113206046
8815	COLD	0.27856622849191937	0.5003167177949633
8878	COLD	0.2758025527000427	0.515204838344029
9012	COLD	0.10398660174437932	0.2715627359492438
10886	COLD	0.24267572590282985	0.4674853299345289
11567	COLD	0.4779785828930991	0.6902626497404916
12020	COLD	0.27080781544957844	0.4883556238242558
12265	COLD	0.23232255237443106	0.438729852437973
12377	COLD	0.11997886108500617	0.3321694476263864
16537	COLD	0.42923631412642343	0.6529323969568525
17898	COLD	0.14923861835684096	0.3648392472948347
18467	COLD	0.15575588600976126	0.3431343606540135
21363	COLD	0.16397995501756668	0.34840414566653116
27440	COLD	0.15312866760151728	0.34726528184754507
31219	COLD	0.2503014121736799	0.5020010386194501
31276	COLD	0.3006274700164795	0.504015394619533
31283	COLD	0.1888549668448312	0.39517195735658917
60998	COLD	0.18898403644561768	0.38833562816892353
61523	COLD	0.2429403407233102	0.48680451086589266
62351	COLD	0.1522516586950847	0.3210061086075647
62465	COLD	0.22790165458406722	0.4804914508547102
251531	COLD	0.23852792807987758	0.4467277101108006
440917	COLD	0.582808222089495	0.751542227608817
637758	COLD	0.22337086072989873	0.4505704002720969
1549025	COLD	0.31284545574869427	0.5323349152292524
2733294	COLD	0.3021059589726584	0.5288917422294617
5281167	COLD	0.2817897583757128	0.532362563269479
5281168	COLD	0.22215558801378524	0.457868686744145
5318599	COLD	0.2862291804381779	0.5464560389518738
5352837	COLD	0.3093647233077458	0.560237101146153
5364231	COLD	0.23864491496767318	0.48212380920137676
262	COLD	0.2823572414261954	0.47683546372822355
323	COLD	0.2452343681028911	0.4829081552369254
750	COLD	0.22797952805246627	0.392040137733732
753	COLD	0.25683374064309256	0.45790674005235943
962	COLD	0.2632478049823216	0.4700498453208378
5862	COLD	0.14461479229586466	0.30985067571912495
5962	COLD	0.19270153130803788	0.3657724303858621
6274	COLD	0.27704383219991413	0.45565870829990934
6322	COLD	0.2549588020358767	0.4370564179761069
6669	COLD	0.23462823246206557	0.44997794713292805
7137	COLD	0.22366795369556972	0.465941173689706
15654	COLD	0.10063845025641578	0.27932731807231903
62089	COLD	0.2172698974609375	0.41819178206580027
853433	COLD	0.19691622682980128	0.4249510850225176
5371102	COLD	0.28354987502098083	0.5302622147968837
10857465	COLD	0.2676927702767508	0.5617544054985046
180	SOUR	0.36019458941050936	0.6199040838650295
264	SOUR	0.590582617691585	0.8113247752189636
702	SOUR	0.31100628418581827	0.5756674153464181
1031	SOUR	0.3454537945134299	0.6106350932802472
3102	SOUR	0.2566748538187572	0.49561322161129545
3314	SOUR	0.2078663217169898	0.4728357877050127
6506	SOUR	0.3773434502737863	0.6221636193139213
6544	SOUR	0.2673182508775166	0.49354989188058035
6561	SOUR	0.5200938369546618	0.7739170363971165
7092	SOUR	0.17344804746764048	0.3911162827696119
7302	SOUR	0.3037303388118744	0.5625952652522496
7476	SOUR	0.19544293199266707	0.4345877936908177
7559	SOUR	0.2324815626655306	0.487475254705974
7657	SOUR	0.29844058411461966	0.5447797434670585
7770	SOUR	0.2731921076774597	0.5670622927801949
7793	SOUR	0.23754667597157614	0.45904538461140226
7797	SOUR	0.19176330736705235	0.4417085775307247
8025	SOUR	0.3983070765222822	0.6678011161940438
8049	SOUR	0.24539484083652496	0.4895260121141161
8094	SOUR	0.4289993303162711	0.6736737745148795
8419	SOUR	0.20987839783940995	0.4326693969113486
8438	SOUR	0.1898421836750848	0.4093348298754011
8468	SOUR	0.21101897742067063	0.4405658415385655
8815	SOUR	0.21942834981850215	0.4501162086214338
8878	SOUR	0.2612084725073406	0.5281846480710166
9012	SOUR	0.4210925485406603	0.709606443132673
10886	SOUR	0.29097230093819754	0.5558564833232335
11567	SOUR	0.20176107542855398	0.4281835002558572
12020	SOUR	0.33771135977336336	0.5910835266113281
12265	SOUR	0.30755446212632315	0.5649709190641131
12377	SOUR	0.41930638892310007	0.7220884816987174
16537	SOUR	0.25444260239601135	0.46909335255622864
17898	SOUR	0.3039685572896685	0.5991962466921125
18467	SOUR	0.27065195781844004	0.5601729069437299
21363	SOUR	0.4725195552621569	0.689875738961356
27440	SOUR	0.296682208776474	0.5904762915202549
31219	SOUR	0.21994633759771073	0.45445628251348225
31276	SOUR	0.26851171467985424	0.5800005963870457
31283	SOUR	0.23590419335024698	0.49910013164792744
60998	SOUR	0.32065606117248535	0.5641360453196934
61523	SOUR	0.31819584539958407	0.5938734327043805
62351	SOUR	0.4004077783652714	0.6954314453261239
62465	SOUR	0.23373581894806453	0.5075337929385049
251531	SOUR	0.1972061970404216	0.43216498834746225
440917	SOUR	0.21744404946054732	0.4100460239819118
637758	SOUR	0.21007319859095983	0.4241710049765451
1549025	SOUR	0.2763767497880118	0.5116903270993914
2733294	SOUR	0.25883920916489195	0.5382150752203805
5281167	SOUR	0.29443217175347464	0.5531780421733856
5281168	SOUR	0.4001937764031546	0.6649092095238822
5318599	SOUR	0.29887433988707407	0.5501558184623718
5352837	SOUR	0.27689736442906515	0.5266878817762647
5364231	SOUR	0.303466009242194	0.555739802973611
262	SOUR	0.23959727372441972	0.4779710258756365
323	SOUR	0.19281608292034694	0.4130802197115762
750	SOUR	0.2331293374300003	0.4726112314632961
753	SOUR	0.24984778676714217	0.49083895342690603
962	SOUR	0.21731231893811906	0.44876144187791006
5862	SOUR	0.2956563191754477	0.5695358940533229
5962	SOUR	0.34939352529389517	0.6119448712893895
6274	SOUR	0.2405970926795687	0.49350543533052715
6322	SOUR	0.24174371361732483	0.5003286642687661
6669	SOUR	0.22130219851221358	0.3972658898149218
7137	SOUR	0.17106563491480692	0.38717752269336153
15654	SOUR	0.27364544783319744	0.5729694281305585
62089	SOUR	0.4070190702165876	0.6500222597803388
853433	SOUR	0.1908784657716751	0.42355171697480337
5371102	SOUR	0.20076606103352138	0.440916793687003
10857465	SOUR	0.21004145273140498	0.5208442807197571
180	BURNT	0.12551693192550115	0.35741650632449556
264	BURNT	0.125903813966683	0.3822865528719766
702	BURNT	0.12349750740187508	0.38327965991837637
1031	BURNT	0.12550546867506845	0.3890202598912375
3102	BURNT	0.14765959339482443	0.4177776745387486
3314	BURNT	0.21714722684451512	0.5199908443859645
6506	BURNT	0.11977813286440712	0.38666518671172007
6544	BURNT	0.09786151881728854	0.3337799055235727
6561	BURNT	0.20411915012768336	0.48262897559574675
7092	BURNT	0.11776749576841082	0.34725559609276907
7302	BURNT	0.3344422621386392	0.6214108552251544
7476	BURNT	0.037545883495892794	0.2306794353893825
7559	BURNT	0.05282073840498924	0.26295473745891024
7657	BURNT	0.14724541242633546	0.415756140436445
7770	BURNT	0.06535895062344414	0.23305714981896536
7793	BURNT	0.07791277659790856	0.24576218213353837
7797	BURNT	0.05910837756735938	0.20675009063311986
8025	BURNT	0.11894446717841285	0.3527978275503431
8049	BURNT	0.098349857543196	0.31030628085136414
8094	BURNT	0.17938446998596191	0.45125230721064974
8419	BURNT	0.16851356625556946	0.42691700373377117
8438	BURNT	0.11027626746467181	0.33032646775245667
8468	BURNT	0.13381023917879378	0.4119692189352853
8815	BURNT	0.11874729075602122	0.3590720423630306
8878	BURNT	0.08011816920978683	0.26469101863248007
9012	BURNT	0.3719193935394287	0.67940696648189
10886	BURNT	0.08510230907372066	0.2700303665229252
11567	BURNT	0.16049496829509735	0.4101448953151703
12020	BURNT	0.18837437672274454	0.46153380615370615
12265	BURNT	0.2035107889345714	0.5199416833264487
12377	BURNT	0.31580622707094463	0.5744975464684623
16537	BURNT	0.05004727042147091	0.21294096963746206
17898	BURNT	0.41600915789604187	0.7878616026469639
18467	BURNT	0.3386870175600052	0.7002937708582196
21363	BURNT	0.130337050982884	0.40941910232816425
27440	BURNT	0.38805570346968515	0.739802896976471
31219	BURNT	0.06294103924717222	0.25359419201101574
31276	BURNT	0.06358758892331805	0.219453330550875
31283	BURNT	0.1494400660906519	0.38277454887117657
60998	BURNT	0.07958657081638064	0.33284126009259907
61523	BURNT	0.16426027246883937	0.4279246074812753
62351	BURNT	0.27139027416706085	0.557389463697161
62465	BURNT	0.29508181129183086	0.6748000638825553
251531	BURNT	0.06597668730786868	0.2644904170717512
440917	BURNT	0.06197918339499405	0.2607062884739467
637758	BURNT	0.05711895493524415	0.2527855123792376
1549025	BURNT	0.06211110204458237	0.21837857365608215
2733294	BURNT	0.07050029560923576	0.25442895718983244
5281167	BURNT	0.09672199828284127	0.3258783902440752
5281168	BURNT	0.17212551619325364	0.4473020008632115
5318599	BURNT	0.16063031554222107	0.42865183097975595
5352837	BURNT	0.1315157264471054	0.38324769905635286
5364231	BURNT	0.11890677149806704	0.35406368119376047
262	BURNT	0.11244904782090868	0.37046691349574495
323	BURNT	0.1604438807283129	0.4267235313143049
750	BURNT	0.15185373276472092	0.43169330273355755
753	BURNT	0.12666978474174226	0.4015576200825827
962	BURNT	0.09125125940356936	0.3280656337738037
5862	BURNT	0.25673673834119526	0.5436414054461888
5962	BURNT	0.1638904618365424	0.4578175459589277
6274	BURNT	0.14033193460532598	0.4523313045501709
6322	BURNT	0.1374246808035033	0.4284307360649109
6669	BURNT	0.10699848458170891	0.32337543794087004
7137	BURNT	0.1017257028392383	0.3461350287709917
15654	BURNT	0.394888128553118	0.7337022508893695
62089	BURNT	0.18077381593840464	0.46822208166122437
853433	BURNT	0.17216903609888895	0.431424651827131
5371102	BURNT	0.07170520722866058	0.28753006032535006
10857465	BURNT	0.12272396045071739	0.426643431186676
180	ACID	0.3050267568656376	0.5017019297395434
264	ACID	0.24111446738243103	0.4185138089316232
702	ACID	0.18928842672279902	0.3782796093395778
1031	ACID	0.19822860189846583	0.387595819575446
3102	ACID	0.2945977577141353	0.48927232197352816
3314	ACID	0.16313297620841435	0.3184272987501962
6506	ACID	0.19307092257908412	0.3683465506349291
6544	ACID	0.3070561332362039	0.5215190691607339
6561	ACID	0.3756089508533478	0.5764244879995074
7092	ACID	0.15373512357473373	0.3195593059062958
7302	ACID	0.2524875019277845	0.4458029099873134
7476	ACID	0.10461929866245814	0.3139436755861555
7559	ACID	0.22215678649289267	0.4578211264950888
7657	ACID	0.301585180418832	0.49740869232586454
7770	ACID	0.1854382689510073	0.396432169846126
7793	ACID	0.14922599494457245	0.3895474970340729
7797	ACID	0.10117473719375474	0.29567709990910124
8025	ACID	0.2389575264283589	0.4270168329988207
8049	ACID	0.16099285440785543	0.32129351581845966
8094	ACID	0.30233745915549143	0.5105749879564557
8419	ACID	0.138871502663408	0.29627698234149386
8438	ACID	0.12843625034604753	0.30535978078842163
8468	ACID	0.1543723600251334	0.3512250227587564
8815	ACID	0.1967457447733198	0.3785708929811205
8878	ACID	0.1508154571056366	0.3555093024458204
9012	ACID	0.2987755707332066	0.5174961856433323
10886	ACID	0.17425133820090974	0.3838804364204407
11567	ACID	0.4939607424395425	0.6653953194618225
12020	ACID	0.42065284081867765	0.6073541130338397
12265	ACID	0.39382908599717276	0.571394111428942
12377	ACID	0.2411466177020754	0.47968776736940655
16537	ACID	0.18581296716417586	0.4252727670328958
17898	ACID	0.29188654678208487	0.4963188128811972
18467	ACID	0.2684084985937391	0.4600210871015276
21363	ACID	0.254277120743479	0.45929298230579924
27440	ACID	0.30130593691553387	0.5174420433385032
31219	ACID	0.20430963379996164	0.4098005507673536
31276	ACID	0.195858291217259	0.4287075826099941
31283	ACID	0.16101865470409393	0.3118617151464735
60998	ACID	0.15703594897474563	0.3678675464221409
61523	ACID	0.28744354631219593	0.4855616305555616
62351	ACID	0.2798232436180115	0.48217720644814627
62465	ACID	0.34201076201030184	0.5402744710445404
251531	ACID	0.15600477159023285	0.35992815664836336
440917	ACID	0.2539263793400356	0.48724355016435894
637758	ACID	0.10253746062517166	0.26913869806698393
1549025	ACID	0.1498988068529538	0.37345124994005474
2733294	ACID	0.15179821848869324	0.3820200945649828
5281167	ACID	0.2186124793120793	0.42877144472939627
5281168	ACID	0.3114830553531647	0.5263192738805499
5318599	ACID	0.3253261659826551	0.5541241850171771
5352837	ACID	0.29254382848739624	0.5018040708133152
5364231	ACID	0.21478183993271419	0.3960907331534794
262	ACID	0.22622012666293553	0.43622319613184246
323	ACID	0.1902577919619424	0.38989693352154325
750	ACID	0.15715499222278595	0.33892894216946196
753	ACID	0.2179795014006751	0.4192260929516384
962	ACID	0.20394722265856607	0.4020562767982483
5862	ACID	0.15650841806616103	0.34086321932928904
5962	ACID	0.21852197178772517	0.3957577092306955
6274	ACID	0.19345016138894217	0.4128962329455784
6322	ACID	0.20343150411333358	0.3997024553162711
6669	ACID	0.15951021015644073	0.3443174234458378
7137	ACID	0.10110998153686523	0.26624685738767895
15654	ACID	0.22190152960164206	0.3999232692377908
62089	ACID	0.32522216013499666	0.5278909078666142
853433	ACID	0.11286742453064237	0.2533873404775347
5371102	ACID	0.21941439168793814	0.42384468231882366
10857465	ACID	0.2770887442997524	0.5222966883863721
180	WARM	0.23170174019677298	0.42553235803331646
264	WARM	0.30138576882226126	0.5224242891584124
702	WARM	0.2669886180332729	0.4469011425971985
1031	WARM	0.26503857544490267	0.456686977829252
3102	WARM	0.2712557592562267	0.4534753603594644
3314	WARM	0.43316467319216045	0.5977783799171448
6506	WARM	0.2810399681329727	0.4594123235770634
6544	WARM	0.26261550188064575	0.464579096862248
6561	WARM	0.30013473544801983	0.5246352595942361
7092	WARM	0.40070888825825285	0.5567345491477421
7302	WARM	0.4232607569013323	0.6152604903493609
7476	WARM	0.3232188565390451	0.5154162262167249
7559	WARM	0.2946487878050123	0.5259794678006854
7657	WARM	0.26056582374232157	0.4361364798886435
7770	WARM	0.309148120028632	0.512339038508279
7793	WARM	0.26455080934933256	0.492812522820064
7797	WARM	0.3345819285937718	0.5531790469373975
8025	WARM	0.2382965556212834	0.4347799505506243
8049	WARM	0.30151491505759104	0.465037111725126
8094	WARM	0.3040785150868552	0.5068381215844836
8419	WARM	0.4492999017238617	0.606674347605024
8438	WARM	0.39055125202451435	0.5396790249007088
8468	WARM	0.38555215512003216	0.5516927668026516
8815	WARM	0.3164782864706857	0.4750038598264967
8878	WARM	0.3148091307708195	0.5474944284984044
9012	WARM	0.3556339911052159	0.5511271868433271
10886	WARM	0.2681228667497635	0.47910626445497784
11567	WARM	0.3030017742088863	0.4953530856541225
12020	WARM	0.27860898630959646	0.47398193393434795
12265	WARM	0.28848348770822796	0.4826308275972094
12377	WARM	0.29510908467429026	0.5099253782204219
16537	WARM	0.2781915920121329	0.4900922051497868
17898	WARM	0.4530247322150639	0.6709878870419094
18467	WARM	0.39257108313696726	0.5773449199540275
21363	WARM	0.3231616871697562	0.5398023298808506
27440	WARM	0.413696961743491	0.618524602481297
31219	WARM	0.2887029605252402	0.5104182277406965
31276	WARM	0.2821856843573706	0.48529449105262756
31283	WARM	0.3380334845611027	0.5145940440041679
60998	WARM	0.31416924936430796	0.5397907069751194
61523	WARM	0.2890092943395887	0.4712336446557726
62351	WARM	0.3239428571292332	0.512774931532996
62465	WARM	0.4303789053644453	0.6123582295009068
251531	WARM	0.2518010565212795	0.4339489681380136
440917	WARM	0.2751603658710207	0.4716951208455222
637758	WARM	0.3835764867918832	0.5471700515065875
1549025	WARM	0.2620719713824136	0.46341231891087126
2733294	WARM	0.3002654101167406	0.5400390880448478
5281167	WARM	0.2652949477945055	0.4815950521400997
5281168	WARM	0.2993397244385311	0.49891760093825205
5318599	WARM	0.2776442766189575	0.4860580691269466
5352837	WARM	0.26652970697198597	0.4697182774543762
5364231	WARM	0.2950722192014967	0.5072795408112662
262	WARM	0.3045609508241926	0.47132917387144907
323	WARM	0.42611612166677204	0.5994955556733268
750	WARM	0.3742945151669638	0.5519700050354004
753	WARM	0.31329389555113657	0.475785676922117
962	WARM	0.28428306324141367	0.44166658180100576
5862	WARM	0.3843557664326259	0.5826934661184039
5962	WARM	0.33188298770359587	0.5377834524427142
6274	WARM	0.3547515060220446	0.5254811431680407
6322	WARM	0.32588301811899456	0.49972101620265413
6669	WARM	0.37546070984431673	0.5881070239203317
7137	WARM	0.4947964038167681	0.6531454409871783
15654	WARM	0.42786291241645813	0.6353060517992292
62089	WARM	0.2884538641997746	0.48706098965236116
853433	WARM	0.47644994940076557	0.6253264205796378
5371102	WARM	0.2582851435456957	0.4401783730302538
10857465	WARM	0.35065128973552157	0.61002003295081
180	MUSKY	0.3077344681535448	0.5308762959071568
264	MUSKY	0.5374306951250348	0.7492806485721043
702	MUSKY	0.30024074230875286	0.5232714073998588
1031	MUSKY	0.3236006924084255	0.5514917629105704
3102	MUSKY	0.29701381496020723	0.5440879208700997
3314	MUSKY	0.23298884715352738	0.47514028208596365
6506	MUSKY	0.3301203208310263	0.5847440447126117
6544	MUSKY	0.24850433213370188	0.44893643260002136
6561	MUSKY	0.4673583720411573	0.7162410616874695
7092	MUSKY	0.17938624961035593	0.3776266063962664
7302	MUSKY	0.3166967034339905	0.5904834951673236
7476	MUSKY	0.20560075768402644	0.43613408293042866
7559	MUSKY	0.18848507957799093	0.43594275627817425
7657	MUSKY	0.3292700563158308	0.5713975003787449
7770	MUSKY	0.1582367228610175	0.3585766851902008
7793	MUSKY	0.23948475292750768	0.432271271944046
7797	MUSKY	0.10305949832711901	0.2946943002087729
8025	MUSKY	0.32682202543531147	0.5677751132420131
8049	MUSKY	0.24898051576954977	0.46531799009868074
8094	MUSKY	0.43865480167525156	0.6773156523704529
8419	MUSKY	0.24184189523969377	0.46392188327653067
8438	MUSKY	0.19951759704521724	0.40835195779800415
8468	MUSKY	0.2344661397593362	0.4362229491983141
8815	MUSKY	0.21133089917046682	0.4132746032306126
8878	MUSKY	0.17761634715965816	0.3773923005376543
9012	MUSKY	0.44590063605989727	0.723224767616817
10886	MUSKY	0.2062638018812452	0.4206206032208034
11567	MUSKY	0.19401554550443376	0.39347108347075327
12020	MUSKY	0.3163683201585497	0.5622785006250653
12265	MUSKY	0.3134414383343288	0.5629489336694989
12377	MUSKY	0.37886472259249004	0.6201045428003583
16537	MUSKY	0.14064855447837285	0.31048276807580677
17898	MUSKY	0.41757747530937195	0.7137139184134347
18467	MUSKY	0.36944039378847393	0.6512354186603001
21363	MUSKY	0.5154878199100494	0.7461568287440709
27440	MUSKY	0.3956156713621957	0.673147439956665
31219	MUSKY	0.1997025545154299	0.4187129778521402
31276	MUSKY	0.13236855609076364	0.3281469600541251
31283	MUSKY	0.2793283334800175	0.5208442679473332
60998	MUSKY	0.3262858603681837	0.5630515132631574
61523	MUSKY	0.31910763468061176	0.5575721774782453
62351	MUSKY	0.42487745199884686	0.6857559170041766
62465	MUSKY	0.30135818464415415	0.5705961755343846
251531	MUSKY	0.2563186692340033	0.4681680883680071
440917	MUSKY	0.124453604221344	0.2627414273364203
637758	MUSKY	0.20612224723611558	0.40387860792023794
1549025	MUSKY	0.1830028636114938	0.33868331568581717
2733294	MUSKY	0.13017183329377854	0.3406918857778822
5281167	MUSKY	0.20756159084183828	0.3896686349596296
5281168	MUSKY	0.377618636403765	0.5864444885935102
5318599	MUSKY	0.28333125582763125	0.5059100006307874
5352837	MUSKY	0.22440064592020853	0.4328556401388986
5364231	MUSKY	0.25193352358681814	0.44690030813217163
262	MUSKY	0.2537439784833363	0.46530250140598844
323	MUSKY	0.21833883013044084	0.43141676272664753
750	MUSKY	0.2517749624592917	0.47600547330720083
753	MUSKY	0.268009928720338	0.486550326858248
962	MUSKY	0.2510188903127398	0.4538338099207197
5862	MUSKY	0.2982911595276424	0.5531604715756008
5962	MUSKY	0.36814231531960623	0.625826188496181
6274	MUSKY	0.2575146768774305	0.4898571925503867
6322	MUSKY	0.27643940704209463	0.5037524104118347
6669	MUSKY	0.27543777014528004	0.4842200790132795
7137	MUSKY	0.16454312631062099	0.3858708143234253
15654	MUSKY	0.37068501114845276	0.6571292792047773
62089	MUSKY	0.4367226915700095	0.6938847133091518
853433	MUSKY	0.18995920888015203	0.40509424465043203
5371102	MUSKY	0.2286278988633837	0.435503180537905
10857465	MUSKY	0.3499818273953029	0.5883991292544773
180	SWEATY	0.18870546136583602	0.4201291671821049
264	SWEATY	0.41572254470416475	0.6914157611983163
702	SWEATY	0.18149158358573914	0.401168555021286
1031	SWEATY	0.20701805182865687	0.43858358689716886
3102	SWEATY	0.13643977578197206	0.33226247344698223
3314	SWEATY	0.0853406483573573	0.24364255794457026
6506	SWEATY	0.22431611376149313	0.46790591308048796
6544	SWEATY	0.12059061654976436	0.3036204533917563
6561	SWEATY	0.31700401646750315	0.5688541446413312
7092	SWEATY	0.05962967287216868	0.20080607490880148
7302	SWEATY	0.1761906466313771	0.3884959263460977
7476	SWEATY	0.09894124737807683	0.24545069890362875
7559	SWEATY	0.09548617047922951	0.2595049185412271
7657	SWEATY	0.16915095491068705	0.3835978295121874
7770	SWEATY	0.0896377946649279	0.26353452673980166
7793	SWEATY	0.11205406593424934	0.23869534262589046
7797	SWEATY	0.061583047466618676	0.20894458889961243
8025	SWEATY	0.22500441542693547	0.469332184110369
8049	SWEATY	0.13874396681785583	0.3287874630519322
8094	SWEATY	0.28308561018535067	0.5016725276197705
8419	SWEATY	0.09156193264893123	0.24978709859507425
8438	SWEATY	0.08973781285541398	0.2283604634659631
8468	SWEATY	0.09434571755783898	0.23936946051461355
8815	SWEATY	0.09842548625809806	0.24335230461188725
8878	SWEATY	0.10640114865132741	0.27845593648297445
9012	SWEATY	0.2584039036716734	0.5234669276646206
10886	SWEATY	0.133144668170384	0.32795517785208567
11567	SWEATY	0.06457715002553803	0.23223417145865305
12020	SWEATY	0.17155576603753225	0.37593674659729004
12265	SWEATY	0.15234361376081193	0.3538071172577994
12377	SWEATY	0.230284007532256	0.5128678040845054
16537	SWEATY	0.0754900010568755	0.1984622584921973
17898	SWEATY	0.1906928505216326	0.4667719943182809
18467	SWEATY	0.16525353278432572	0.40833246282168795
21363	SWEATY	0.340724561895643	0.5889783842223031
27440	SWEATY	0.180347917335374	0.429973487343107
31219	SWEATY	0.09764043135302407	0.2426068229334695
31276	SWEATY	0.07701571924345833	0.2481264897755214
31283	SWEATY	0.13095851348979132	0.3535965893949781
60998	SWEATY	0.21611260303429194	0.4299207202025822
61523	SWEATY	0.18285591900348663	0.40131606800215586
62351	SWEATY	0.24801706203392573	0.502197380576815
62465	SWEATY	0.1259623776589121	0.28938838839530945
251531	SWEATY	0.10409756643431527	0.262568752680506
440917	SWEATY	0.03180098453802722	0.12494925037026405
637758	SWEATY	0.10199306373085294	0.24095875876290457
1549025	SWEATY	0.1182470651609557	0.23478911817073822
2733294	SWEATY	0.0970160322529929	0.27027096280029844
5281167	SWEATY	0.12876518070697784	0.3151825112955911
5281168	SWEATY	0.23357813486031123	0.45710299270493643
5318599	SWEATY	0.13510741612740926	0.3408380789416177
5352837	SWEATY	0.11711992962019784	0.30031196560178486
5364231	SWEATY	0.1472699408020292	0.3501065117972238
262	SWEATY	0.12336093506642751	0.289079344698361
323	SWEATY	0.08481328881212644	0.21702814527920314
750	SWEATY	0.12194324391228813	0.31487633500780376
753	SWEATY	0.12659906915255956	0.30545896717480253
962	SWEATY	0.11144175061157771	0.26406505703926086
5862	SWEATY	0.17958328979355948	0.4094364472797939
5962	SWEATY	0.2253513229744775	0.4801503462450845
6274	SWEATY	0.10704488200800759	0.2931737665619169
6322	SWEATY	0.12758179860455648	0.32352923495428904
6669	SWEATY	0.12442071629422051	0.26459476138864246
7137	SWEATY	0.057509834479008405	0.18023048341274261
15654	SWEATY	0.19255320302077703	0.4346678299563272
62089	SWEATY	0.2563090068953378	0.4845198690891266
853433	SWEATY	0.058209702904735296	0.19924138273511613
5371102	SWEATY	0.07126399528767381	0.23290230546678817
10857465	SWEATY	0.14150102968726838	0.3288217570100512
180	AMMONIA/URINOUS	0.30928576631205423	0.46954108136040823
264	AMMONIA/URINOUS	0.3299613105399268	0.46698531934193205
702	AMMONIA/URINOUS	0.16510920652321406	0.3424403156552996
1031	AMMONIA/URINOUS	0.19865683998380387	0.3730220283780779
3102	AMMONIA/URINOUS	0.3200296312570572	0.45866873434611727
3314	AMMONIA/URINOUS	0.1410600926194872	0.29611497053078245
6506	AMMONIA/URINOUS	0.1810697466135025	0.3161900852407728
6544	AMMONIA/URINOUS	0.2907555763210569	0.4492962488106319
6561	AMMONIA/URINOUS	0.4359379708766937	0.5842347485678536
7092	AMMONIA/URINOUS	0.12081456876226834	0.24709631076880864
7302	AMMONIA/URINOUS	0.27707308743681225	0.43047317011015757
7476	AMMONIA/URINOUS	0.13261332841856138	0.24899745413235255
7559	AMMONIA/URINOUS	0.30216063984802793	0.4366094810622079
7657	AMMONIA/URINOUS	0.3328883094447	0.4735054075717926
7770	AMMONIA/URINOUS	0.17308083176612854	0.2864540921790259
7793	AMMONIA/URINOUS	0.19118703050272806	0.32597836000578745
7797	AMMONIA/URINOUS	0.06449259870818683	0.1385383882692882
8025	AMMONIA/URINOUS	0.242623793227332	0.40742528438568115
8049	AMMONIA/URINOUS	0.11730805784463882	0.21381339856556483
8094	AMMONIA/URINOUS	0.3037472367286682	0.4446359702519008
8419	AMMONIA/URINOUS	0.15111878194979259	0.24245173164776393
8438	AMMONIA/URINOUS	0.1040317453444004	0.2191603843654905
8468	AMMONIA/URINOUS	0.09891552850604057	0.2344404969896589
8815	AMMONIA/URINOUS	0.1851104817220143	0.33513996856553213
8878	AMMONIA/URINOUS	0.14323715014117105	0.23510630428791046
9012	AMMONIA/URINOUS	0.4106046089104244	0.5576317140034267
10886	AMMONIA/URINOUS	0.1743456753236907	0.3011492448193686
11567	AMMONIA/URINOUS	0.4824253874165671	0.6178988814353943
12020	AMMONIA/URINOUS	0.4408526803765978	0.5728357987744468
12265	AMMONIA/URINOUS	0.41279809389795574	0.5755320021084377
12377	AMMONIA/URINOUS	0.30876911112240385	0.4661342884813036
16537	AMMONIA/URINOUS	0.14351407225642884	0.2544924510376794
17898	AMMONIA/URINOUS	0.3464541477816446	0.5027256097112384
18467	AMMONIA/URINOUS	0.29693091554301126	0.46520152262278963
21363	AMMONIA/URINOUS	0.40714676891054424	0.5441333949565887
27440	AMMONIA/URINOUS	0.36294099262782503	0.5235535757882255
31219	AMMONIA/URINOUS	0.2349793996129717	0.3793864590781076
31276	AMMONIA/URINOUS	0.18356316430228098	0.3088434168270656
31283	AMMONIA/URINOUS	0.11483854534370559	0.2172602266073227
60998	AMMONIA/URINOUS	0.2833618436540876	0.42798236863953726
61523	AMMONIA/URINOUS	0.3053644746541977	0.440950483083725
62351	AMMONIA/URINOUS	0.34568176524979727	0.4840426317283085
62465	AMMONIA/URINOUS	0.3503115730626242	0.5292092944894519
251531	AMMONIA/URINOUS	0.1627435407468251	0.3115599198000772
440917	AMMONIA/URINOUS	0.2059910712497575	0.31794436275959015
637758	AMMONIA/URINOUS	0.15077684819698334	0.24635261722973414
1549025	AMMONIA/URINOUS	0.12356912557567869	0.2458162499325616
2733294	AMMONIA/URINOUS	0.14857535170657293	0.25251625904015135
5281167	AMMONIA/URINOUS	0.20110783193792617	0.323979914188385
5281168	AMMONIA/URINOUS	0.30946041856493267	0.44083905645779203
5318599	AMMONIA/URINOUS	0.30010192521980833	0.44637650677136015
5352837	AMMONIA/URINOUS	0.25407574432236807	0.3951694539615086
5364231	AMMONIA/URINOUS	0.17489540151187352	0.29543268254825045
262	AMMONIA/URINOUS	0.1850705529962267	0.34103746925081524
323	AMMONIA/URINOUS	0.18131865986755916	0.3327407624040331
750	AMMONIA/URINOUS	0.10124027569379125	0.24188197936330522
753	AMMONIA/URINOUS	0.16113679323877608	0.3276852071285248
962	AMMONIA/URINOUS	0.1624668219259807	0.3060541791575296
5862	AMMONIA/URINOUS	0.16395360231399536	0.3299465264592852
5962	AMMONIA/URINOUS	0.2351031686578478	0.3825063833168575
6274	AMMONIA/URINOUS	0.11386721208691597	0.2818529265267508
6322	AMMONIA/URINOUS	0.14014642792088644	0.30969248924936565
6669	AMMONIA/URINOUS	0.16341296583414078	0.2653387188911438
7137	AMMONIA/URINOUS	0.09463962912559509	0.18062943433012282
15654	AMMONIA/URINOUS	0.26928446122578215	0.44406974741390776
62089	AMMONIA/URINOUS	0.3270993317876543	0.4736650713852474
853433	AMMONIA/URINOUS	0.08918802865913936	0.1990145253283637
5371102	AMMONIA/URINOUS	0.18132930887596949	0.33756271430424284
10857465	AMMONIA/URINOUS	0.4052313779081617	0.5055897150720868
180	DECAYED	0.1208240847502436	0.3632035085133144
264	DECAYED	0.2260067973818098	0.5428796836308071
702	DECAYED	0.09298828776393618	0.31381907633372713
1031	DECAYED	0.11483269610575267	0.34862845284598215
3102	DECAYED	0.08388333714434079	0.3133207197700228
3314	DECAYED	0.0884345897606441	0.3163737824984959
6506	DECAYED	0.1067371740937233	0.33537058319364277
6544	DECAYED	0.08555100326027189	0.28933753286089214
6561	DECAYED	0.24175887661320822	0.5350881431783948
7092	DECAYED	0.05990239339215415	0.225846637572561
7302	DECAYED	0.1414504668542317	0.3917806489127023
7476	DECAYED	0.03799956451569285	0.23311682896954672
7559	DECAYED	0.06824561740670886	0.2940794676542282
7657	DECAYED	0.10012795031070709	0.33359632321766447
7770	DECAYED	0.08518505309309278	0.3174479050295694
7793	DECAYED	0.04039226924734456	0.21472551567213877
7797	DECAYED	0.053718303463288715	0.24642037919589452
8025	DECAYED	0.1341158002614975	0.3879461373601641
8049	DECAYED	0.0655074625142983	0.25569730145590647
8094	DECAYED	0.16059285402297974	0.4095073257173811
8419	DECAYED	0.06992325878569058	0.2695422981466566
8438	DECAYED	0.05559981135385377	0.23466017629419053
8468	DECAYED	0.061986561332430155	0.2432511214699064
8815	DECAYED	0.06369047984480858	0.2591646079506193
8878	DECAYED	0.07358179188200406	0.298759537083762
9012	DECAYED	0.25165142118930817	0.6008736916950771
10886	DECAYED	0.08792177587747574	0.33872403843062265
11567	DECAYED	0.08750364823000771	0.30611981238637653
12020	DECAYED	0.12918114449296678	0.38303748624665396
12265	DECAYED	0.11794020235538483	0.36776203342846464
12377	DECAYED	0.25809372535773684	0.6107871873038155
16537	DECAYED	0.0513604927275862	0.18565375251429422
17898	DECAYED	0.16232311938490188	0.4840465188026428
18467	DECAYED	0.13518296288592474	0.41980660813195364
21363	DECAYED	0.1875287698847907	0.4910978845187596
27440	DECAYED	0.17750956756728037	0.5079733218465533
31219	DECAYED	0.06218293362430164	0.2668371434722628
31276	DECAYED	0.09569736037935529	0.32693431207111906
31283	DECAYED	0.06433593854308128	0.2767347288983209
60998	DECAYED	0.1113303005695343	0.3787714583533151
61523	DECAYED	0.10652972119195121	0.346098325082234
62351	DECAYED	0.19711823335715703	0.4975093645708902
62465	DECAYED	0.11883138652358737	0.3872392773628235
251531	DECAYED	0.0494261591562203	0.2520007256950651
440917	DECAYED	0.06329093288098063	0.17495494761637279
637758	DECAYED	0.03965975982802255	0.26226710847445894
1549025	DECAYED	0.07743512785860471	0.23237669893673488
2733294	DECAYED	0.07894892671278544	0.31004344139780315
5281167	DECAYED	0.09226495985473905	0.31683821763311115
5281168	DECAYED	0.15766715364796774	0.4079770914145878
5318599	DECAYED	0.09325703659227916	0.3254574111529759
5352837	DECAYED	0.0779613655592714	0.29073101707867216
5364231	DECAYED	0.08770700650555747	0.31855936135564533
262	DECAYED	0.06602955769215312	0.25593021512031555
323	DECAYED	0.07360569973077093	0.2584042783294405
750	DECAYED	0.06745743272559983	0.2419323090996061
753	DECAYED	0.06054923843060221	0.2547432226794107
962	DECAYED	0.054842584899493625	0.24733693259102957
5862	DECAYED	0.13825729489326477	0.3716980687209538
5962	DECAYED	0.1100347148520606	0.3605094850063324
6274	DECAYED	0.060279855238539834	0.2598761362688882
6322	DECAYED	0.054200236818620136	0.27052795248372213
6669	DECAYED	0.048845525830984116	0.23975962613310134
7137	DECAYED	0.03964898894940104	0.24967169335910253
15654	DECAYED	0.15957570927483694	0.4697488418647221
62089	DECAYED	0.14453628020627157	0.4084246712071555
853433	DECAYED	0.06501337619764465	0.26874067953654696
5371102	DECAYED	0.05416836163827351	0.24003013329846518
10857465	DECAYED	0.1110285956944738	0.3732434596334185
180	WOOD	0.18524083708013808	0.31975471547671724
264	WOOD	0.12952476260917528	0.29991725938660757
702	WOOD	0.23387821870190756	0.38139418193272184
1031	WOOD	0.20470623672008514	0.3563918173313141
3102	WOOD	0.24324330687522888	0.4310900185789381
3314	WOOD	0.32342104826654705	0.5046120584011078
6506	WOOD	0.224036876644407	0.40978161352021353
6544	WOOD	0.2449622196810586	0.4079332096236093
6561	WOOD	0.21375092012541635	0.3608497551509312
7092	WOOD	0.2169750417981829	0.3724897163254874
7302	WOOD	0.347201155764716	0.5348832181521824
7476	WOOD	0.1475318478686469	0.3174441031047276
7559	WOOD	0.08347460627555847	0.22920095494815282
7657	WOOD	0.23038574840341294	0.4109701131071363
7770	WOOD	0.07921693953020233	0.19220116521630967
7793	WOOD	0.2192116039139884	0.376946679183415
7797	WOOD	0.11830176945243563	0.24727551426206315
8025	WOOD	0.1499122040612357	0.2694498321839741
8049	WOOD	0.2507024620260511	0.4100725735936846
8094	WOOD	0.28388704146657673	0.48126513617379324
8419	WOOD	0.28652321653706686	0.44815536907741
8438	WOOD	0.2200718798807689	0.36781005348478046
8468	WOOD	0.35658920662743704	0.5276404576642173
8815	WOOD	0.2017115354537964	0.38501917464392527
8878	WOOD	0.13042424619197845	0.2863456372703825
9012	WOOD	0.22509518904345377	0.407336950302124
10886	WOOD	0.1368572222334998	0.2725205847195217
11567	WOOD	0.292844934122903	0.4480102871145521
12020	WOOD	0.22818701607840403	0.40308521900858196
12265	WOOD	0.24880150599139078	0.4276849627494812
12377	WOOD	0.14667280444077083	0.30767505509512766
16537	WOOD	0.22863724189145224	0.3787715903350285
17898	WOOD	0.5565804668835231	0.7745495949472699
18467	WOOD	0.43728361810956684	0.646720656326839
21363	WOOD	0.19000051064150675	0.3519963664667947
27440	WOOD	0.41897618770599365	0.6352769902774266
31219	WOOD	0.10843641523803983	0.2174730726650783
31276	WOOD	0.05817450050796781	0.1633927779538291
31283	WOOD	0.30240691133907865	0.5016887571130481
60998	WOOD	0.1338563369853156	0.2731929293700627
61523	WOOD	0.26967737078666687	0.4632781914302281
62351	WOOD	0.25051464566162657	0.44184774586132597
62465	WOOD	0.4202884946550642	0.6313146182468959
251531	WOOD	0.16903205854552134	0.33342171141079496
440917	WOOD	0.2608976385423115	0.4652924580233438
637758	WOOD	0.14240240092788423	0.28071215748786926
1549025	WOOD	0.1657222615821021	0.2753505919660841
2733294	WOOD	0.11055337850536619	0.2492436787911824
5281167	WOOD	0.16911508249385016	0.3336350108895983
5281168	WOOD	0.2619683508362089	0.4471121345247541
5318599	WOOD	0.2834919137614114	0.48165967208998545
5352837	WOOD	0.24473612649100168	0.4355794744832175
5364231	WOOD	0.21770151810986654	0.3897570329053061
262	WOOD	0.3292554702077593	0.5061188169888088
323	WOOD	0.2910285783665521	0.46894538402557373
750	WOOD	0.33795030202184406	0.51423579454422
753	WOOD	0.3545268646308354	0.529619140284402
962	WOOD	0.3315898137433188	0.48903805017471313
5862	WOOD	0.2725002999816622	0.44483048149517607
5962	WOOD	0.31028151512145996	0.5140100887843541
6274	WOOD	0.4256752346243177	0.6183285202298846
6322	WOOD	0.39196741580963135	0.5852116176060268
6669	WOOD	0.31959480898720877	0.5025164229529244
7137	WOOD	0.2126750030687877	0.39647787383624483
15654	WOOD	0.3666715281350272	0.576106139591762
62089	WOOD	0.3142028727701732	0.5182604023388454
853433	WOOD	0.2783656631197248	0.4411192919526781
5371102	WOOD	0.20833675137587956	0.39813717773982454
10857465	WOOD	0.344171336718968	0.578760061945234
180	GRASS	0.09667488560080528	0.26959111222199034
264	GRASS	0.05317633120076997	0.15529618092945643
702	GRASS	0.09930318061794553	0.25708590022155214
1031	GRASS	0.08570214573826108	0.23400345870426723
3102	GRASS	0.07901761095438685	0.2505044404949461
3314	GRASS	0.06628538987466268	0.19266409533364431
6506	GRASS	0.08278529984610421	0.22302922819341933
6544	GRASS	0.1684412807226181	0.3614210145814078
6561	GRASS	0.09704531250255448	0.2655774823256901
7092	GRASS	0.08930914636169161	0.23275174626282283
7302	GRASS	0.0744423610823495	0.21986020249979837
7476	GRASS	0.12416157977921623	0.2831347393138068
7559	GRASS	0.11209470672266823	0.26492391526699066
7657	GRASS	0.1164788231253624	0.30376007727214266
7770	GRASS	0.06524137141449111	0.22329404311520712
7793	GRASS	0.19351762958935328	0.44049222128731863
7797	GRASS	0.16499764578683035	0.33473571709224154
8025	GRASS	0.07246268380965505	0.21837668759482248
8049	GRASS	0.07762717508843966	0.222579049212592
8094	GRASS	0.09023473411798477	0.23877267752374923
8419	GRASS	0.06376418737428528	0.19174924492835999
8438	GRASS	0.07752463221549988	0.21307162514754704
8468	GRASS	0.09996819176844188	0.2598918889250074
8815	GRASS	0.1228435103382383	0.2705933323928288
8878	GRASS	0.09828419983386993	0.25689289612429483
9012	GRASS	0.06979625033480781	0.2230202087334224
10886	GRASS	0.14227914384433202	0.31144119586263386
11567	GRASS	0.10535229848963874	0.2864031770399639
12020	GRASS	0.09097239375114441	0.2630818166903087
12265	GRASS	0.0836809298821858	0.23733451962471008
12377	GRASS	0.15047383734158107	0.332656340939658
16537	GRASS	0.24921967940671103	0.4842657744884491
17898	GRASS	0.10220767451184136	0.31356264863695416
18467	GRASS	0.08095964789390564	0.26060677213328226
21363	GRASS	0.06832002262984004	0.19737786480358668
27440	GRASS	0.12452976192746844	0.3106629635606493
31219	GRASS	0.07315761489527565	0.20362122782639094
31276	GRASS	0.07388044467994145	0.24683621100017003
31283	GRASS	0.056432119969810755	0.18455714200224196
60998	GRASS	0.09268944816929954	0.21689158465181077
61523	GRASS	0.28000872475760324	0.5267326533794403
62351	GRASS	0.10117501339742116	0.28754512327057974
62465	GRASS	0.06432467699050903	0.21971861592360906
251531	GRASS	0.12382114040000099	0.27899753195898874
440917	GRASS	0.1624551181282316	0.40011182001658846
637758	GRASS	0.061387378190244944	0.1732095011643001
1549025	GRASS	0.18993268055575235	0.4009544423648289
2733294	GRASS	0.23050910021577561	0.415280465568815
5281167	GRASS	0.37961442129952566	0.6067330411502293
5281168	GRASS	0.23189876335007803	0.42427956632205416
5318599	GRASS	0.22585418820381165	0.4180025500910623
5352837	GRASS	0.307346556867872	0.525922064270292
5364231	GRASS	0.2936065878186907	0.4910056548459189
262	GRASS	0.11455929811511721	0.29707819649151396
323	GRASS	0.0802218344594751	0.2359925870384489
750	GRASS	0.09592422523668834	0.2537016826016562
753	GRASS	0.10271901318005153	0.2737758925982884
962	GRASS	0.10099946388176509	0.26604036135332926
5862	GRASS	0.07524369923131806	0.22389913031033107
5962	GRASS	0.08581657707691193	0.22770731789725168
6274	GRASS	0.11014187655278615	0.31527856843812124
6322	GRASS	0.09938110943351473	0.2691705567496164
6669	GRASS	0.09279210014002663	0.2626637603555407
7137	GRASS	0.068274694361857	0.21923219944749558
15654	GRASS	0.09062627170767103	0.2401079727070672
62089	GRASS	0.05585288841809545	0.22270020416804723
853433	GRASS	0.04977298155426979	0.1725137723343713
5371102	GRASS	0.1916797970022474	0.38725229672023226
10857465	GRASS	0.1409769845860345	0.37179612261908396
180	FLOWER	0.12851549046380178	0.32232112543923513
264	FLOWER	0.10755859315395355	0.2843501844576427
702	FLOWER	0.14980522862502507	0.3859159307820456
1031	FLOWER	0.13471989865813935	0.3587269186973572
3102	FLOWER	0.18990258021014078	0.4424653436456408
3314	FLOWER	0.17056114226579666	0.4440230429172516
6506	FLOWER	0.13411505626780645	0.33842896137918743
6544	FLOWER	0.2168389516217368	0.47343383942331585
6561	FLOWER	0.056134137724127085	0.2193074609552111
7092	FLOWER	0.24965321804795945	0.5286002499716622
7302	FLOWER	0.0710152020411832	0.24022978331361497
7476	FLOWER	0.4586030755724226	0.731526894228799
7559	FLOWER	0.42899057269096375	0.751300471169608
7657	FLOWER	0.17978900245257787	0.4119995193822043
7770	FLOWER	0.2956812509468624	0.5780437758990696
7793	FLOWER	0.4945994530405317	0.8086886576243809
7797	FLOWER	0.3654996795313699	0.628999650478363
8025	FLOWER	0.12974237544195993	0.3224679103919438
8049	FLOWER	0.2285423151084355	0.4813275507518223
8094	FLOWER	0.11969247247491564	0.3051979499203818
8419	FLOWER	0.23217224861894334	0.5168765570436206
8438	FLOWER	0.28199385532311033	0.5552321672439575
8468	FLOWER	0.20995179670197622	0.5043364422661918
8815	FLOWER	0.21735983448369162	0.48571472082819256
8878	FLOWER	0.3202261584145682	0.5895794544901166
9012	FLOWER	0.05537563668830054	0.1545213003243719
10886	FLOWER	0.2888618750231607	0.5466826132365635
11567	FLOWER	0.12382617167064122	0.3915180436202458
12020	FLOWER	0.09525285235473088	0.27968229353427887
12265	FLOWER	0.11044120149953025	0.2943297433001654
12377	FLOWER	0.07250978957329478	0.18810161735330308
16537	FLOWER	0.3853254403386797	0.6429291793278286
17898	FLOWER	0.0446117738527911	0.17454983932631357
18467	FLOWER	0.07187538594007492	0.23008799978664943
21363	FLOWER	0.2135888103927885	0.44104533536093576
27440	FLOWER	0.08207418184195246	0.1949187708752496
31219	FLOWER	0.3968605101108551	0.7027039102145604
31276	FLOWER	0.28968851055417744	0.5783879544053759
31283	FLOWER	0.22133250108786992	0.45253113763672964
60998	FLOWER	0.35776128087724957	0.6438754711832319
61523	FLOWER	0.28980953778539387	0.5313873716763088
62351	FLOWER	0.09601004421710968	0.24206601083278656
62465	FLOWER	0.11400244810751506	0.3473101726600102
251531	FLOWER	0.4030099468571799	0.679724667753492
440917	FLOWER	0.28091239290578024	0.5314052445547921
637758	FLOWER	0.37022597449166433	0.6765348826135907
1549025	FLOWER	0.35059432472501484	0.6103350860731942
2733294	FLOWER	0.34199404290744234	0.5852873027324677
5281167	FLOWER	0.3071272245475224	0.552168641771589
5281168	FLOWER	0.16911017043249948	0.3481307796069554
5318599	FLOWER	0.2174267577273505	0.46676709396498545
5352837	FLOWER	0.2497640997171402	0.5106672389166695
5364231	FLOWER	0.2390670222895486	0.4800258917467935
262	FLOWER	0.1928889900445938	0.46094393730163574
323	FLOWER	0.24945663341454097	0.5195032954216003
750	FLOWER	0.19090381264686584	0.4301831041063581
753	FLOWER	0.16913376535688127	0.43920175092560904
962	FLOWER	0.24974108806678227	0.5387365051678249
5862	FLOWER	0.11139832543475288	0.2909649525369917
5962	FLOWER	0.1613031987633024	0.34686340604509625
6274	FLOWER	0.17886981580938613	0.44662014075687956
6322	FLOWER	0.20117154930319106	0.45153166140828815
6669	FLOWER	0.37436143841062275	0.6648585796356201
7137	FLOWER	0.3267168870994023	0.6310510294778007
15654	FLOWER	0.08116367406078748	0.17260158913476126
62089	FLOWER	0.10366429707833699	0.30665060026305063
853433	FLOWER	0.21385100058146886	0.5113967103617532
5371102	FLOWER	0.3461888475077493	0.6385745406150818
10857465	FLOWER	0.42065742186137606	0.6311952642032078
180	CHEMICAL	0.3737586566380092	0.6510441984449115
264	CHEMICAL	0.22331982212407248	0.5443553115640368
702	CHEMICAL	0.21363057834761484	0.5330877133778164
1031	CHEMICAL	0.21746624367577688	0.537959132875715
3102	CHEMICAL	0.37287997347967966	0.6709310497556414
3314	CHEMICAL	0.2323194295167923	0.5570497683116368
6506	CHEMICAL	0.2256910183600017	0.5295767741543906
6544	CHEMICAL	0.40258202808243887	0.7117639694895063
6561	CHEMICAL	0.40534082480839323	0.7048947470528739
7092	CHEMICAL	0.21855823695659637	0.5159382692405156
7302	CHEMICAL	0.29030938020774294	0.5815316438674927
7476	CHEMICAL	0.18192035491977418	0.5642211139202118
7559	CHEMICAL	0.3547019234725407	0.7178115248680115
7657	CHEMICAL	0.3476366698741913	0.6541789940425328
7770	CHEMICAL	0.2985428443976811	0.6515286479677472
7793	CHEMICAL	0.28055840730667114	0.6257322430610657
7797	CHEMICAL	0.17940036739621842	0.4980184052671705
8025	CHEMICAL	0.279009080358914	0.5850392409733364
8049	CHEMICAL	0.19292050812925612	0.48947492241859436
8094	CHEMICAL	0.33323695404188974	0.6501453007970538
8419	CHEMICAL	0.20742636919021606	0.5142458762441363
8438	CHEMICAL	0.1873556056192943	0.49277965085847036
8468	CHEMICAL	0.20785657848630631	0.5002081905092511
8815	CHEMICAL	0.26908473670482635	0.6010739633015224
8878	CHEMICAL	0.2265430007662092	0.5743872438158307
9012	CHEMICAL	0.2569518323455538	0.5989825044359479
10886	CHEMICAL	0.24018954166344234	0.5875096917152405
11567	CHEMICAL	0.7034803714071002	0.8978822827339172
12020	CHEMICAL	0.5264734753540584	0.7777069466454642
12265	CHEMICAL	0.4897561115877969	0.7469747407095773
12377	CHEMICAL	0.20680840739182063	0.5604695379734039
16537	CHEMICAL	0.31933772563934326	0.6364202499389648
17898	CHEMICAL	0.3236380027873175	0.631289907864162
18467	CHEMICAL	0.30198369707380024	0.5904857260840279
21363	CHEMICAL	0.26044562458992004	0.5963019260338375
27440	CHEMICAL	0.3206346162727901	0.6277165412902832
31219	CHEMICAL	0.31455245188304354	0.6549827541623797
31276	CHEMICAL	0.3266233503818512	0.6791869231632778
31283	CHEMICAL	0.1992405035666057	0.5002000204154423
60998	CHEMICAL	0.19722265005111694	0.5510314660412925
61523	CHEMICAL	0.3017563096114567	0.656685335295541
62351	CHEMICAL	0.24755726541791642	0.5932484652314868
62465	CHEMICAL	0.4291710044656481	0.7379242266927447
251531	CHEMICAL	0.2258737555571965	0.5614282829420907
440917	CHEMICAL	0.44565574186188833	0.6793934788022723
637758	CHEMICAL	0.18341808872563498	0.5168529238019671
1549025	CHEMICAL	0.2591292879411152	0.5923378169536591
2733294	CHEMICAL	0.24846328794956207	0.5959584968430656
5281167	CHEMICAL	0.2683086778436388	0.6227759122848511
5281168	CHEMICAL	0.3374480094228472	0.6579656600952148
5318599	CHEMICAL	0.4141932044710432	0.7311347808156695
5352837	CHEMICAL	0.36697871344430105	0.6948731456484113
5364231	CHEMICAL	0.23755766664232528	0.564759373664856
262	CHEMICAL	0.28595707033361706	0.5796714510236468
323	CHEMICAL	0.2624428527695792	0.5735378520829337
750	CHEMICAL	0.17399332885231292	0.46231996161597116
753	CHEMICAL	0.26663240790367126	0.5683647351605552
962	CHEMICAL	0.26308866483824594	0.5675384146826608
5862	CHEMICAL	0.1569428646138736	0.4540093881743295
5962	CHEMICAL	0.22572676837444305	0.5344925778252738
6274	CHEMICAL	0.22911663353443146	0.5248726095472064
6322	CHEMICAL	0.22610121965408325	0.5350310589585986
6669	CHEMICAL	0.20976950228214264	0.5155655230794635
7137	CHEMICAL	0.18684037455490657	0.5037883690425328
15654	CHEMICAL	0.22722504607268743	0.51678153020995
62089	CHEMICAL	0.3638418103967394	0.6816264476094928
853433	CHEMICAL	0.1971103847026825	0.5000207722187042
5371102	CHEMICAL	0.2986003926822117	0.6345117773328509
10857465	CHEMICAL	0.38365495630673	0.7653161798204694
