oID	descriptor	value	sigma
356	INTENSITY/STRENGTH	0.29442661574908663	0.6318190523556301
460	INTENSITY/STRENGTH	0.6557308690888541	0.7131110259464809
3776	INTENSITY/STRENGTH	0.3604606645447867	0.6650683283805847
6560	INTENSITY/STRENGTH	0.35666005526270184	0.6480428831917899
6826	INTENSITY/STRENGTH	0.4213775396347046	0.6470146008900234
7047	INTENSITY/STRENGTH	0.39251809886523653	0.5952750785010201
7150	INTENSITY/STRENGTH	0.5445941388607025	0.7211224862507412
7165	INTENSITY/STRENGTH	0.5408180824347905	0.71232008934021
7635	INTENSITY/STRENGTH	0.5528741010597774	0.7121145725250244
7799	INTENSITY/STRENGTH	0.48204163568360464	0.6711047802652631
8051	INTENSITY/STRENGTH	0.6184320024081639	0.7218970060348511
8125	INTENSITY/STRENGTH	0.3750162592955998	0.6494549087115696
8159	INTENSITY/STRENGTH	0.5920753564153399	0.7349139196532113
8184	INTENSITY/STRENGTH	0.5038137350763593	0.7278855953897748
8186	INTENSITY/STRENGTH	0.47874440465654644	0.7111899512154716
8193	INTENSITY/STRENGTH	0.45913769943373545	0.6972534230777195
8294	INTENSITY/STRENGTH	0.571074481521334	0.6950264487947736
10364	INTENSITY/STRENGTH	0.6928049836839948	0.7202293532235282
10882	INTENSITY/STRENGTH	0.7400861637932914	0.7897254484040397
11086	INTENSITY/STRENGTH	0.4157286967550005	0.6393234985215324
15510	INTENSITY/STRENGTH	0.596902072429657	0.6752975072179522
16324	INTENSITY/STRENGTH	0.5229751723153251	0.7535426531519208
17617	INTENSITY/STRENGTH	0.44410804765565054	0.7057006018502372
18827	INTENSITY/STRENGTH	0.5914612753050668	0.7000141569546291
19310	INTENSITY/STRENGTH	0.6126271401132856	0.7195359979357038
23235	INTENSITY/STRENGTH	0.29136453568935394	0.6237296547208514
31272	INTENSITY/STRENGTH	0.5451700602258954	0.7542815123285566
33032	INTENSITY/STRENGTH	0.15408562336649215	0.5469477304390499
62087	INTENSITY/STRENGTH	0.5739390424319676	0.6845734715461731
62375	INTENSITY/STRENGTH	0.5320405278887067	0.7025443485804966
62444	INTENSITY/STRENGTH	0.6633959838322231	0.7291630591664996
228769	INTENSITY/STRENGTH	0.31050468342644827	0.6425534997667585
519539	INTENSITY/STRENGTH	0.6780716521399361	0.6734928488731384
520296	INTENSITY/STRENGTH	0.3317772660936628	0.6453639694622585
521238	INTENSITY/STRENGTH	0.5172615349292755	0.7023785540035793
1549026	INTENSITY/STRENGTH	0.5568956008979252	0.7001883217266628
5355850	INTENSITY/STRENGTH	0.5156712191445487	0.7781915068626404
5362814	INTENSITY/STRENGTH	0.7469572595187596	0.7488327026367188
5779	INTENSITY/STRENGTH	0.3465969605105264	0.6117512668882098
6106	INTENSITY/STRENGTH	0.2114348922457014	0.5959818107741219
5366244	INTENSITY/STRENGTH	0.43358726160866873	0.6629921879087176
356	VALENCE/PLEASANTNESS	0.45777193563325064	0.606138357094356
460	VALENCE/PLEASANTNESS	0.3856295006615775	0.6860238654272897
3776	VALENCE/PLEASANTNESS	0.5326433948108128	0.6752586960792542
6560	VALENCE/PLEASANTNESS	0.4727432259491512	0.6469412360872541
6826	VALENCE/PLEASANTNESS	0.5980771780014038	0.6732080238206046
7047	VALENCE/PLEASANTNESS	0.41870791571480886	0.591521075793675
7150	VALENCE/PLEASANTNESS	0.5788018022264753	0.7292765719549996
7165	VALENCE/PLEASANTNESS	0.6327930859157017	0.7090845448630196
7635	VALENCE/PLEASANTNESS	0.7127673966544015	0.660599308354514
7799	VALENCE/PLEASANTNESS	0.7243681379726955	0.6207029308591571
8051	VALENCE/PLEASANTNESS	0.5697241766112191	0.6951147317886353
8125	VALENCE/PLEASANTNESS	0.4143516080720084	0.601304156439645
8159	VALENCE/PLEASANTNESS	0.6933084726333618	0.6951537387711662
8184	VALENCE/PLEASANTNESS	0.4519516485077994	0.6309602856636047
8186	VALENCE/PLEASANTNESS	0.43962419458798	0.590313366481236
8193	VALENCE/PLEASANTNESS	0.4483019326414381	0.6186257004737854
8294	VALENCE/PLEASANTNESS	0.7832137857164655	0.6250705122947693
10364	VALENCE/PLEASANTNESS	0.44522818071501596	0.7337105529648917
10882	VALENCE/PLEASANTNESS	0.8391784770148141	0.7121765613555908
11086	VALENCE/PLEASANTNESS	0.6511095932551793	0.6764067581721714
15510	VALENCE/PLEASANTNESS	0.23881891795567103	0.6270293934004647
16324	VALENCE/PLEASANTNESS	0.6077240109443665	0.7074534552437919
17617	VALENCE/PLEASANTNESS	0.6083291172981262	0.6708154167447772
18827	VALENCE/PLEASANTNESS	0.3776938532079969	0.6302428160394941
19310	VALENCE/PLEASANTNESS	0.2099761324269431	0.6321767909186227
23235	VALENCE/PLEASANTNESS	0.5606464232717242	0.6395754132952008
31272	VALENCE/PLEASANTNESS	0.606004502092089	0.7352331706455776
33032	VALENCE/PLEASANTNESS	0.5986642496926444	0.640051577772413
62087	VALENCE/PLEASANTNESS	0.2508732335908072	0.6462979487010411
62375	VALENCE/PLEASANTNESS	0.48781290650367737	0.6960549780300685
62444	VALENCE/PLEASANTNESS	0.24618000430720194	0.6345183082989284
228769	VALENCE/PLEASANTNESS	0.5910698856626239	0.6430911421775818
519539	VALENCE/PLEASANTNESS	0.41912375177655903	0.6461070435387748
520296	VALENCE/PLEASANTNESS	0.6087664110319955	0.5980232272829328
521238	VALENCE/PLEASANTNESS	0.6538260579109192	0.6647934828485761
1549026	VALENCE/PLEASANTNESS	0.6924853920936584	0.642411368233817
5355850	VALENCE/PLEASANTNESS	0.6349478619439262	0.7167849796158927
5362814	VALENCE/PLEASANTNESS	0.5416585888181414	0.7012202484267098
5779	VALENCE/PLEASANTNESS	0.5007841970239367	0.6785254563604083
6106	VALENCE/PLEASANTNESS	0.5079272900308881	0.6104868480137416
5366244	VALENCE/PLEASANTNESS	0.547908250774656	0.6378535202571324
356	BAKERY	0.0435033163854054	0.16445457296712057
460	BAKERY	0.07360678112932614	0.2294700358595167
3776	BAKERY	0.05205913047705378	0.17588880871023452
6560	BAKERY	0.05944023813520159	0.24165666103363037
6826	BAKERY	0.04722703753837517	0.19382856786251068
7047	BAKERY	0.060464467853307724	0.20307887664863042
7150	BAKERY	0.023831585821296488	0.15080550738743373
7165	BAKERY	0.04632369242608547	0.20511061591761454
7635	BAKERY	0.08405323326587677	0.2724627149956567
7799	BAKERY	0.09996718594006129	0.32548644712993074
8051	BAKERY	0.03208060083644731	0.19653855689934321
8125	BAKERY	0.03505830014390605	0.17153125362736837
8159	BAKERY	0.06365595305604595	0.28716435602733065
8184	BAKERY	0.026269755459257534	0.06980078481137753
8186	BAKERY	0.03607989315475736	0.11496643934931074
8193	BAKERY	0.03213923278131655	0.08735356000917298
8294	BAKERY	0.09019500283258301	0.24119055484022414
10364	BAKERY	0.05985918082296848	0.18305307839597976
10882	BAKERY	0.13308402576616832	0.41834284578050884
11086	BAKERY	0.06346751004457474	0.22911241224833898
15510	BAKERY	0.06272606924176216	0.3070687566484724
16324	BAKERY	0.06795404266033854	0.2979559430054256
17617	BAKERY	0.060521877237728665	0.27165078052452635
18827	BAKERY	0.035914837648825984	0.16503914552075521
19310	BAKERY	0.05568923428654671	0.2625496770654406
23235	BAKERY	0.033211766343031614	0.15667838283947536
31272	BAKERY	0.05350091388182981	0.26688438653945923
33032	BAKERY	0.09711053648165294	0.29625087550708223
62087	BAKERY	0.08683071019394058	0.34509041905403137
62375	BAKERY	0.0268817629132952	0.10231571325234004
62444	BAKERY	0.040367117417710166	0.22672710248402186
228769	BAKERY	0.05800764422331538	0.20986074847834452
519539	BAKERY	0.05382713941591127	0.2638757463012423
520296	BAKERY	0.10894074610301427	0.3101682662963867
521238	BAKERY	0.05922211280890873	0.22543275356292725
1549026	BAKERY	0.09620380188737597	0.24518693770681108
5355850	BAKERY	0.13792738850627626	0.3896397905690329
5362814	BAKERY	0.03633020179612296	0.17130705075604574
5779	BAKERY	0.13235718863351004	0.38309637563569204
6106	BAKERY	0.0805470198392868	0.2956625052860805
5366244	BAKERY	0.06153564208320209	0.21517114554132735
356	SWEET	0.10733188901628767	0.37272848401750835
460	SWEET	0.09919735469988414	0.3819111245019095
3776	SWEET	0.16510434235845292	0.5306542898927417
6560	SWEET	0.17495923170021602	0.5183905959129333
6826	SWEET	0.30432418627398355	0.6841596024377006
7047	SWEET	0.10223868489265442	0.37849402001925875
7150	SWEET	0.27409779386860983	0.6825331960405622
7165	SWEET	0.36974959288324627	0.7623164398329598
7635	SWEET	0.4522172851221902	0.7993047322545733
7799	SWEET	0.48768370917865206	0.8189218470028469
8051	SWEET	0.33436218755585806	0.6865133558000837
8125	SWEET	0.09652900057179588	0.3361927994659969
8159	SWEET	0.47527279598372324	0.8444824133600507
8184	SWEET	0.12391354462930135	0.4168649656432016
8186	SWEET	0.10849492464746747	0.39388591051101685
8193	SWEET	0.12339652542557035	0.41575850759233746
8294	SWEET	0.4435031797204699	0.77886734689985
10364	SWEET	0.12293478367584092	0.4482596772057669
10882	SWEET	0.6984648704528809	1.0299508912222726
11086	SWEET	0.3679925331047603	0.7446265135492597
15510	SWEET	0.037558596049036296	0.1708093285560608
16324	SWEET	0.412312707730702	0.8087183066776821
17617	SWEET	0.38942322986466543	0.7707193834441048
18827	SWEET	0.08972048120839256	0.37393110564776827
19310	SWEET	0.036558251295770915	0.14706221222877502
23235	SWEET	0.20631062345845358	0.5958633593150547
31272	SWEET	0.3973707003252847	0.8217900480542865
33032	SWEET	0.20745705493858882	0.5750818763460431
62087	SWEET	0.06569242317761693	0.22745402370180404
62375	SWEET	0.13264738661902292	0.44677349073546274
62444	SWEET	0.05659090248601777	0.1914369570357459
228769	SWEET	0.2859853208065033	0.6639532787459237
519539	SWEET	0.11361961598907198	0.41278110231672016
520296	SWEET	0.3120990438120706	0.6733788166727338
521238	SWEET	0.3698947387082236	0.7303188102585929
1549026	SWEET	0.3972428696496146	0.7329759682927813
5355850	SWEET	0.39315938523837496	0.7913313422884259
5362814	SWEET	0.2357549284185682	0.5749150088855198
5779	SWEET	0.1654199766261237	0.5372132233210972
6106	SWEET	0.16767790913581848	0.5009785677705493
5366244	SWEET	0.22074645544801438	0.570053049496242
356	FRUIT	0.07398574027631964	0.20323717594146729
460	FRUIT	0.057326430188758035	0.19446167136941636
3776	FRUIT	0.11325951984950475	0.3093921031270708
6560	FRUIT	0.13129710193191255	0.33668340529714313
6826	FRUIT	0.23874326050281525	0.48780483858925955
7047	FRUIT	0.06173362529703549	0.16490676999092102
7150	FRUIT	0.2101218615259443	0.5047497579029628
7165	FRUIT	0.29964032769203186	0.5915443641798837
7635	FRUIT	0.4217500686645508	0.6939853600093296
7799	FRUIT	0.4534800180367061	0.6963401436805725
8051	FRUIT	0.32293051906994413	0.6028925010136196
8125	FRUIT	0.07515085861086845	0.1850991312946592
8159	FRUIT	0.4667426901204245	0.7544600793293544
8184	FRUIT	0.08780561919723238	0.280000524861472
8186	FRUIT	0.07773896679282188	0.2641227053744452
8193	FRUIT	0.08193367826087135	0.26434016653469633
8294	FRUIT	0.409169465303421	0.6494278311729431
10364	FRUIT	0.04390417571578707	0.23072378550257003
10882	FRUIT	0.7122223206928798	0.9558439425059727
11086	FRUIT	0.26412623269217356	0.5053987034729549
15510	FRUIT	0.031319323394979746	0.07882908784917422
16324	FRUIT	0.40088484968457905	0.6921704922403608
17617	FRUIT	0.35251572728157043	0.6025155356952122
18827	FRUIT	0.09490530086415154	0.2646889899458204
19310	FRUIT	0.03387380936848266	0.10689046925732068
23235	FRUIT	0.11743856647184917	0.36405095032283236
31272	FRUIT	0.3653300958020346	0.6687469823019845
33032	FRUIT	0.09205422390784536	0.22602943863187516
62087	FRUIT	0.045909344883901734	0.12819701539618628
62375	FRUIT	0.12391893991402217	0.3425717226096562
62444	FRUIT	0.07125460196818624	0.17241044555391585
228769	FRUIT	0.21874269204480307	0.46315063749040875
519539	FRUIT	0.135101780295372	0.25957827057157246
520296	FRUIT	0.20695156497614725	0.4464415396962847
521238	FRUIT	0.33290610568864004	0.6178233623504639
1549026	FRUIT	0.38049317257744925	0.6489364675113133
5355850	FRUIT	0.23960307666233607	0.511058794600623
5362814	FRUIT	0.2953114552157266	0.5487350566046578
5779	FRUIT	0.08722567984036037	0.2538944674389703
6106	FRUIT	0.10475431169782366	0.24237396674496786
5366244	FRUIT	0.12023017661912101	0.30862381628581453
356	FISH	0.06277863974017757	0.13438009257827485
460	FISH	0.12162056884595326	0.22229988234383719
3776	FISH	0.013488655909895897	0.06382378989032336
6560	FISH	0.08585353475064039	0.1777815424970218
6826	FISH	0.03322614516530718	0.055338011256286075
7047	FISH	0.08654208587748664	0.1897788324526378
7150	FISH	0.039244569039770534	0.03854677001280444
7165	FISH	0.026815842304910933	0.04259536135941744
7635	FISH	0.04591093372021403	0.05176679656973907
7799	FISH	0.024576112627983093	0.043352622272712846
8051	FISH	0.039967543977711885	0.08317907207778522
8125	FISH	0.1088764885706561	0.21274556006704057
8159	FISH	0.025828786992600987	0.03871549426444939
8184	FISH	0.033253200485238006	0.08213629467146737
8186	FISH	0.026659330087048665	0.0879420382635934
8193	FISH	0.034657975392682214	0.08871339740497726
8294	FISH	0.023479266624365534	-0.03002658419843231
10364	FISH	0.06862257208142962	0.12334112397262029
10882	FISH	0.016027180344930718	0.023699012185846056
11086	FISH	0.02985091507434845	0.08020942764622825
15510	FISH	0.4350304731300899	0.6471146174839565
16324	FISH	0.04221456551126072	0.09254865401557513
17617	FISH	0.04335174935736826	0.10783798886196953
18827	FISH	0.11636966999088015	0.228205144405365
19310	FISH	0.4782594399792807	0.7084031445639474
23235	FISH	0.04665983282029629	0.0972041402544294
31272	FISH	0.03668874741664955	0.06817636106695447
33032	FISH	0.02848347901765789	0.05882574019155332
62087	FISH	0.41274490526744295	0.629641422203609
62375	FISH	0.08197738762412753	0.16832548273461206
62444	FISH	0.40590211749076843	0.5940332625593457
228769	FISH	0.03599400445818901	0.08111536928585597
519539	FISH	0.1540316492319107	0.278054090482848
520296	FISH	0.03928112198731729	0.03568877758724349
521238	FISH	0.03185548899429185	0.05500900319644383
1549026	FISH	0.08663685087646757	0.08211445196398667
5355850	FISH	0.025245765889329568	0.09586762636899948
5362814	FISH	0.06634180886404854	0.14550153485366277
5779	FISH	0.07013590208121709	0.15175119042396545
6106	FISH	0.061930064644132345	0.11723296450717109
5366244	FISH	0.06767780573240348	0.13290794087307795
356	GARLIC	0.11154512954609734	0.2609898107392447
460	GARLIC	0.09731485056025642	0.23418245145252772
3776	GARLIC	0.07310933327036244	0.19123073560850962
6560	GARLIC	0.13541652475084578	0.33015621985707966
6826	GARLIC	0.06622047669121198	0.15892982482910156
7047	GARLIC	0.09891186814223017	0.2510241227490561
7150	GARLIC	0.06676788362009185	0.1473342158964702
7165	GARLIC	0.06091230788401195	0.13026614380734308
7635	GARLIC	0.05548291387302535	0.17643363773822784
7799	GARLIC	0.049899709544011524	0.16029752152306692
8051	GARLIC	0.0763164194566863	0.1938097200223378
8125	GARLIC	0.1475350015929767	0.30770397399153027
8159	GARLIC	0.05181785513247762	0.151675888470241
8184	GARLIC	0.07427021861076355	0.21720758293356215
8186	GARLIC	0.08027224242687225	0.25073149374553133
8193	GARLIC	0.07523410288350922	0.2274962557213647
8294	GARLIC	0.06950078053133828	0.1454146099942071
10364	GARLIC	0.0797390096953937	0.21015977220875875
10882	GARLIC	0.041038371356470246	0.1065398742045675
11086	GARLIC	0.05594823615891593	0.14487198101622717
15510	GARLIC	0.4572583777563913	0.6859481675284249
16324	GARLIC	0.08896970110280174	0.20948425361088344
17617	GARLIC	0.09161751610892159	0.24121342386518205
18827	GARLIC	0.132862922336374	0.3160656009401594
19310	GARLIC	0.5185925364494324	0.7520866394042969
23235	GARLIC	0.07505157643130847	0.2299221647637231
31272	GARLIC	0.08115369347589356	0.18244709500244685
33032	GARLIC	0.0863578947527068	0.2584149305309568
62087	GARLIC	0.48859590717724394	0.7152199574879238
62375	GARLIC	0.07510009886963027	0.21367287848676955
62444	GARLIC	0.4092040019375937	0.6365526403699603
228769	GARLIC	0.07432893876518522	0.23715175901140487
519539	GARLIC	0.1362327060529164	0.30907322253499714
520296	GARLIC	0.07089853712490626	0.19416401428835733
521238	GARLIC	0.04631310461887291	0.17964832484722137
1549026	GARLIC	0.07793270211134638	0.17699107740606582
5355850	GARLIC	0.050616279776607244	0.25194021846566883
5362814	GARLIC	0.07469159684010915	0.18732341698237828
5779	GARLIC	0.13443213914121901	0.3214553083692278
6106	GARLIC	0.10691385822636741	0.299373060464859
5366244	GARLIC	0.07222990265914372	0.22717619155134475
356	SPICES	0.15566928258963994	0.3827703722885677
460	SPICES	0.2546335118157523	0.49704621519361225
3776	SPICES	0.1614340990781784	0.4051778188773564
6560	SPICES	0.18476351244109018	0.39686363509723116
6826	SPICES	0.13845798586096084	0.33878674677440096
7047	SPICES	0.17036778160503932	0.36513342601912363
7150	SPICES	0.17126230044024332	0.36556836111204966
7165	SPICES	0.14613883835928781	0.34548336267471313
7635	SPICES	0.18460372303213393	0.38935025674956186
7799	SPICES	0.15430881934506552	0.38035936440740314
8051	SPICES	0.14835864305496216	0.3632672641958509
8125	SPICES	0.18515658804348537	0.4145144947937557
8159	SPICES	0.1369787199156625	0.3613397606781551
8184	SPICES	0.09367877670696803	0.288275135414941
8186	SPICES	0.09429626379694257	0.31927373153822763
8193	SPICES	0.09361533607755389	0.2821852905409677
8294	SPICES	0.25571455700056894	0.5072689482143947
10364	SPICES	0.2969608988080706	0.562164809022631
10882	SPICES	0.11619809802089419	0.3525312159742628
11086	SPICES	0.11035016924142838	0.3181568554469517
15510	SPICES	0.3204100472586496	0.5636697241238185
16324	SPICES	0.12453876861504146	0.3234156242438725
17617	SPICES	0.13227774947881699	0.34494559679712566
18827	SPICES	0.20678994911057608	0.42667624780109953
19310	SPICES	0.33556762763432096	0.5680368287222726
23235	SPICES	0.18520509558064596	0.3412517138889858
31272	SPICES	0.1025036871433258	0.30463113103594097
33032	SPICES	0.1831263303756714	0.4069561702864511
62087	SPICES	0.34150671533175875	0.5756165640694755
62375	SPICES	0.18386801651545934	0.3748825320175716
62444	SPICES	0.27316578796931673	0.4880581668445042
228769	SPICES	0.1652557381561824	0.348671270268304
519539	SPICES	0.1907529660633632	0.4088684150150844
520296	SPICES	0.1342184841632843	0.34105745809418814
521238	SPICES	0.20484028117997305	0.39861377222197397
1549026	SPICES	0.1839436356510435	0.3834926698889051
5355850	SPICES	0.24348634055682591	0.45501541239874704
5362814	SPICES	0.15173658302852086	0.3674212268420628
5779	SPICES	0.2162689438888005	0.4636690488883427
6106	SPICES	0.16104963421821594	0.3804231711796352
5366244	SPICES	0.14390808982508524	0.35325744322368074
356	COLD	0.2558632471731731	0.47931832500866484
460	COLD	0.24396614730358124	0.48312972698892864
3776	COLD	0.3348085241658347	0.5520488449505397
6560	COLD	0.2247001017842974	0.4155028292110988
6826	COLD	0.3151549994945526	0.5485900172165462
7047	COLD	0.22773268393107823	0.41049714173589436
7150	COLD	0.38358679839542936	0.625806450843811
7165	COLD	0.31836916293416706	0.5676572663443429
7635	COLD	0.3181331285408565	0.5425388387271336
7799	COLD	0.26683622172900606	0.49537092447280884
8051	COLD	0.3134118786879948	0.5377889914172036
8125	COLD	0.23838805939470017	0.4594260113579886
8159	COLD	0.31369177784238544	0.5415622975145068
8184	COLD	0.30772929532187326	0.5426211101668221
8186	COLD	0.26885985902377535	0.5134085544518062
8193	COLD	0.2812323697975704	0.5077949464321136
8294	COLD	0.45463704211371286	0.6592868566513062
10364	COLD	0.37285885214805603	0.607835054397583
10882	COLD	0.31649065017700195	0.5422640527997699
11086	COLD	0.26817429065704346	0.5201015727860587
15510	COLD	0.056468247302940915	0.24562900619847433
16324	COLD	0.2387145310640335	0.45206023114068167
17617	COLD	0.23901536422116415	0.4574680583817618
18827	COLD	0.2546758992331369	0.462736393724169
19310	COLD	0.0642342386501176	0.2606970178229468
23235	COLD	0.25206630144800457	0.4696058928966522
31272	COLD	0.2685887856142862	0.48003534759793964
33032	COLD	0.28131741285324097	0.45652391229357037
62087	COLD	0.04233444269214358	0.23763740701334818
62375	COLD	0.2999837952000754	0.5525626455034528
62444	COLD	0.12084747957331794	0.3186963200569153
228769	COLD	0.22617479520184652	0.46021269048963276
519539	COLD	0.20438699424266815	0.435124077967235
520296	COLD	0.20997308833258493	0.44667692695345196
521238	COLD	0.2992887241499765	0.5384869234902518
1549026	COLD	0.3181177164827074	0.5270382123334068
5355850	COLD	0.182168470961707	0.411212010043008
5362814	COLD	0.2815546563693455	0.5427913750920977
5779	COLD	0.20122853772980825	0.3951499973024641
6106	COLD	0.20742122403212956	0.371342088494982
5366244	COLD	0.23749198019504547	0.44986724853515625
356	SOUR	0.2400155110018594	0.5064844787120819
460	SOUR	0.27646155442510334	0.5377046806471688
3776	SOUR	0.23776030540466309	0.4806131422519684
6560	SOUR	0.33789546361991335	0.5907583236694336
6826	SOUR	0.20052551584584372	0.430581659078598
7047	SOUR	0.25891617366245817	0.5149670754160199
7150	SOUR	0.19868691265583038	0.41436812707356047
7165	SOUR	0.20377772194998606	0.43109158107212614
7635	SOUR	0.20696349016257695	0.4581215637070792
7799	SOUR	0.21216324397495814	0.45467997448784964
8051	SOUR	0.2442065966980798	0.49579554370471407
8125	SOUR	0.2740930659430368	0.5575736165046692
8159	SOUR	0.2051516111407961	0.484255062682288
8184	SOUR	0.2692545694964273	0.5149602208818708
8186	SOUR	0.2994470127991268	0.5422214865684509
8193	SOUR	0.2717402619974954	0.5142410695552826
8294	SOUR	0.20095141444887435	0.43041623490197317
10364	SOUR	0.2209229895046779	0.48085341709000723
10882	SOUR	0.2527990958520344	0.5500553165163312
11086	SOUR	0.20267948508262634	0.42850298966680256
15510	SOUR	0.4397089523928506	0.7398661119597298
16324	SOUR	0.3267025798559189	0.607474820954459
17617	SOUR	0.2688650275979723	0.534039454800742
18827	SOUR	0.3345658140523093	0.6015486461775643
19310	SOUR	0.5352835314614433	0.8205232960837228
23235	SOUR	0.21417056236948287	0.4466267398425511
31272	SOUR	0.2912061810493469	0.590540383543287
33032	SOUR	0.2405190851007189	0.48040380648204256
62087	SOUR	0.4600782309259687	0.7548335109438215
62375	SOUR	0.2749600538185665	0.5314269747052874
62444	SOUR	0.5200434667723519	0.8061589683805194
228769	SOUR	0.24085343948432378	0.48692128913743155
519539	SOUR	0.3114286150251116	0.586495748588017
520296	SOUR	0.23154403056417192	0.4608025295393808
521238	SOUR	0.19980111931051528	0.4563269317150116
1549026	SOUR	0.26248979568481445	0.49104479381016325
5355850	SOUR	0.2628609857388905	0.4992773192269461
5362814	SOUR	0.3014798973287855	0.5618988701275417
5779	SOUR	0.2749805194990976	0.52742914216859
6106	SOUR	0.3627194677080427	0.61160580601011
5366244	SOUR	0.2599295313869204	0.5076355040073395
356	BURNT	0.17689906912190573	0.4806095574583326
460	BURNT	0.3011901506355831	0.6916923182351249
3776	BURNT	0.11440817479576383	0.3621284195355007
6560	BURNT	0.11175564250775746	0.35635580335344585
6826	BURNT	0.08046687447599002	0.27508150253977093
7047	BURNT	0.20780414555753982	0.5326013565063477
7150	BURNT	0.07575791808111328	0.2755982684237616
7165	BURNT	0.06325503385492734	0.25038269800799234
7635	BURNT	0.05738797996725355	0.22444788260119303
7799	BURNT	0.059861760320408006	0.21953446950231278
8051	BURNT	0.11514353965009962	0.3327636889048985
8125	BURNT	0.20716634392738342	0.5243226885795593
8159	BURNT	0.059229712933301926	0.2270175665616989
8184	BURNT	0.1834677904844284	0.509266904422215
8186	BURNT	0.2155974039009639	0.548270549092974
8193	BURNT	0.1771315485239029	0.49542166931288584
8294	BURNT	0.03384945089263575	0.20941033107893808
10364	BURNT	0.2513655126094818	0.6070056217057365
10882	BURNT	0.01993873875055994	0.1724191733769008
11086	BURNT	0.05069910415581295	0.23582527680056437
15510	BURNT	0.4162960350513458	0.7257898705346244
16324	BURNT	0.08420675567218236	0.264324745961598
17617	BURNT	0.08104503686938967	0.27066936237471445
18827	BURNT	0.2051520390169961	0.5124415159225464
19310	BURNT	0.36833576219422476	0.6444660084588187
23235	BURNT	0.07514140861374992	0.2911337358610971
31272	BURNT	0.07463197889072555	0.2486968891961234
33032	BURNT	0.11162728071212769	0.4021669753960201
62087	BURNT	0.40484451821872164	0.6913458619798932
62375	BURNT	0.1424934502158846	0.43299466371536255
62444	BURNT	0.3362745387213571	0.6376004219055176
228769	BURNT	0.08288789753402982	0.28539550730160307
519539	BURNT	0.26167977707726614	0.5803324665342059
520296	BURNT	0.11346367320844106	0.31629812930311474
521238	BURNT	0.07642367056437901	0.271254579935755
1549026	BURNT	0.060012109843747954	0.2093595713376999
5355850	BURNT	0.07271038740873337	0.31210932561329435
5362814	BURNT	0.16681735004697526	0.4311798981257847
5779	BURNT	0.20228753983974457	0.49849625144686016
6106	BURNT	0.11570674180984497	0.3833087001528059
5366244	BURNT	0.1296693491084235	0.38563309397016254
356	ACID	0.35740785939352854	0.5466969651835305
460	ACID	0.4284679378782	0.6271966525486538
3776	ACID	0.33850911259651184	0.5500020682811737
6560	ACID	0.22685366230351584	0.4310758922781263
6826	ACID	0.24083893213953292	0.445364739213671
7047	ACID	0.3319564632007054	0.5273469047886985
7150	ACID	0.31131949595042635	0.5231975955622536
7165	ACID	0.2491730409009116	0.45509431191853117
7635	ACID	0.1324513778090477	0.3493008741310665
7799	ACID	0.10874213171856743	0.29966833761760164
8051	ACID	0.29627202451229095	0.4920892672879355
8125	ACID	0.3525197080203465	0.5516770694937024
8159	ACID	0.17006015351840428	0.38728926862989155
8184	ACID	0.4148619089807783	0.6347179157393319
8186	ACID	0.3779748124735696	0.5946604694638934
8193	ACID	0.37779691389628817	0.6008326155798775
8294	ACID	0.13805236986705235	0.3702306960310255
10364	ACID	0.4638808625085013	0.6700894492013114
10882	ACID	0.11387882381677628	0.3374845598425184
11086	ACID	0.17746085354260036	0.3971445730754307
15510	ACID	0.25394479291779654	0.48473198073250906
16324	ACID	0.196568563580513	0.40012391550200327
17617	ACID	0.14129980972834996	0.3476787379809788
18827	ACID	0.36946079986436026	0.564206485237394
19310	ACID	0.2567297007356371	0.49727900539125713
23235	ACID	0.19568296202591487	0.3853179556982858
31272	ACID	0.2560679699693407	0.46767231822013855
33032	ACID	0.17618802509137563	0.38152056080954416
62087	ACID	0.20255393641335623	0.42670543278966633
62375	ACID	0.3795639617102487	0.5854352201734271
62444	ACID	0.30502656527927946	0.5231584906578064
228769	ACID	0.1594289658325059	0.3542834094592503
519539	ACID	0.3241899950163705	0.5221510572092873
520296	ACID	0.15319141745567322	0.3324817546776363
521238	ACID	0.18328777594225748	0.39544360978262766
1549026	ACID	0.1397075993674142	0.3661236890724727
5355850	ACID	0.10708146223000117	0.27478709391185213
5362814	ACID	0.30324207884924753	0.5109200775623322
5779	ACID	0.19757690387112753	0.3905181246144431
6106	ACID	0.19422723140035356	0.3649972208908626
5366244	ACID	0.21959065326622554	0.42365795373916626
356	WARM	0.24243071675300598	0.4166939003126962
460	WARM	0.40612336567470003	0.6012801272528512
3776	WARM	0.27908805864197866	0.4496667853423527
6560	WARM	0.25668521438326153	0.4542415142059326
6826	WARM	0.2529484438044684	0.448035044329507
7047	WARM	0.2954348623752594	0.4718388744762966
7150	WARM	0.2650142290762493	0.4693272496972765
7165	WARM	0.27898916602134705	0.49383607506752014
7635	WARM	0.309821401323591	0.5220290166991097
7799	WARM	0.31139722040721346	0.5193965860775539
8051	WARM	0.27350914052554537	0.4859883785247803
8125	WARM	0.26046377207551685	0.44078953351293293
8159	WARM	0.287166280405862	0.5117760981832232
8184	WARM	0.23699731486184256	0.4437480185713087
8186	WARM	0.2613696094070162	0.4689707713467734
8193	WARM	0.23785428489957536	0.4369070189339774
8294	WARM	0.3121562600135803	0.5105297608034951
10364	WARM	0.40224357162203106	0.5792189836502075
10882	WARM	0.36573549679347445	0.5936761157853263
11086	WARM	0.2854799117360796	0.4953863450459072
15510	WARM	0.3741375207901001	0.6018150278500148
16324	WARM	0.2980231429849352	0.503453118460519
17617	WARM	0.28510649715151104	0.49988108021872385
18827	WARM	0.3047548234462738	0.49400998439107624
19310	WARM	0.3288461949144091	0.5724124652998788
23235	WARM	0.25714546867779325	0.42658866729055134
31272	WARM	0.25511206686496735	0.4546786759580885
33032	WARM	0.34269122992243084	0.5071134482111249
62087	WARM	0.3749165875571115	0.6134814279420036
62375	WARM	0.2750681383269174	0.44572817427771433
62444	WARM	0.3528873792716435	0.5759736895561218
228769	WARM	0.2615888842514583	0.451639141355242
519539	WARM	0.3387389140469687	0.5326349905558995
520296	WARM	0.33010045545441763	0.526543630020959
521238	WARM	0.2979675531387329	0.5029001959732601
1549026	WARM	0.2642597960574286	0.46328391773360117
5355850	WARM	0.3983965218067169	0.5822518978800092
5362814	WARM	0.2847923742873328	0.50108254807336
5779	WARM	0.376207206930433	0.5603699939591544
6106	WARM	0.33062006746019634	0.5432535239628383
5366244	WARM	0.28965857199260164	0.49975657037326265
356	MUSKY	0.2891985092844282	0.5169583686760494
460	MUSKY	0.3480874683175768	0.6188666139330182
3776	MUSKY	0.22193770962102072	0.4309428036212921
6560	MUSKY	0.29640650749206543	0.5046210289001465
6826	MUSKY	0.19363633862563542	0.4071172390665327
7047	MUSKY	0.31766000390052795	0.5782621673175267
7150	MUSKY	0.17441657398428237	0.3866249748638698
7165	MUSKY	0.16400171390601567	0.3833352412496294
7635	MUSKY	0.13973111978599004	0.33203265922410147
7799	MUSKY	0.1524066382220813	0.3454888718468802
8051	MUSKY	0.1929720640182495	0.4022276444094522
8125	MUSKY	0.3152596652507782	0.5632718546049935
8159	MUSKY	0.1195076469864164	0.3312761315277645
8184	MUSKY	0.3381084884916033	0.6124089445386615
8186	MUSKY	0.3653430640697479	0.6462903022766113
8193	MUSKY	0.3414777474743979	0.6062516825539725
8294	MUSKY	0.10753197542258672	0.2810014954635075
10364	MUSKY	0.2594095745256969	0.5275017193385533
10882	MUSKY	0.0886823870241642	0.2677265022482191
11086	MUSKY	0.22288715626512254	0.43862161466053556
15510	MUSKY	0.4386452180998666	0.7364366139684405
16324	MUSKY	0.2110082826444081	0.4161143771239689
17617	MUSKY	0.20732036445822036	0.4326314244951521
18827	MUSKY	0.3524985483714512	0.6088352714266095
19310	MUSKY	0.46245440414973665	0.7420915620667594
23235	MUSKY	0.24161791375705174	0.4509710030896323
31272	MUSKY	0.16780061381203787	0.3843486096177782
33032	MUSKY	0.24906998234135763	0.473128753049033
62087	MUSKY	0.4201964054788862	0.7164248483521598
62375	MUSKY	0.2806744596787861	0.504601606300899
62444	MUSKY	0.4696094478879656	0.7517543349947248
228769	MUSKY	0.22851513539041793	0.4455049250807081
519539	MUSKY	0.3573685458728245	0.5810351967811584
520296	MUSKY	0.2533016417707716	0.48403672661100117
521238	MUSKY	0.15506439123834884	0.37766705240522114
1549026	MUSKY	0.1820324169737952	0.32194763847759794
5355850	MUSKY	0.24946271734578268	0.4776593744754791
5362814	MUSKY	0.2630901741130011	0.46520863260541645
5779	MUSKY	0.2933699744088309	0.5327147330556598
6106	MUSKY	0.37605572598321096	0.6026351366724286
5366244	MUSKY	0.3270219010966165	0.5659136090959821
356	SWEATY	0.11493348862443652	0.30013165729386465
460	SWEATY	0.15908376233918325	0.3403201103210449
3776	SWEATY	0.10145556500979833	0.2624319387333734
6560	SWEATY	0.18417357546942575	0.39860602787562777
6826	SWEATY	0.07946802569287163	0.21468550605433329
7047	SWEATY	0.12817503192595073	0.33768304756709505
7150	SWEATY	0.07108862698078156	0.20847231149673462
7165	SWEATY	0.07539456976311547	0.19669347149985178
7635	SWEATY	0.07694052798407418	0.21298026187079294
7799	SWEATY	0.0822881715638297	0.2341799225125994
8051	SWEATY	0.09284494817256927	0.26621286996773313
8125	SWEATY	0.13888039333479746	0.34820749929973055
8159	SWEATY	0.05696039008242743	0.20888739824295044
8184	SWEATY	0.12737032558236802	0.3472515770367214
8186	SWEATY	0.13665952001299178	0.3812278722013746
8193	SWEATY	0.13341667183807918	0.3527226575783321
8294	SWEATY	0.030435575438397273	0.1740422546863556
10364	SWEATY	0.08246377589447158	0.25394452469689505
10882	SWEATY	0.054652617179921696	0.20729106026036398
11086	SWEATY	0.10461124564920153	0.231457525065967
15510	SWEATY	0.2548148674624307	0.5456489494868687
16324	SWEATY	0.1387783001576151	0.32757969413484844
17617	SWEATY	0.11232111709458488	0.30488173024994986
18827	SWEATY	0.18704661939825332	0.40800019247191294
19310	SWEATY	0.30552802767072407	0.6213492495673043
23235	SWEATY	0.09666509607008525	0.2715013048478535
31272	SWEATY	0.08686524097408567	0.28299515162195477
33032	SWEATY	0.1149269842675754	0.28740009878362927
62087	SWEATY	0.25751414256436483	0.5507733651569912
62375	SWEATY	0.12893323600292206	0.31766392503465923
62444	SWEATY	0.2952104849474771	0.5907303861209324
228769	SWEATY	0.11937767160790307	0.30141301665987286
519539	SWEATY	0.17595102105821883	0.39914892826761517
520296	SWEATY	0.11542335684810366	0.3065780486379351
521238	SWEATY	0.07789575308561325	0.23590540885925293
1549026	SWEATY	0.11510254549128669	0.21734085466180528
5355850	SWEATY	0.13983872958592006	0.31977036595344543
5362814	SWEATY	0.13952665563140595	0.3365553915500641
5779	SWEATY	0.15592217658247268	0.37038303698812214
6106	SWEATY	0.2353236185652869	0.4809207320213318
5366244	SWEATY	0.16431817838123866	0.36789943490709576
356	AMMONIA/URINOUS	0.33264503947326113	0.5091605739934104
460	AMMONIA/URINOUS	0.4844103753566742	0.6441183005060468
3776	AMMONIA/URINOUS	0.3167186826467514	0.47395398787089754
6560	AMMONIA/URINOUS	0.24401525301592691	0.39935940504074097
6826	AMMONIA/URINOUS	0.21394873623337066	0.3496046449456896
7047	AMMONIA/URINOUS	0.34799436160496305	0.5099913392748151
7150	AMMONIA/URINOUS	0.30497666341917856	0.4553204561982836
7165	AMMONIA/URINOUS	0.23839267023972102	0.3895908977304186
7635	AMMONIA/URINOUS	0.11455292041812624	0.23611955557550704
7799	AMMONIA/URINOUS	0.07574336124317986	0.1608057799083846
8051	AMMONIA/URINOUS	0.2776652659688677	0.3965207466057369
8125	AMMONIA/URINOUS	0.33950069759573254	0.5089718060834068
8159	AMMONIA/URINOUS	0.1480384064572198	0.26989346955503735
8184	AMMONIA/URINOUS	0.4154030808380672	0.5736839260373797
8186	AMMONIA/URINOUS	0.3430062383413315	0.5109553251947675
8193	AMMONIA/URINOUS	0.37073005523000446	0.5365899588380542
8294	AMMONIA/URINOUS	0.10471143679959434	0.2110131127493722
10364	AMMONIA/URINOUS	0.4683253381933485	0.6405504260744367
10882	AMMONIA/URINOUS	0.1048076120870454	0.20186508127621242
11086	AMMONIA/URINOUS	0.19660504907369614	0.3265295113836016
15510	AMMONIA/URINOUS	0.3949168494769505	0.5650082145418439
16324	AMMONIA/URINOUS	0.19789517990180425	0.31432641404015677
17617	AMMONIA/URINOUS	0.1747238231556756	0.29252201318740845
18827	AMMONIA/URINOUS	0.38651389309338163	0.5280576433454242
19310	AMMONIA/URINOUS	0.4270593098231724	0.588110259601048
23235	AMMONIA/URINOUS	0.16362913165773665	0.30791424427713665
31272	AMMONIA/URINOUS	0.23853065286363875	0.3728360150541578
33032	AMMONIA/URINOUS	0.09633910549538476	0.2375839799642563
62087	AMMONIA/URINOUS	0.3388420683997018	0.5158130185944694
62375	AMMONIA/URINOUS	0.3596429782254355	0.5150827297142574
62444	AMMONIA/URINOUS	0.44049435002463205	0.5844191908836365
228769	AMMONIA/URINOUS	0.13537600210734776	0.26957020802157267
519539	AMMONIA/URINOUS	0.32830549137932913	0.47559001616069246
520296	AMMONIA/URINOUS	0.14666853791901044	0.22355359366961888
521238	AMMONIA/URINOUS	0.14757834374904633	0.275890724999564
1549026	AMMONIA/URINOUS	0.12060298291700226	0.24062262901238032
5355850	AMMONIA/URINOUS	0.18428608562265122	0.29914798055376324
5362814	AMMONIA/URINOUS	0.2640227739300047	0.3862413338252476
5779	AMMONIA/URINOUS	0.18620742857456207	0.3360101154872349
6106	AMMONIA/URINOUS	0.20789983655725205	0.3472010237830026
5366244	AMMONIA/URINOUS	0.2903481104544231	0.4197048715182713
356	DECAYED	0.07395811751484871	0.30960351654461454
460	DECAYED	0.13672759809664317	0.4354341966765268
3776	DECAYED	0.0688923682485308	0.28668334654399324
6560	DECAYED	0.11818032073123115	0.3638711827141898
6826	DECAYED	0.04970842067684446	0.23568091647965567
7047	DECAYED	0.09774370278630938	0.3424984429563795
7150	DECAYED	0.05202395149639675	0.23683042611394609
7165	DECAYED	0.051810636052063534	0.2376429992062705
7635	DECAYED	0.05555208187018122	0.24816623330116272
7799	DECAYED	0.051596092858484814	0.244552058832986
8051	DECAYED	0.09176717166389738	0.312889644077846
8125	DECAYED	0.10726271995476314	0.3607848158904484
8159	DECAYED	0.05693917455417769	0.2670984353337969
8184	DECAYED	0.07607256408248629	0.2984333762100765
8186	DECAYED	0.07926215657166072	0.3053543610232217
8193	DECAYED	0.07499822335583824	0.29219635469572885
8294	DECAYED	0.03354666009545326	0.17324099902595794
10364	DECAYED	0.09922382874148232	0.3721441073077066
10882	DECAYED	0.06728680804371834	0.2937838690621512
11086	DECAYED	0.04342503898910114	0.23774712000574386
15510	DECAYED	0.2901685855218342	0.677637381213052
16324	DECAYED	0.10657984124762672	0.3497178682259151
17617	DECAYED	0.0758396110364369	0.3173224117074694
18827	DECAYED	0.14449992137295858	0.417592065674918
19310	DECAYED	0.34035035967826843	0.7328265649931771
23235	DECAYED	0.05890758974211557	0.2639074091400419
31272	DECAYED	0.09871107659169606	0.34106545788901194
33032	DECAYED	0.05402824921267373	0.24261310057980673
62087	DECAYED	0.2882379783051355	0.6670575993401664
62375	DECAYED	0.0812041200697422	0.3230514143194471
62444	DECAYED	0.3072481495993478	0.6716163839612689
228769	DECAYED	0.06366120119179998	0.29503361667905537
519539	DECAYED	0.15450703033379146	0.4397703153746469
520296	DECAYED	0.059362251843724935	0.2511660669531141
521238	DECAYED	0.05577123590878078	0.2682247374738966
1549026	DECAYED	0.07982159193073	0.22439574982438767
5355850	DECAYED	0.0606907212308475	0.3174417955534799
5362814	DECAYED	0.09332719232354846	0.32797947100230623
5779	DECAYED	0.09849082039935249	0.309348144701549
6106	DECAYED	0.0984707623720169	0.3340826417718615
5366244	DECAYED	0.0864111025418554	0.3269951897008078
356	WOOD	0.3085698527949197	0.48452468855040415
460	WOOD	0.37171228868620737	0.5784833856991359
3776	WOOD	0.29519982848848614	0.4757262681211744
6560	WOOD	0.17713408172130585	0.3220844737121037
6826	WOOD	0.1801870869738715	0.3227580785751343
7047	WOOD	0.30907254559653147	0.49867327724184307
7150	WOOD	0.1513023568051202	0.3173692843743733
7165	WOOD	0.11889272715364184	0.24331616078104293
7635	WOOD	0.14650841802358627	0.27405421648706707
7799	WOOD	0.1541100570133754	0.28248150859560284
8051	WOOD	0.1893585728747504	0.35542281184877667
8125	WOOD	0.3096118015902383	0.5073046854564122
8159	WOOD	0.10689810557024819	0.2426105865410396
8184	WOOD	0.3462720087596348	0.5766162872314453
8186	WOOD	0.43463160736220224	0.6688707385744367
8193	WOOD	0.34313839248248507	0.5636515191623143
8294	WOOD	0.2233304807118007	0.4049189899648939
10364	WOOD	0.3708492176873343	0.5967034186635699
10882	WOOD	0.030308070725628307	0.12192317630563464
11086	WOOD	0.141608432999679	0.25973122886248995
15510	WOOD	0.17819955945014954	0.3513219399111612
16324	WOOD	0.09733698729957853	0.2118592389992305
17617	WOOD	0.12295446864196233	0.2501366564205715
18827	WOOD	0.27415840114865986	0.47317599398749216
19310	WOOD	0.1011702801500048	0.24536496826580592
23235	WOOD	0.19788620940276555	0.3706492143017905
31272	WOOD	0.08256839002881732	0.18895729311874934
33032	WOOD	0.4093781496797289	0.5974207690783909
62087	WOOD	0.15130202259336198	0.31498466219220844
62375	WOOD	0.28329943333353313	0.4757389213357653
62444	WOOD	0.17834591439792088	0.33714355315480915
228769	WOOD	0.19750446719782694	0.35517339195523945
519539	WOOD	0.3515742676598685	0.5655118227005005
520296	WOOD	0.27998424002102446	0.4711309586252485
521238	WOOD	0.1887123499597822	0.3496200442314148
1549026	WOOD	0.1580381840467453	0.26493415023599354
5355850	WOOD	0.1309750143970762	0.29460192791053225
5362814	WOOD	0.2817915954760143	0.47942376136779785
5779	WOOD	0.32572790128844126	0.5156790316104889
6106	WOOD	0.2905145436525345	0.4751042255333492
5366244	WOOD	0.2735161142689841	0.4664497120039804
356	GRASS	0.07845109408455235	0.22291494693074906
460	GRASS	0.045429986236350875	0.1880761491400855
3776	GRASS	0.14680360470499312	0.3436135819980076
6560	GRASS	0.1090883080448423	0.2656124894108091
6826	GRASS	0.10550276190042496	0.2918865191084998
7047	GRASS	0.0708540566265583	0.22782012394496373
7150	GRASS	0.13597144718681062	0.3223606560911451
7165	GRASS	0.10855534779173988	0.27122108212539126
7635	GRASS	0.1170666271022388	0.29456830876214163
7799	GRASS	0.08492282245840345	0.2558705785444805
8051	GRASS	0.08657006706510272	0.26574251907212393
8125	GRASS	0.08389504360301155	0.24833567440509796
8159	GRASS	0.1238139026931354	0.305074896131243
8184	GRASS	0.057425773569515774	0.2496309322970254
8186	GRASS	0.0333178447825568	0.24446211116654532
8193	GRASS	0.06113177963665554	0.24851985488619124
8294	GRASS	0.1554497139794486	0.3699371729578291
10364	GRASS	0.08785627888781684	0.2635926221098219
10882	GRASS	0.074589056628091	0.23361090889998845
11086	GRASS	0.09351729388747897	0.2533760815858841
15510	GRASS	0.029977728479674885	0.1724760468517031
16324	GRASS	0.053044836435999186	0.20153756652559554
17617	GRASS	0.04869124399764197	0.1994555847985404
18827	GRASS	0.11745209779058184	0.2964278204100473
19310	GRASS	0.030527260420577868	0.19187016998018538
23235	GRASS	0.1519299383674349	0.31840439779417856
31272	GRASS	0.07574634147541863	0.23203751657690322
33032	GRASS	0.09990100988319942	0.29715477355888914
62087	GRASS	0.031871509073036056	0.17350213442529952
62375	GRASS	0.23957955837249756	0.4698835185595921
62444	GRASS	0.06936722408447947	0.2349646751369749
228769	GRASS	0.11209620003189359	0.2742202196802412
519539	GRASS	0.2355674590383257	0.43191820808819364
520296	GRASS	0.06457815691828728	0.19410141238144465
521238	GRASS	0.14019909713949477	0.32503694721630644
1549026	GRASS	0.16342261007853917	0.3641198916094644
5355850	GRASS	0.0603128086243357	0.14112959163529532
5362814	GRASS	0.3381364771298	0.5555093543870109
5779	GRASS	0.089307751506567	0.24333855296884263
6106	GRASS	0.08505173719355039	0.22118774482182094
5366244	GRASS	0.08281761461070605	0.28684056230953764
356	FLOWER	0.13501235842704773	0.39104948725019184
460	FLOWER	0.08729511818715505	0.3055263076509748
3776	FLOWER	0.18447064927646092	0.43598301495824543
6560	FLOWER	0.1559867528932435	0.3945255960736956
6826	FLOWER	0.3276881831032889	0.6296261378696987
7047	FLOWER	0.11546946636268071	0.336910788502012
7150	FLOWER	0.3239892167704446	0.6342501640319824
7165	FLOWER	0.38308749880109516	0.6879152229854039
7635	FLOWER	0.3757336437702179	0.6624529957771301
7799	FLOWER	0.35291665366717745	0.619357773235866
8051	FLOWER	0.23519044263022287	0.496481716632843
8125	FLOWER	0.09965749297823225	0.32124053154672894
8159	FLOWER	0.34920812930379597	0.6422257849148342
8184	FLOWER	0.18632485398224422	0.4517267176083156
8186	FLOWER	0.1371192272220339	0.3890800305775234
8193	FLOWER	0.180525008056845	0.43763729504176546
8294	FLOWER	0.36342709405081614	0.6426625422069004
10364	FLOWER	0.11010539744581495	0.34961654458727154
10882	FLOWER	0.3876938990184239	0.692865116255624
11086	FLOWER	0.44142351831708637	0.7434382949556623
15510	FLOWER	0.056649998894759586	0.14430502482822963
16324	FLOWER	0.2550581012453352	0.5284131126744407
17617	FLOWER	0.3037909609930856	0.6058832492147174
18827	FLOWER	0.08550961741379329	0.29445126226970125
19310	FLOWER	0.04062203051788466	0.12229625880718231
23235	FLOWER	0.3064587818724768	0.5854019522666931
31272	FLOWER	0.258196336882455	0.5395313671657017
33032	FLOWER	0.21534126996994019	0.4826317642416273
62087	FLOWER	0.053664590631212504	0.1705858451979501
62375	FLOWER	0.19985336703913553	0.45656512464795795
62444	FLOWER	0.05070145960365023	0.17218168612037385
228769	FLOWER	0.29040512442588806	0.575363005910601
519539	FLOWER	0.10593968949147634	0.2883859872817993
520296	FLOWER	0.29327296784945894	0.5573920352118356
521238	FLOWER	0.3209781689303262	0.5880581055368695
1549026	FLOWER	0.35927280357905794	0.6239359974861145
5355850	FLOWER	0.35473942330905367	0.6716634290558952
5362814	FLOWER	0.21111849801880972	0.4568872026034764
5779	FLOWER	0.12984440156391688	0.35465438876833233
6106	FLOWER	0.19832283471311843	0.39437795111111235
5366244	FLOWER	0.310062050819397	0.5555108445031303
356	CHEMICAL	0.45198368600436617	0.7330992562430245
460	CHEMICAL	0.5434274588312421	0.8098364302090236
3776	CHEMICAL	0.4493084762777601	0.7189037033489772
6560	CHEMICAL	0.269061552626746	0.5861874307904925
6826	CHEMICAL	0.3503721696989877	0.6719118101256234
7047	CHEMICAL	0.41403442195483614	0.6935652494430542
7150	CHEMICAL	0.45704522728919983	0.7633584482329232
7165	CHEMICAL	0.3754639966147287	0.7125653454235622
7635	CHEMICAL	0.23019759782723018	0.5836313537188939
7799	CHEMICAL	0.17811865040234157	0.5185043641499111
8051	CHEMICAL	0.3897897515978132	0.6975780980927604
8125	CHEMICAL	0.42597608055387226	0.7170843226569039
8159	CHEMICAL	0.27948110018457684	0.6365686229297093
8184	CHEMICAL	0.552044791834695	0.843211156981332
8186	CHEMICAL	0.4910099378653935	0.7795831135341099
8193	CHEMICAL	0.49220811469214304	0.7920480625970023
8294	CHEMICAL	0.2976451132978712	0.5907841920852661
10364	CHEMICAL	0.618606550352914	0.8542719738824027
10882	CHEMICAL	0.2531552974666868	0.617992775780814
11086	CHEMICAL	0.27338339388370514	0.6336412940706525
15510	CHEMICAL	0.20059253914015635	0.5501139547143664
16324	CHEMICAL	0.29218147482190815	0.6381456000464303
17617	CHEMICAL	0.2238533071109227	0.5730045097214835
18827	CHEMICAL	0.4363687677042825	0.7251439349991935
19310	CHEMICAL	0.2067446048770632	0.5527388155460358
23235	CHEMICAL	0.2490104947771345	0.5782102857317243
31272	CHEMICAL	0.38016226461955477	0.7131346804755074
33032	CHEMICAL	0.21245404652186803	0.5037986934185028
62087	CHEMICAL	0.15579701960086823	0.5018638457570758
62375	CHEMICAL	0.4658135644027165	0.7544915676116943
62444	CHEMICAL	0.2770536541938782	0.6272309167044503
228769	CHEMICAL	0.21267950321946824	0.5484582526343209
519539	CHEMICAL	0.3427492380142212	0.6449859312602452
520296	CHEMICAL	0.21600196829863957	0.5357271347727094
521238	CHEMICAL	0.26067953024591717	0.6059021438871112
1549026	CHEMICAL	0.25062076321669985	0.5779795518943242
5355850	CHEMICAL	0.17878430017403193	0.5291902635778699
5362814	CHEMICAL	0.36631387897900175	0.6761658958026341
5779	CHEMICAL	0.23237152610506331	0.5235220875058856
6106	CHEMICAL	0.19524842926434108	0.5130128307001931
5366244	CHEMICAL	0.2904285490512848	0.6328619974000114
