oID	descriptor	value	sigma
180	INTENSITY/STRENGTH	0.24042610824108124	0.5847495709146772
264	INTENSITY/STRENGTH	0.36212838547570364	0.6707239832196917
702	INTENSITY/STRENGTH	0.1312104303921972	0.49335692184312
1031	INTENSITY/STRENGTH	0.13997190764972142	0.5069448522159031
3102	INTENSITY/STRENGTH	0.4041675754955837	0.5564639398029873
3314	INTENSITY/STRENGTH	0.43642971771103994	0.6415488634790693
6506	INTENSITY/STRENGTH	0.19151110095637186	0.5399248685155597
6544	INTENSITY/STRENGTH	0.31650239867823465	0.5920090505055019
6561	INTENSITY/STRENGTH	0.3292400453771864	0.6589249202183315
7092	INTENSITY/STRENGTH	0.45793841992105755	0.6293762922286987
7302	INTENSITY/STRENGTH	0.4579394502299173	0.6370360936437335
7476	INTENSITY/STRENGTH	0.3878372609615326	0.6294671211923871
7559	INTENSITY/STRENGTH	0.6375999365534101	0.8010003822190421
7657	INTENSITY/STRENGTH	0.3387836686202458	0.5849986331803458
7770	INTENSITY/STRENGTH	0.5064364884580884	0.6978462082999093
7793	INTENSITY/STRENGTH	0.4458331763744354	0.7177485397883824
7797	INTENSITY/STRENGTH	0.5857007248061044	0.7267476916313171
8025	INTENSITY/STRENGTH	0.2505912802049092	0.5906612277030945
8049	INTENSITY/STRENGTH	0.2129283377102443	0.5512132218905857
8094	INTENSITY/STRENGTH	0.5977846511772701	0.7091311897550311
8419	INTENSITY/STRENGTH	0.5443428925105503	0.6721218824386597
8438	INTENSITY/STRENGTH	0.45182959522519794	0.604232805115836
8468	INTENSITY/STRENGTH	0.1806178582566125	0.5141171387263707
8815	INTENSITY/STRENGTH	0.45671349338122774	0.6119150349072048
8878	INTENSITY/STRENGTH	0.6262087992259434	0.7210398742130825
9012	INTENSITY/STRENGTH	0.49717470152037485	0.6205041323389325
10886	INTENSITY/STRENGTH	0.4043605625629425	0.6557727711541312
11567	INTENSITY/STRENGTH	0.5810035765171051	0.6868058102471488
12020	INTENSITY/STRENGTH	0.2854784982545035	0.609664295400892
12265	INTENSITY/STRENGTH	0.24311162957123347	0.5701472759246826
12377	INTENSITY/STRENGTH	0.4129913534436907	0.6827537672860282
16537	INTENSITY/STRENGTH	0.3464081202234541	0.6349408030509949
17898	INTENSITY/STRENGTH	0.4252658656665257	0.6125655174255371
18467	INTENSITY/STRENGTH	0.3231388309172222	0.5676583903176444
21363	INTENSITY/STRENGTH	0.4317445158958435	0.6742006880896432
27440	INTENSITY/STRENGTH	0.47227526136807035	0.6396551557949611
31219	INTENSITY/STRENGTH	0.5410409143992833	0.7761612960270473
31276	INTENSITY/STRENGTH	0.5500699026244027	0.7211430498531887
31283	INTENSITY/STRENGTH	0.19776866478579386	0.5290312426430839
60998	INTENSITY/STRENGTH	0.5004851179463523	0.7700421639851162
61523	INTENSITY/STRENGTH	0.6075986155441829	0.7612493889672416
62351	INTENSITY/STRENGTH	0.37560189196041655	0.5994084647723606
62465	INTENSITY/STRENGTH	0.44300920196941923	0.5801208955901009
251531	INTENSITY/STRENGTH	0.19432697338717325	0.5329022875853947
440917	INTENSITY/STRENGTH	0.524729290178844	0.6619276574679783
637758	INTENSITY/STRENGTH	0.5042055206639426	0.7308447275842939
1549025	INTENSITY/STRENGTH	0.33927515149116516	0.6578956416675023
2733294	INTENSITY/STRENGTH	0.6047898062637874	0.7182526332991463
5281167	INTENSITY/STRENGTH	0.5430451205798558	0.6955168332372393
5281168	INTENSITY/STRENGTH	0.4801019089562552	0.6499942796570914
5318599	INTENSITY/STRENGTH	0.6816642795290265	0.7178288527897426
5352837	INTENSITY/STRENGTH	0.5994094014167786	0.6912071108818054
5364231	INTENSITY/STRENGTH	0.6058769481522697	0.6877435190337045
262	INTENSITY/STRENGTH	0.16739635542035103	0.5412241007600512
323	INTENSITY/STRENGTH	0.47165671416691374	0.6180823189871651
750	INTENSITY/STRENGTH	0.17276487073728017	0.510109509740557
753	INTENSITY/STRENGTH	0.12240933999419212	0.49621731894356863
962	INTENSITY/STRENGTH	0.2706390129668372	0.5665952903883797
5862	INTENSITY/STRENGTH	0.21059192291327886	0.5416284629276821
5962	INTENSITY/STRENGTH	0.21852591633796692	0.5420120315892356
6274	INTENSITY/STRENGTH	0.11068932179893766	0.5050448094095502
6322	INTENSITY/STRENGTH	0.11620546558073588	0.48890288387026104
6669	INTENSITY/STRENGTH	0.1436242274940014	0.4541409654276712
7137	INTENSITY/STRENGTH	0.7110192775726318	0.7769959994724819
15654	INTENSITY/STRENGTH	0.346963780266898	0.582237354346684
62089	INTENSITY/STRENGTH	0.6013188873018537	0.6949597937720162
853433	INTENSITY/STRENGTH	0.5671980849334172	0.7126656685556684
5371102	INTENSITY/STRENGTH	0.3169600410120828	0.6358603835105896
10857465	INTENSITY/STRENGTH	0.4697648159095219	0.7890724199158805
180	VALENCE/PLEASANTNESS	0.4590101752962385	0.6041390214647565
264	VALENCE/PLEASANTNESS	0.3512754887342453	0.5980965835707528
702	VALENCE/PLEASANTNESS	0.4952425147805895	0.5744026132992336
1031	VALENCE/PLEASANTNESS	0.4780018499919346	0.5726052182061332
3102	VALENCE/PLEASANTNESS	0.5228568656103951	0.6614270039967128
3314	VALENCE/PLEASANTNESS	0.6294505085263934	0.6730419823101589
6506	VALENCE/PLEASANTNESS	0.5214388200214931	0.6024143440382821
6544	VALENCE/PLEASANTNESS	0.5119192259652274	0.6534495949745178
6561	VALENCE/PLEASANTNESS	0.3871145078114101	0.6081972122192383
7092	VALENCE/PLEASANTNESS	0.6014919706753322	0.6720318623951503
7302	VALENCE/PLEASANTNESS	0.4149974414280483	0.6193383080618722
7476	VALENCE/PLEASANTNESS	0.6547887921333313	0.6718701890536717
7559	VALENCE/PLEASANTNESS	0.6306402257510594	0.7536898255348206
7657	VALENCE/PLEASANTNESS	0.4706515669822693	0.6517511180468968
7770	VALENCE/PLEASANTNESS	0.5842677567686353	0.7195628881454468
7793	VALENCE/PLEASANTNESS	0.6168363860675267	0.7305169957024711
7797	VALENCE/PLEASANTNESS	0.7341853039605277	0.6997474687440055
8025	VALENCE/PLEASANTNESS	0.4371553191116878	0.6090133445603507
8049	VALENCE/PLEASANTNESS	0.5503008706229073	0.5945728761809213
8094	VALENCE/PLEASANTNESS	0.3550750272614615	0.5904629485947746
8419	VALENCE/PLEASANTNESS	0.6771027445793152	0.6847129719597953
8438	VALENCE/PLEASANTNESS	0.6419233339173454	0.659199629511152
8468	VALENCE/PLEASANTNESS	0.567217401095799	0.6169798970222473
8815	VALENCE/PLEASANTNESS	0.5881365878241402	0.6661146368299212
8878	VALENCE/PLEASANTNESS	0.7403516939708165	0.677684988294329
9012	VALENCE/PLEASANTNESS	0.3284490023340498	0.5808892250061035
10886	VALENCE/PLEASANTNESS	0.5809688312666756	0.6508163128580365
11567	VALENCE/PLEASANTNESS	0.4556935897895268	0.6691479512623378
12020	VALENCE/PLEASANTNESS	0.4523951751845224	0.6026271837098258
12265	VALENCE/PLEASANTNESS	0.4401738813945225	0.5840746249471392
12377	VALENCE/PLEASANTNESS	0.33574710147721426	0.6156581384795052
16537	VALENCE/PLEASANTNESS	0.5920214908463615	0.621355048247746
17898	VALENCE/PLEASANTNESS	0.4574187525681087	0.6474392584392002
18467	VALENCE/PLEASANTNESS	0.459281929901668	0.6211376190185547
21363	VALENCE/PLEASANTNESS	0.3779788059847696	0.6079459956714085
27440	VALENCE/PLEASANTNESS	0.37182994399751934	0.6337001749447414
31219	VALENCE/PLEASANTNESS	0.6638529811586652	0.7397868377821786
31276	VALENCE/PLEASANTNESS	0.6511253118515015	0.7235163024493626
31283	VALENCE/PLEASANTNESS	0.5203312592847007	0.5702596136501857
60998	VALENCE/PLEASANTNESS	0.49955310991832186	0.726505092212132
61523	VALENCE/PLEASANTNESS	0.47326634185654776	0.7094727839742389
62351	VALENCE/PLEASANTNESS	0.3777724419321333	0.5946190868105207
62465	VALENCE/PLEASANTNESS	0.4962712824344635	0.6771812183516366
251531	VALENCE/PLEASANTNESS	0.6204584922109332	0.6136871235711234
440917	VALENCE/PLEASANTNESS	0.5508394837379456	0.6805094054767064
637758	VALENCE/PLEASANTNESS	0.6869407977376666	0.7168634193284171
1549025	VALENCE/PLEASANTNESS	0.6188288075583321	0.6342558775629316
2733294	VALENCE/PLEASANTNESS	0.6301375116620745	0.6717063444001334
5281167	VALENCE/PLEASANTNESS	0.5793303166116986	0.7056141495704651
5281168	VALENCE/PLEASANTNESS	0.40091139929635183	0.6132667660713196
5318599	VALENCE/PLEASANTNESS	0.5353248161928994	0.6959553956985474
5352837	VALENCE/PLEASANTNESS	0.5782327651977539	0.6964467082704816
5364231	VALENCE/PLEASANTNESS	0.5968390532902309	0.6976503900119236
262	VALENCE/PLEASANTNESS	0.509446518761771	0.6102986761501857
323	VALENCE/PLEASANTNESS	0.6428429739815849	0.6599657280104501
750	VALENCE/PLEASANTNESS	0.5387921546186719	0.6060770920344761
753	VALENCE/PLEASANTNESS	0.5188902914524078	0.5995547601154873
962	VALENCE/PLEASANTNESS	0.4954653467450823	0.6491963522774833
5862	VALENCE/PLEASANTNESS	0.44170219557625906	0.6022230046136039
5962	VALENCE/PLEASANTNESS	0.4477373957633972	0.597009905747005
6274	VALENCE/PLEASANTNESS	0.5054133747305188	0.6178288374628339
6322	VALENCE/PLEASANTNESS	0.49086107100759235	0.5932455658912659
6669	VALENCE/PLEASANTNESS	0.725081809929439	0.5670890297208514
7137	VALENCE/PLEASANTNESS	0.7402203253337315	0.744298483644213
15654	VALENCE/PLEASANTNESS	0.42877709014075144	0.6103250469480243
62089	VALENCE/PLEASANTNESS	0.2876341130052294	0.5618194852556501
853433	VALENCE/PLEASANTNESS	0.7183899198259626	0.7125771215983799
5371102	VALENCE/PLEASANTNESS	0.5379415495055062	0.635310709476471
10857465	VALENCE/PLEASANTNESS	0.5198454090527126	0.6461263384137835
180	BAKERY	0.05954675482852118	0.23569215408393315
264	BAKERY	0.06368221794920308	0.2476694413593837
702	BAKERY	0.08153296900647027	0.30313667229243685
1031	BAKERY	0.06860584659235817	0.27243183978966307
3102	BAKERY	0.07122213606323514	0.27133596369198393
3314	BAKERY	0.3157513971839632	0.6589268020221165
6506	BAKERY	0.096821876508849	0.32034146785736084
6544	BAKERY	0.04400623855846269	0.1871774952326502
6561	BAKERY	0.039717789473278184	0.19856087863445282
7092	BAKERY	0.12848311875547683	0.3876452658857618
7302	BAKERY	0.13535169245941298	0.39713168357099804
7476	BAKERY	0.11341510979192597	0.39424059646470205
7559	BAKERY	0.08071585531745638	0.3238981366157532
7657	BAKERY	0.050816399178334644	0.21728520095348358
7770	BAKERY	0.09376783642385687	0.35320222803524565
7793	BAKERY	0.042575345507689884	0.2275969194514411
7797	BAKERY	0.10941504261323384	0.41153350472450256
8025	BAKERY	0.06877972504922322	0.27992619361196247
8049	BAKERY	0.10495675248759133	0.3422784081527165
8094	BAKERY	0.0449342599936894	0.17587901651859283
8419	BAKERY	0.2314183520419257	0.5239005770002093
8438	BAKERY	0.22662910180432455	0.542776495218277
8468	BAKERY	0.1951521017721721	0.486196049622127
8815	BAKERY	0.0872388303812061	0.28896490165165495
8878	BAKERY	0.09954788216522761	0.3773083175931658
9012	BAKERY	0.06860660868031639	0.3246068741594042
10886	BAKERY	0.05076332496745246	0.3036892371518271
11567	BAKERY	0.09301597731454032	0.2786878453833716
12020	BAKERY	0.053615860108818324	0.24293864624840872
12265	BAKERY	0.06848956059132304	0.25036018235342844
12377	BAKERY	0.041333352614726336	0.23032441309520177
16537	BAKERY	0.05704291883323874	0.2499900907278061
17898	BAKERY	0.1878203856093543	0.5100351997784206
18467	BAKERY	0.14701781209026063	0.4192749389580318
21363	BAKERY	0.04230608072664056	0.20111979757036483
27440	BAKERY	0.11265533523900169	0.4121127596923283
31219	BAKERY	0.06546936184167862	0.31306789602552143
31276	BAKERY	0.11343309762222427	0.382202936070306
31283	BAKERY	0.12062151570405279	0.3722841739654541
60998	BAKERY	0.056225430752549856	0.2350488156080246
61523	BAKERY	0.041061547451785634	0.17122212052345276
62351	BAKERY	0.06941792528544154	0.3157194086483547
62465	BAKERY	0.18697700117315566	0.45052181822913034
251531	BAKERY	0.1027052216231823	0.30563304679734365
440917	BAKERY	0.0341906983937536	0.21807285291807993
637758	BAKERY	0.18145626251186645	0.500551198210035
1549025	BAKERY	0.08886362771902766	0.31035633598055157
2733294	BAKERY	0.07544339394995145	0.31137353607586454
5281167	BAKERY	0.06042402716619628	0.284614588533129
5281168	BAKERY	0.04987267404794693	0.21329234114715032
5318599	BAKERY	0.053810251876711845	0.19215632123606546
5352837	BAKERY	0.05481385359806674	0.22540744287627085
5364231	BAKERY	0.07154331409505435	0.32358644689832416
262	BAKERY	0.05665789118834904	0.23718027344771794
323	BAKERY	0.22281112202576228	0.5493350327014923
750	BAKERY	0.1794401024069105	0.45825591683387756
753	BAKERY	0.10181673562952451	0.3193076252937317
962	BAKERY	0.03008994779416493	0.18853697180747986
5862	BAKERY	0.13306071289948054	0.4153006672859192
5962	BAKERY	0.07531700921910149	0.27818288121904644
6274	BAKERY	0.1037722857935088	0.3641696274280548
6322	BAKERY	0.06491477574620928	0.25231748819351196
6669	BAKERY	0.11843242762344224	0.37710478050368174
7137	BAKERY	0.3696521648338863	0.7539721131324768
15654	BAKERY	0.1517725938132831	0.4607909194060734
62089	BAKERY	0.03342221836958613	0.15488387857164657
853433	BAKERY	0.36413153793130604	0.7366884861673627
5371102	BAKERY	0.024518966408712522	0.1849088775260108
10857465	BAKERY	0.04167782089539936	0.2284829808132989
180	SWEET	0.12285486502306801	0.4405451374394553
264	SWEET	0.1307562291622162	0.40991510237966267
702	SWEET	0.1391367848430361	0.4569986718041556
1031	SWEET	0.12620236831051962	0.43390945877347675
3102	SWEET	0.20085773510592325	0.5581158825329372
3314	SWEET	0.32770200286592754	0.6396266903196063
6506	SWEET	0.18147293584687368	0.5184246557099479
6544	SWEET	0.14040677036557878	0.4831242689064571
6561	SWEET	0.12249611850295748	0.4129881262779236
7092	SWEET	0.27203324011393953	0.6420427901404244
7302	SWEET	0.13235910769019807	0.4778649466378348
7476	SWEET	0.3405178615025112	0.7211646352495465
7559	SWEET	0.3892373187201364	0.7801478164536613
7657	SWEET	0.1359365986926215	0.46553669231278555
7770	SWEET	0.39283984899520874	0.7528469562530518
7793	SWEET	0.2799827584198543	0.7027993713106427
7797	SWEET	0.5080714012895312	0.855156021458762
8025	SWEET	0.1377017412866865	0.46214582664625986
8049	SWEET	0.2359530712877001	0.5809420347213745
8094	SWEET	0.1060122341981956	0.3327136720929827
8419	SWEET	0.40881199496132986	0.7444271274975368
8438	SWEET	0.3541265002318791	0.7532332965305873
8468	SWEET	0.20169136779648916	0.56710056747709
8815	SWEET	0.23897030523845128	0.5551669597625732
8878	SWEET	0.5363498032093048	0.82041449206216
9012	SWEET	0.04614164946334703	0.20571912612233842
10886	SWEET	0.3081168362072536	0.6768295935222081
11567	SWEET	0.15502472008977616	0.5063251725264958
12020	SWEET	0.11475753571305956	0.42737787536212374
12265	SWEET	0.09991040400096349	0.3802982441016606
12377	SWEET	0.016147895583084652	0.16539615499121801
16537	SWEET	0.2659155854157039	0.6119541014943805
17898	SWEET	0.14184038660355977	0.5084178830896106
18467	SWEET	0.13303307443857193	0.4722055069037846
21363	SWEET	0.12178655075175422	0.42676214235169546
27440	SWEET	0.09864668548107147	0.4157609854425703
31219	SWEET	0.38818158422197613	0.8023566603660583
31276	SWEET	0.47638959118298124	0.8207371149744306
31283	SWEET	0.17548644436257227	0.4773555440562112
60998	SWEET	0.2266228667327336	0.637294317994799
61523	SWEET	0.14831251970359258	0.4847802221775055
62351	SWEET	0.07094528100320271	0.301839108977999
62465	SWEET	0.1657824707882745	0.4865554358278002
251531	SWEET	0.2586253838879721	0.6352741292544773
440917	SWEET	0.1966993021113532	0.5335620471409389
637758	SWEET	0.433282094342368	0.8283793330192566
1549025	SWEET	0.33929532766342163	0.6840364507266453
2733294	SWEET	0.3675132138388498	0.7008818728583199
5281167	SWEET	0.2670657592160361	0.6398953880582537
5281168	SWEET	0.10512523459536689	0.37852433749607634
5318599	SWEET	0.2515099176338741	0.5703421831130981
5352837	SWEET	0.26849583217075895	0.6181422301701137
5364231	SWEET	0.2876703270844051	0.6430139541625977
262	SWEET	0.14151527945484435	0.4768108257225582
323	SWEET	0.34241855995995657	0.7581906318664551
750	SWEET	0.18705920449325017	0.526013331753867
753	SWEET	0.14529478017772948	0.48391403896468027
962	SWEET	0.13542864684547698	0.47612098285130094
5862	SWEET	0.1084595535482679	0.40106623087610516
5962	SWEET	0.11154587992600032	0.4167027303150722
6274	SWEET	0.12135998372520719	0.4602470397949219
6322	SWEET	0.11235915017979485	0.421953592981611
6669	SWEET	0.3348298839160374	0.6741984231131417
7137	SWEET	0.49963761227471487	0.8805986813136509
15654	SWEET	0.11257671245506831	0.4397784173488617
62089	SWEET	0.04621814350996699	0.2799494777406965
853433	SWEET	0.45634820205824717	0.8100086961473737
5371102	SWEET	0.14792664349079132	0.4565305369240897
10857465	SWEET	0.18385730045182364	0.4848147545542036
180	FRUIT	0.07656776984887463	0.2817194291523525
264	FRUIT	0.08302026401673045	0.25233369852815357
702	FRUIT	0.08764643488185746	0.25034057242529734
1031	FRUIT	0.07999198830553464	0.24491975137165614
3102	FRUIT	0.12368241165365491	0.347591940845762
3314	FRUIT	0.08927481781159129	0.2795300143105643
6506	FRUIT	0.11879753002098628	0.3177160492965153
6544	FRUIT	0.09602275171450206	0.3095404463154929
6561	FRUIT	0.0921945327094623	0.29250962819371906
7092	FRUIT	0.16433127224445343	0.4191885420254299
7302	FRUIT	0.06266818568110466	0.22250902226993016
7476	FRUIT	0.220177988920893	0.5016237923077175
7559	FRUIT	0.3283668948071344	0.6710430043084281
7657	FRUIT	0.09070292221648353	0.2859619046960558
7770	FRUIT	0.35632250138691496	0.6412447605814252
7793	FRUIT	0.20743784521307265	0.48223788823400227
7797	FRUIT	0.5175676260675702	0.8256259986332485
8025	FRUIT	0.07859710018549647	0.27834079946790424
8049	FRUIT	0.15287598754678453	0.3624411736215864
8094	FRUIT	0.14495605549642018	0.3261784826006208
8419	FRUIT	0.20633920175688608	0.4842270016670227
8438	FRUIT	0.17453355874334062	0.4403842772756304
8468	FRUIT	0.08364205701010567	0.24562651131834304
8815	FRUIT	0.149189687200955	0.38350715807506014
8878	FRUIT	0.5408076473644802	0.7951603787285941
9012	FRUIT	0.05295938838805471	0.13336961077792303
10886	FRUIT	0.3273696388517107	0.6069054859025138
11567	FRUIT	0.08999983221292496	0.3201012739113399
12020	FRUIT	0.07135549400533948	0.27069757665906635
12265	FRUIT	0.06640518004340785	0.22678279450961522
12377	FRUIT	0.051329185387917926	0.12660258901970728
16537	FRUIT	0.2504558925117765	0.5252622663974762
17898	FRUIT	0.05360331279890878	0.1965860958610262
18467	FRUIT	0.059533891933304925	0.2056925126484462
21363	FRUIT	0.10915678313800267	0.27920020052364897
27440	FRUIT	0.05379613329257284	0.1946162176983697
31219	FRUIT	0.3283635250159672	0.6888972520828247
31276	FRUIT	0.4631766251155308	0.7542159046445575
31283	FRUIT	0.1089830334697451	0.25551973283290863
60998	FRUIT	0.14772962033748627	0.4383186101913452
61523	FRUIT	0.12795313128403255	0.3490869871207646
62351	FRUIT	0.06525219764028277	0.19646164349147252
62465	FRUIT	0.06885687980268683	0.2158458935362952
251531	FRUIT	0.12453471656356539	0.32467914479119436
440917	FRUIT	0.17267965418951853	0.4282060606139047
637758	FRUIT	0.23674053379467555	0.5528261959552765
1549025	FRUIT	0.33945096816335407	0.6204888565199715
2733294	FRUIT	0.444477094071252	0.7214914049421038
5281167	FRUIT	0.3235127010515758	0.5970675689833504
5281168	FRUIT	0.14797039649316243	0.3518667348793575
5318599	FRUIT	0.2969848002706255	0.5425177982875279
5352837	FRUIT	0.3160995351416724	0.5644651140485492
5364231	FRUIT	0.4036791580063956	0.6438386355127607
262	FRUIT	0.09100300180060523	0.28688261764390127
323	FRUIT	0.16905012726783752	0.4466991722583771
750	FRUIT	0.07453686850411552	0.20847242431981222
753	FRUIT	0.0761610423879964	0.23143157362937927
962	FRUIT	0.10859489015170506	0.3111532543386732
5862	FRUIT	0.0489264614880085	0.15746397844382695
5962	FRUIT	0.08715516754559108	0.2212621122598648
6274	FRUIT	0.07444846364004272	0.1974877268075943
6322	FRUIT	0.09015698518071856	0.22239882605416433
6669	FRUIT	0.13206476718187332	0.3710452275616782
7137	FRUIT	0.16581104695796967	0.45983137828963144
15654	FRUIT	0.059846767889601846	0.18012348030294692
62089	FRUIT	0.09130238848073143	0.25825551577976774
853433	FRUIT	0.1344389979328428	0.40593753116471426
5371102	FRUIT	0.11035797106368202	0.29517960974148344
10857465	FRUIT	0.16595356804983957	0.31989551867757526
180	FISH	0.013679093016045434	0.09678429258721215
264	FISH	0.08725609470691	0.21590659660952433
702	FISH	0.027447252667375972	0.10652189009955951
1031	FISH	0.038350441227001805	0.12105400221688407
3102	FISH	0.00855684666229146	0.08808981307915278
3314	FISH	0.027121833392551968	0.12832788803747722
6506	FISH	0.015075906179845333	0.11141333250062806
6544	FISH	0.005141717647867543	0.07474007457494736
6561	FISH	0.049779451585241725	0.16695065370627812
7092	FISH	0.01395391539803573	0.08749774790235929
7302	FISH	0.05670758443219321	0.18778567441872188
7476	FISH	-0.006348438028778348	0.05543667876294681
7559	FISH	0.0420099137617009	0.13070465198584966
7657	FISH	0.029403802805713246	0.14501355694872992
7770	FISH	0.020036214031279087	0.10965427224125181
7793	FISH	-0.007420115971139499	0.07530611540590014
7797	FISH	-0.00046177368078913005	0.05793293831603868
8025	FISH	0.04004009626805782	0.1490056642464229
8049	FISH	-0.012175114160137517	0.07940305317086833
8094	FISH	0.05340279000146048	0.1971195297581809
8419	FISH	-0.009042143156485898	0.0648561774619988
8438	FISH	-0.00782012872930084	0.0606247814638274
8468	FISH	0.009219718431787831	0.08720179061804499
8815	FISH	0.04245229211768934	0.0994604719536645
8878	FISH	0.003641987086406776	0.0706767016755683
9012	FISH	0.2935615543808256	0.5234663358756474
10886	FISH	0.010075995033340794	0.11988655903509685
11567	FISH	0.008479862340859004	0.11414845819984164
12020	FISH	0.02666207549295255	0.1308094710111618
12265	FISH	0.033906007185578346	0.14474695175886154
12377	FISH	0.31687084691865103	0.5855030247143337
16537	FISH	0.01107826376599925	0.06986581001962934
17898	FISH	0.025997579097747803	0.15442845331771032
18467	FISH	0.022840325853654316	0.13880568742752075
21363	FISH	0.08914578227060181	0.19758369880063192
27440	FISH	0.10666849889925548	0.27534973195620943
31219	FISH	0.001607593148946762	0.060766927897930145
31276	FISH	-0.00589456848267998	0.07340977287718228
31283	FISH	0.016154310799070766	0.11792707070708275
60998	FISH	0.04425320428396974	0.159514382481575
61523	FISH	0.07759265974164009	0.2215123325586319
62351	FISH	0.1866432981831687	0.3748780999864851
62465	FISH	0.03505101254475968	0.1341219044157437
251531	FISH	-0.0037519559264183044	0.03464768560869353
440917	FISH	-0.02344591303595475	0.02175785494702203
637758	FISH	-0.010542437168104308	0.058591729562197416
1549025	FISH	-0.007317270817501205	0.07070773201329368
2733294	FISH	0.030658753854887828	0.11005457703556333
5281167	FISH	0.016531338383044516	0.12583933025598526
5281168	FISH	0.0628344076020377	0.2052364477089473
5318599	FISH	0.022297205137354986	0.10922638433320182
5352837	FISH	0.015674801410308907	0.09658259472676686
5364231	FISH	0.010817207262984343	0.10495536561523165
262	FISH	-0.005452517952237811	0.05928523891738483
323	FISH	-0.004743784932153565	0.05817361867853573
750	FISH	0.0021282371931842397	0.08035834293280329
753	FISH	0.003969032450446061	0.07029125200850624
962	FISH	-0.006325244637472289	0.059491420962980816
5862	FISH	0.08898837172559329	0.25477066210338045
5962	FISH	0.051519189828208516	0.1590911926967757
6274	FISH	0.01792688694383417	0.10663478076457977
6322	FISH	0.018371421777244126	0.08586653162326131
6669	FISH	-0.032796960324048996	-0.004683969010199819
7137	FISH	-0.019188544180776392	0.06674738654068538
15654	FISH	0.06624963693320751	0.21628888377121516
62089	FISH	0.049279597720929554	0.18932008104664938
853433	FISH	-0.011056268587708473	0.08133225781576973
5371102	FISH	0.024659272017223493	0.12142941355705261
10857465	FISH	0.09667354130319186	0.18731440071548736
180	GARLIC	0.07259145112974304	0.22683294330324447
264	GARLIC	0.14336462957518442	0.35250269515173777
702	GARLIC	0.10626561301095146	0.2835493300642286
1031	GARLIC	0.10706437591995512	0.28204804233142305
3102	GARLIC	0.04334450167204652	0.16673557886055537
3314	GARLIC	0.04184083214827946	0.18896364314215525
6506	GARLIC	0.08299085284982409	0.2526670204741614
6544	GARLIC	0.06462429836392403	0.19975527908120835
6561	GARLIC	0.10156983669315066	0.27716830159936634
7092	GARLIC	0.06316712179354259	0.1711502309356417
7302	GARLIC	0.139764489872115	0.3339506345135825
7476	GARLIC	0.04497206876320498	0.14638706828866685
7559	GARLIC	0.035142816603183746	0.14384222137076513
7657	GARLIC	0.06741368344851903	0.21736811527184077
7770	GARLIC	0.04474369436502457	0.17560093104839325
7793	GARLIC	0.03559585234948567	0.15012480318546295
7797	GARLIC	0.025905453733035495	0.13103060637201583
8025	GARLIC	0.11360756840024676	0.29710530383246286
8049	GARLIC	0.053492268813507896	0.2159378698893956
8094	GARLIC	0.09926982596516609	0.2980213761329651
8419	GARLIC	0.033020599612167904	0.135214093540396
8438	GARLIC	0.042800468259624073	0.15787953564098903
8468	GARLIC	0.06859885741557394	0.2409855808530535
8815	GARLIC	0.07926346255200249	0.19386489476476396
8878	GARLIC	0.028868932543056353	0.13600796567542212
9012	GARLIC	0.3047932194811957	0.5427336139338357
10886	GARLIC	0.03621226203228746	0.18745769134589604
11567	GARLIC	0.05035070117030825	0.1785965519292014
12020	GARLIC	0.09288215211459569	0.2671761172158377
12265	GARLIC	0.08792879326002938	0.260109149983951
12377	GARLIC	0.42512150747435434	0.6536297627857753
16537	GARLIC	0.054506613207714896	0.1778573031936373
17898	GARLIC	0.09526802492993218	0.3078709202153342
18467	GARLIC	0.09888387098908424	0.29606438108852934
21363	GARLIC	0.0854442183460508	0.28367469353335245
27440	GARLIC	0.1605840027332306	0.3776254653930664
31219	GARLIC	0.03007162655038493	0.12472335355622428
31276	GARLIC	0.03145521613104003	0.1503451807158334
31283	GARLIC	0.07061929122677871	0.25124247797897886
60998	GARLIC	0.04496546621833529	0.22550621628761292
61523	GARLIC	0.08667607711894172	0.23679125096116746
62351	GARLIC	0.2427636023078646	0.487378260919026
62465	GARLIC	0.05380239204636642	0.20308787056377955
251531	GARLIC	0.05411996107016291	0.16041066178253718
440917	GARLIC	0.0684700608253479	0.20567354559898376
637758	GARLIC	0.04621648070003305	0.15314533029283797
1549025	GARLIC	0.04887426591345242	0.1828839374440057
2733294	GARLIC	0.045311088274632184	0.18062755039760045
5281167	GARLIC	0.05439677169280393	0.19510648931775773
5281168	GARLIC	0.11580422201326915	0.31478854162352427
5318599	GARLIC	0.05808692052960396	0.17509782101426805
5352837	GARLIC	0.05096922708409173	0.16949936747550964
5364231	GARLIC	0.04958363835300718	0.17814397811889648
262	GARLIC	0.06368884603892054	0.20531125792435237
323	GARLIC	0.04225660248526505	0.15315572598150798
750	GARLIC	0.08598165107624871	0.2537885308265686
753	GARLIC	0.07858334907463618	0.2471711380141122
962	GARLIC	0.045167498024446626	0.17561039115701402
5862	GARLIC	0.20620050600596837	0.41245870505060467
5962	GARLIC	0.09846276044845581	0.2723764585597174
6274	GARLIC	0.09759883795465742	0.286406472325325
6322	GARLIC	0.07464106913123812	0.24343007164342062
6669	GARLIC	0.03759640082716942	0.11633385611431939
7137	GARLIC	0.022888044959732463	0.13131798378058843
15654	GARLIC	0.15536712322916305	0.3705699784415109
62089	GARLIC	0.0944112938429628	0.30312465769904
853433	GARLIC	0.016526254692247937	0.13633012239422118
5371102	GARLIC	0.0867496979023729	0.22941571474075317
10857465	GARLIC	0.060946187270539146	0.21659465772765024
180	SPICES	0.1348735668829509	0.32239375369889395
264	SPICES	0.15098487798656737	0.3246293578829084
702	SPICES	0.1798661755664008	0.3699803480080196
1031	SPICES	0.17044400104454585	0.35500640528542654
3102	SPICES	0.16788579523563385	0.34410511595862253
3314	SPICES	0.4109484851360321	0.6695655499185834
6506	SPICES	0.19195296508925302	0.37187852604048593
6544	SPICES	0.24077912526471273	0.448855996131897
6561	SPICES	0.11668455387864794	0.3047907991068704
7092	SPICES	0.3091175981930324	0.5217359066009521
7302	SPICES	0.17120853066444397	0.39361026883125305
7476	SPICES	0.17537582984992436	0.40298465745789663
7559	SPICES	0.15076943593365805	0.39868010793413433
7657	SPICES	0.16302489595753805	0.33826948063714163
7770	SPICES	0.11552088069064277	0.3354851348059518
7793	SPICES	0.13266941479274205	0.3652303772313254
7797	SPICES	0.14435772917100362	0.38225233129092623
8025	SPICES	0.1570580835853304	0.3508367793900626
8049	SPICES	0.13492148582424437	0.3327337035111019
8094	SPICES	0.13414938109261648	0.31553412335259573
8419	SPICES	0.20649877403463637	0.4589455212865557
8438	SPICES	0.23108490024294173	0.45791169575282503
8468	SPICES	0.24293136170932225	0.45962477581841604
8815	SPICES	0.41115654366356985	0.6328723004886082
8878	SPICES	0.10986331637416567	0.3367032493863787
9012	SPICES	0.2730919825179236	0.4799894264766148
10886	SPICES	0.12208400453839983	0.33604412419455393
11567	SPICES	0.14504858638559068	0.3493088824408395
12020	SPICES	0.14892213152987616	0.3362346036093576
12265	SPICES	0.14684613261904036	0.3299041475568499
12377	SPICES	0.2834362472806658	0.5116249578339713
16537	SPICES	0.17936223532472337	0.40707739336150034
17898	SPICES	0.21654218009540013	0.4451067234788622
18467	SPICES	0.20630502700805664	0.4205424998487745
21363	SPICES	0.14372986555099487	0.3220059701374599
27440	SPICES	0.18317851849964686	0.4035552740097046
31219	SPICES	0.13884541924510682	0.3862505725451878
31276	SPICES	0.11809353743280683	0.3410895935126713
31283	SPICES	0.15267757219927652	0.3498179742268154
60998	SPICES	0.1767875169004713	0.3805296676499503
61523	SPICES	0.20560867658683232	0.3964377854551588
62351	SPICES	0.2527375178677695	0.4719791625227247
62465	SPICES	0.2915444863694055	0.5405742015157428
251531	SPICES	0.2226902267762593	0.38600692578724455
440917	SPICES	0.24135356928621018	0.49264934233256746
637758	SPICES	0.2539934537240437	0.4933523195130484
1549025	SPICES	0.14383579790592194	0.3572410004479544
2733294	SPICES	0.1458370749439512	0.34452626960618155
5281167	SPICES	0.16224765990461623	0.3652143435818808
5281168	SPICES	0.16818134912422725	0.36719452483313425
5318599	SPICES	0.14537444710731506	0.3242523031575339
5352837	SPICES	0.15151867270469666	0.3281132365976061
5364231	SPICES	0.16751043711389815	0.3601932610784258
262	SPICES	0.14783139739717757	0.3154486375195639
323	SPICES	0.2620217076369694	0.4955880897385733
750	SPICES	0.19643646478652954	0.4136383320604052
753	SPICES	0.16259653866291046	0.35949940766607014
962	SPICES	0.12363079616001674	0.30901980825832914
5862	SPICES	0.2368852198123932	0.45141654355185373
5962	SPICES	0.15172814471381052	0.3501724771090916
6274	SPICES	0.19236481828348978	0.3987165519169399
6322	SPICES	0.15472189230578287	0.35146734969956533
6669	SPICES	0.11138525711638587	0.3084887606757028
7137	SPICES	0.4623396396636963	0.7202593854495457
15654	SPICES	0.2402786080326353	0.4593784383365086
62089	SPICES	0.11425781037126269	0.3081356542451041
853433	SPICES	0.42547495450292316	0.6823729702404567
5371102	SPICES	0.2538675516843796	0.42042990241731915
10857465	SPICES	0.14324019104242325	0.3967305208955492
180	COLD	0.26396457850933075	0.45334817681993755
264	COLD	0.1547921033842223	0.2973226564271109
702	COLD	0.23965112226349966	0.38811722823551725
1031	COLD	0.2419422290154866	0.3827005795070103
3102	COLD	0.2904214475836073	0.49396222829818726
3314	COLD	0.15673006858144486	0.3128884583711624
6506	COLD	0.22846096754074097	0.41404737319265095
6544	COLD	0.3367724972111838	0.5308274584157127
6561	COLD	0.20746487166200364	0.3714750238827297
7092	COLD	0.3013264068535396	0.48866638966969084
7302	COLD	0.20511352377278463	0.35361942648887634
7476	COLD	0.27329969831875395	0.4925370514392853
7559	COLD	0.2841861162866865	0.5129815978663308
7657	COLD	0.2594411713736398	0.45426368713378906
7770	COLD	0.27731720890317646	0.4866285281521933
7793	COLD	0.279957788331168	0.5271982337747302
7797	COLD	0.31447548525674	0.5447596694741931
8025	COLD	0.21888620725699834	0.36435038277081083
8049	COLD	0.234842592052051	0.41290317688669476
8094	COLD	0.2131630778312683	0.38106859156063627
8419	COLD	0.23300534061023168	0.45268956678254263
8438	COLD	0.2455918746335166	0.4389339642865317
8468	COLD	0.20087677666119166	0.38901772669383455
8815	COLD	0.322261814560209	0.49474378143038067
8878	COLD	0.3131286544459207	0.5134255247456687
9012	COLD	0.12609943321772984	0.25600303283759523
10886	COLD	0.23623003917081015	0.4491652718612126
11567	COLD	0.35844707063266207	0.5380889560495105
12020	COLD	0.24088066603456224	0.4245779258864267
12265	COLD	0.2398101623569216	0.4191443068640573
12377	COLD	0.11679832211562566	0.26338822501046316
16537	COLD	0.2918452833380018	0.514095847095762
17898	COLD	0.17858402856758662	0.33277746183531626
18467	COLD	0.1980774083307811	0.3527843270983015
21363	COLD	0.21615633155618394	0.36893964665276663
27440	COLD	0.17646804451942444	0.33589632170540945
31219	COLD	0.33742732235363554	0.5526623896190098
31276	COLD	0.30534996730940683	0.505560257605144
31283	COLD	0.21233635715075902	0.3695545622280666
60998	COLD	0.19912453208650863	0.4003112443855831
61523	COLD	0.2138166448899678	0.43657323718070984
62351	COLD	0.16746030109269278	0.3089398145675659
62465	COLD	0.20932850241661072	0.4127238988876343
251531	COLD	0.24145605734416417	0.434541323355266
440917	COLD	0.4341332060950143	0.6257869260651725
637758	COLD	0.24769486486911774	0.4356118312903813
1549025	COLD	0.26447219933782307	0.4537414482661656
2733294	COLD	0.28004842145102365	0.49025558148111614
5281167	COLD	0.2768842322485788	0.49861230169023785
5281168	COLD	0.2306094148329326	0.4118980084146772
5318599	COLD	0.296664365700313	0.5170792979853494
5352837	COLD	0.29577088356018066	0.5176264047622681
5364231	COLD	0.2520355497087751	0.4852495108331953
262	COLD	0.31632574115480694	0.5128929018974304
323	COLD	0.28637546726635527	0.46531337925365995
750	COLD	0.20837528577872685	0.3530370891094208
753	COLD	0.255373831306185	0.43722472872052875
962	COLD	0.3441561162471771	0.5553632634026664
5862	COLD	0.1503403495465006	0.2853814491203853
5962	COLD	0.23883551784924098	0.4046937312398638
6274	COLD	0.2324023629937853	0.40493331636701313
6322	COLD	0.2774929404258728	0.4597315660544804
6669	COLD	0.3335421936852591	0.5187049550669534
7137	COLD	0.20365250749247416	0.3727341720036098
15654	COLD	0.15437809377908707	0.3016872193132128
62089	COLD	0.19912009792668478	0.369701019355229
853433	COLD	0.1765633374452591	0.3514675923756191
5371102	COLD	0.22101168973105295	0.414533542735236
10857465	COLD	0.26174213205065044	0.4828522631100246
180	SOUR	0.26595983122076305	0.47900639687265667
264	SOUR	0.633358474288668	0.7726454990250724
702	SOUR	0.27766852506569456	0.4846882053783962
1031	SOUR	0.2906360072749002	0.4936603009700775
3102	SOUR	0.18182198064667837	0.3673139342239925
3314	SOUR	0.11408527514764241	0.3329205683299473
6506	SOUR	0.2593322992324829	0.480523339339665
6544	SOUR	0.24757907220295497	0.451731447662626
6561	SOUR	0.42338242701121737	0.6076964395386832
7092	SOUR	0.1458775805575507	0.36415195039340426
7302	SOUR	0.3223206230572292	0.5361094432217735
7476	SOUR	0.16869649291038513	0.3886349286351885
7559	SOUR	0.21245842746325902	0.46492163624082294
7657	SOUR	0.22215778912816728	0.4371490776538849
7770	SOUR	0.2645510137081146	0.5104027262755803
7793	SOUR	0.13605588248797826	0.38684686166899546
7797	SOUR	0.17958447550024306	0.4456338201250349
8025	SOUR	0.3825647064617702	0.5735983593123299
8049	SOUR	0.23235108384064265	0.43563906635556904
8094	SOUR	0.41182413697242737	0.6426136834280831
8419	SOUR	0.16450638962643488	0.3777230509689876
8438	SOUR	0.1398146759186472	0.350096195936203
8468	SOUR	0.17468265550477163	0.41047893677439007
8815	SOUR	0.145304160458701	0.3749820462294987
8878	SOUR	0.2064563866172518	0.4564612720693861
9012	SOUR	0.3334161468914577	0.5836218595504761
10886	SOUR	0.2236502127987998	0.46702541623796734
11567	SOUR	0.2189206906727382	0.42713190402303425
12020	SOUR	0.255544262272971	0.48013948116983685
12265	SOUR	0.23002327339989798	0.4577744092260088
12377	SOUR	0.39525060994284494	0.689298757484981
16537	SOUR	0.1941156940800803	0.434841764824731
17898	SOUR	0.23693139212472097	0.47605265038354055
18467	SOUR	0.23565959930419922	0.4688801041671208
21363	SOUR	0.4400814345904759	0.6254687649863107
27440	SOUR	0.3105565181800297	0.5592443602425712
31219	SOUR	0.1954130232334137	0.4407303844179426
31276	SOUR	0.22631346115044185	0.4957716890743801
31283	SOUR	0.16700117502893722	0.39307901688984465
60998	SOUR	0.2613365224429539	0.5179085433483124
61523	SOUR	0.2606536405427115	0.5074452119214194
62351	SOUR	0.33500851477895466	0.5820428047861371
62465	SOUR	0.1760538284267698	0.37586550201688496
251531	SOUR	0.1419925700340952	0.3639653537954603
440917	SOUR	0.20313049001353128	0.4391695261001587
637758	SOUR	0.1701241923230035	0.40744425995009287
1549025	SOUR	0.23102303275040217	0.473945894411632
2733294	SOUR	0.2658884312425341	0.508632481098175
5281167	SOUR	0.23665576108864375	0.48870769143104553
5281168	SOUR	0.39329286984034945	0.6142596772738865
5318599	SOUR	0.26258240001542227	0.4989402038710458
5352837	SOUR	0.21878921347005026	0.46643638610839844
5364231	SOUR	0.22561417945793696	0.4701367361204965
262	SOUR	0.2224092526095254	0.4326971769332886
323	SOUR	0.12212746271065303	0.3360571137496403
750	SOUR	0.23156143937792098	0.4568895399570465
753	SOUR	0.24821742730481283	0.46535758461271015
962	SOUR	0.2223581416266305	0.41942724159785677
5862	SOUR	0.29993179866245817	0.5322311776024955
5962	SOUR	0.29279372096061707	0.50947162934712
6274	SOUR	0.24342516703265055	0.4834072930472238
6322	SOUR	0.24834863628659928	0.47305070076669964
6669	SOUR	0.1671187856367656	0.30343593444143024
7137	SOUR	0.08373968303203583	0.3136429467371532
15654	SOUR	0.2568962275981903	0.49178068126950947
62089	SOUR	0.4273935982159206	0.6421221920422145
853433	SOUR	0.09031267889908381	0.31070810556411743
5371102	SOUR	0.2134236182485308	0.4477584660053253
10857465	SOUR	0.28247019009930746	0.5562160526003156
180	BURNT	0.09839460892336709	0.3011236233370645
264	BURNT	0.08610242924519948	0.3427167662552425
702	BURNT	0.10482662277562278	0.29947568689073834
1031	BURNT	0.09873059285538537	0.30467946188790457
3102	BURNT	0.09583807310887746	0.31953715852328707
3314	BURNT	0.17130636743136815	0.4792036499295916
6506	BURNT	0.1221196459872382	0.33790625418935505
6544	BURNT	0.10573531580822808	0.31258571999413626
6561	BURNT	0.11638536410672325	0.3516099878719875
7092	BURNT	0.11254988397870745	0.3246572656290872
7302	BURNT	0.23360798401491983	0.48901095560618807
7476	BURNT	0.08064734935760498	0.2739637281213488
7559	BURNT	0.07675236303891454	0.2899594860417502
7657	BURNT	0.12165889569691249	0.36044375385556904
7770	BURNT	0.0779981602515493	0.2550763062068394
7793	BURNT	0.07536758216364044	0.2781702833516257
7797	BURNT	0.06024515948125294	0.22625290283135005
8025	BURNT	0.11468094055141721	0.3388262093067169
8049	BURNT	0.12064066529273987	0.3285775738103049
8094	BURNT	0.18605243733951024	0.5121922492980957
8419	BURNT	0.13793418662888662	0.3818223348685673
8438	BURNT	0.124186529644898	0.33041699869292124
8468	BURNT	0.17140669694968633	0.4109900891780853
8815	BURNT	0.10681688679116112	0.34474165950502667
8878	BURNT	0.05601725567664419	0.24321831337043218
9012	BURNT	0.31785435335976736	0.6195937735693795
10886	BURNT	0.07474738572325025	0.276497483253479
11567	BURNT	0.1876381060906819	0.4383895482335772
12020	BURNT	0.11240006770406451	0.34647081579480854
12265	BURNT	0.14044928976467677	0.3897349110671452
12377	BURNT	0.23151755120073045	0.5105971779142108
16537	BURNT	0.06773095897265843	0.2574595255511148
17898	BURNT	0.28809783288410734	0.5842788091727665
18467	BURNT	0.22040114658219473	0.49593436292239595
21363	BURNT	0.09198327202882085	0.34670965160642353
27440	BURNT	0.3014865070581436	0.5996188691684178
31219	BURNT	0.06111388493861471	0.24994284553187235
31276	BURNT	0.05938723310828209	0.22539472367082322
31283	BURNT	0.19990511238574982	0.4557097341333117
60998	BURNT	0.1323400576199804	0.34807819979531424
61523	BURNT	0.12865175626107625	0.38974009241376606
62351	BURNT	0.23421192169189453	0.5280825666018895
62465	BURNT	0.24578418689114706	0.5962965445859092
251531	BURNT	0.08134581308279719	0.23619199224880763
440917	BURNT	0.10184302393879209	0.338427654334477
637758	BURNT	0.06413370104772705	0.25093026884964537
1549025	BURNT	0.06515653404806342	0.253855151789529
2733294	BURNT	0.08722586610487529	0.29647704107420786
5281167	BURNT	0.09337466423000608	0.32422892110688345
5281168	BURNT	0.142614412520613	0.4365883767604828
5318599	BURNT	0.12125919120652336	0.40529165097645353
5352837	BURNT	0.10159272487674441	0.3530843300478799
5364231	BURNT	0.12205171478646142	0.3632826549666269
262	BURNT	0.08533538611871856	0.2824535540172032
323	BURNT	0.1318102947303227	0.3186595269611904
750	BURNT	0.1625591740012169	0.40464222856930326
753	BURNT	0.12189581883805138	0.342516085931233
962	BURNT	0.0915660671889782	0.31477140954562594
5862	BURNT	0.22897504908697947	0.4893696393285479
5962	BURNT	0.15561645371573313	0.4151485392025539
6274	BURNT	0.17148566033158982	0.4278981217316219
6322	BURNT	0.13912846467324666	0.39180014388901846
6669	BURNT	0.029222278988787105	0.17701495119503566
7137	BURNT	0.13956298785550253	0.4036278894969395
15654	BURNT	0.27466216470514027	0.5543280754770551
62089	BURNT	0.22311820941311972	0.5308701268264225
853433	BURNT	0.14044731003897531	0.40579868214471
5371102	BURNT	0.09905606721128736	0.30462847862924847
10857465	BURNT	0.07856062799692154	0.34581836206572397
180	ACID	0.31200924941471647	0.48223908458437237
264	ACID	0.21929505254541123	0.3914821743965149
702	ACID	0.15840508256639754	0.350303658417293
1031	ACID	0.184123124395098	0.3736681171825954
3102	ACID	0.2662099323102406	0.43156926546777996
3314	ACID	0.10392034905297416	0.24238260516098567
6506	ACID	0.17923645888056075	0.34804824420384
6544	ACID	0.25957146286964417	0.4444313475063869
6561	ACID	0.3138865573065622	0.47954824566841125
7092	ACID	0.19662430669580186	0.36956686207226347
7302	ACID	0.24945006200245448	0.43260570083345684
7476	ACID	0.12770350064550126	0.3155659181731088
7559	ACID	0.1983016367469515	0.4211808868816921
7657	ACID	0.29260821427617756	0.46377111758504597
7770	ACID	0.20891857998711721	0.4028509727546147
7793	ACID	0.19153980910778046	0.44138681462832857
7797	ACID	0.1407770716718265	0.33014496309416635
8025	ACID	0.22641088494232722	0.4038932962077005
8049	ACID	0.17287978317056382	0.3433071417467935
8094	ACID	0.2944399757044656	0.47334030270576477
8419	ACID	0.131022575710501	0.32435358847890583
8438	ACID	0.13367252796888351	0.30935241494859966
8468	ACID	0.1592609201158796	0.3087198393685477
8815	ACID	0.2117256564753396	0.37367930156844004
8878	ACID	0.1381021567753383	0.3399125167301723
9012	ACID	0.2463971653154918	0.4411796544279371
10886	ACID	0.1712218906198229	0.36093281848090036
11567	ACID	0.43207881280354093	0.6023039477212089
12020	ACID	0.2951303848198482	0.45621628846441
12265	ACID	0.3283431189400809	0.48150268622807096
12377	ACID	0.23000839991228922	0.45487124153545927
16537	ACID	0.2062031775712967	0.3913088696343558
17898	ACID	0.1802427747419902	0.36900362372398376
18467	ACID	0.18544901481696538	0.3707794376782009
21363	ACID	0.25566585787705015	0.4449168188231332
27440	ACID	0.24698593148163386	0.4328061640262604
31219	ACID	0.21815375345093863	0.41868019104003906
31276	ACID	0.17826284681047713	0.3831268123217991
31283	ACID	0.14453888684511185	0.3138891075338636
60998	ACID	0.20318661843027389	0.4198221266269684
61523	ACID	0.23998351395130157	0.48135194182395935
62351	ACID	0.22807041023458755	0.40360712579318453
62465	ACID	0.25067953765392303	0.4258878358772823
251531	ACID	0.12852982857397624	0.31058610337121145
440917	ACID	0.3544050667967115	0.5382825902530125
637758	ACID	0.1021246388554573	0.2873542990003313
1549025	ACID	0.16586514455931528	0.3601357042789459
2733294	ACID	0.17696184984275273	0.34539762139320374
5281167	ACID	0.17920989223888942	0.3662948991571154
5281168	ACID	0.25202211099011557	0.4277308200086866
5318599	ACID	0.2451420362506594	0.47231600540024893
5352837	ACID	0.21370368770190648	0.4253783140863691
5364231	ACID	0.13231331642184938	0.3019448518753052
262	ACID	0.29217805181230816	0.4709428037915911
323	ACID	0.15149549075535365	0.32087303485189167
750	ACID	0.15679564752749034	0.32043946215084623
753	ACID	0.22138766944408417	0.4018905631133488
962	ACID	0.33342666711126057	0.518809186560767
5862	ACID	0.14787072369030543	0.33197690759386334
5962	ACID	0.21941642037459783	0.4033598176070622
6274	ACID	0.19043364482266562	0.37028487239565167
6322	ACID	0.23153928135122573	0.43109651122774395
6669	ACID	0.0945867385183062	0.2864417391163962
7137	ACID	0.0800212062895298	0.23731831567628042
15654	ACID	0.1551551084433283	0.33805625779288156
62089	ACID	0.33268119181905476	0.5152269218649183
853433	ACID	0.06695167347788811	0.2173637683902468
5371102	ACID	0.20208000923906053	0.37498147998537334
10857465	ACID	0.2743537851742336	0.5000137133257729
180	WARM	0.2413603471858161	0.40526086517742704
264	WARM	0.3359907865524292	0.5441430381366185
702	WARM	0.2509989802326475	0.42137346948896137
1031	WARM	0.2421578594616481	0.4158419668674469
3102	WARM	0.30003673689705984	0.48725731883730206
3314	WARM	0.5949964693614415	0.734036556312016
6506	WARM	0.32128586513655527	0.5021420248917171
6544	WARM	0.32384298528943745	0.5069275540964944
6561	WARM	0.2653782516717911	0.4634002149105072
7092	WARM	0.38797411748341154	0.5695039715085711
7302	WARM	0.37509005410330637	0.5523805703435626
7476	WARM	0.3626462646893093	0.5565178607191358
7559	WARM	0.36906089953013826	0.5908659185682025
7657	WARM	0.2899653741291591	0.48760724493435453
7770	WARM	0.32780955518995014	0.5509699838502067
7793	WARM	0.3285030169146402	0.4932250508240291
7797	WARM	0.3555281673158918	0.5627465333257403
8025	WARM	0.28236199276787893	0.4763486385345459
8049	WARM	0.34367116008486065	0.5276818786348615
8094	WARM	0.34363200834819246	0.5631110497883388
8419	WARM	0.5081787535122463	0.665643538747515
8438	WARM	0.4330893116337912	0.5914503931999207
8468	WARM	0.3948331688131605	0.556926314319883
8815	WARM	0.39338554229055134	0.5890428168433053
8878	WARM	0.34854805895260405	0.5742865630558559
9012	WARM	0.34864465253693716	0.5933944242341178
10886	WARM	0.2768323974949973	0.4872472413948604
11567	WARM	0.3502377654824938	0.5403557760374886
12020	WARM	0.2411684819630214	0.4158430482660021
12265	WARM	0.2532933737550463	0.4257279081004007
12377	WARM	0.2781611170087542	0.511339796440942
16537	WARM	0.28279566764831543	0.46739394324166433
17898	WARM	0.4384679751736777	0.6122983608927045
18467	WARM	0.37217773709978375	0.546113350561687
21363	WARM	0.3079712135451181	0.5206213636057717
27440	WARM	0.3674069515296391	0.582619445664542
31219	WARM	0.32630007181848797	0.5635687027658735
31276	WARM	0.3264369709151132	0.5411202396665301
31283	WARM	0.39143840755735126	0.568652902330671
60998	WARM	0.3854904132229941	0.5926985740661621
61523	WARM	0.31652998072760447	0.5086121899741036
62351	WARM	0.32642828140939983	0.5541819419179644
62465	WARM	0.49195164016314913	0.6746919069971357
251531	WARM	0.32311355641910006	0.485258617571422
440917	WARM	0.29643724645887104	0.4678610180105482
637758	WARM	0.4406930889402117	0.634662219456264
1549025	WARM	0.3039561467511313	0.49987219061170307
2733294	WARM	0.301078873021262	0.5184210113116673
5281167	WARM	0.2792305648326874	0.49371807490076336
5281168	WARM	0.29303417035511564	0.4979598437036787
5318599	WARM	0.3145145816462381	0.5274382872240884
5352837	WARM	0.29535975626536776	0.5010040189538684
5364231	WARM	0.3143108572278704	0.5218340669359479
262	WARM	0.24245662135737284	0.4067941776343754
323	WARM	0.4457570655005319	0.6140654938561576
750	WARM	0.349371646131788	0.5165077660764966
753	WARM	0.2742633266108377	0.44578339798109873
962	WARM	0.24320468945162638	0.444972676890237
5862	WARM	0.35850405267306734	0.5418097121374947
5962	WARM	0.2923567465373448	0.48482872758592876
6274	WARM	0.2964578058038439	0.47465326530592783
6322	WARM	0.2670725882053375	0.4552156797477177
6669	WARM	0.3810465335845947	0.5784737127167838
7137	WARM	0.6465591873441424	0.7775168248585292
15654	WARM	0.3937650110040392	0.5742329146180835
62089	WARM	0.33403303367750986	0.5682381136076791
853433	WARM	0.6403633270944867	0.762949390070779
5371102	WARM	0.2852826416492462	0.45388588309288025
10857465	WARM	0.340555944613048	0.5688774926321847
180	MUSKY	0.19284888676234654	0.40490428039005827
264	MUSKY	0.5348486219133649	0.7136412688664028
702	MUSKY	0.2354698053428105	0.4412355124950409
1031	MUSKY	0.2465029571737562	0.4549166262149811
3102	MUSKY	0.19963422204766954	0.410404839685985
3314	MUSKY	0.18453180151326315	0.38366399918283733
6506	MUSKY	0.2267300316265651	0.4419810814516885
6544	MUSKY	0.19814810369695937	0.4011640420981816
6561	MUSKY	0.3327245031084333	0.5425332954951695
7092	MUSKY	0.13842538637774332	0.35139127714293344
7302	MUSKY	0.2693420222827366	0.5224950058119637
7476	MUSKY	0.1814207477228982	0.36279076763561796
7559	MUSKY	0.20249921083450317	0.4239064199583871
7657	MUSKY	0.2286646557705743	0.4595987456185477
7770	MUSKY	0.17731368754591262	0.3667640856334141
7793	MUSKY	0.15921646569456374	0.40153264147894724
7797	MUSKY	0.07835063764027186	0.2632594704627991
8025	MUSKY	0.28707256274563925	0.4942853961672102
8049	MUSKY	0.19186650003705705	0.4235520873750959
8094	MUSKY	0.40862571767398287	0.6675767472812107
8419	MUSKY	0.2026843215738024	0.39524618642670767
8438	MUSKY	0.15183099572147643	0.3474029728344509
8468	MUSKY	0.19220122269221715	0.4122528944696699
8815	MUSKY	0.11039559915661812	0.2626911337886538
8878	MUSKY	0.12507304336343492	0.32089540362358093
9012	MUSKY	0.3281958912100111	0.59838319676263
10886	MUSKY	0.171264614377703	0.3641053097588675
11567	MUSKY	0.20152116673333303	0.455730995961598
12020	MUSKY	0.2169343786580222	0.4399091047900064
12265	MUSKY	0.21133185071604593	0.44069372756140573
12377	MUSKY	0.2936011978558132	0.6008931653840202
16537	MUSKY	0.1398551150092057	0.33194018261773245
17898	MUSKY	0.2825883754662105	0.5646610856056213
18467	MUSKY	0.26419093353407724	0.5195090387548719
21363	MUSKY	0.4415645258767264	0.6608464292117527
27440	MUSKY	0.3327801057270595	0.6071390509605408
31219	MUSKY	0.15231367626360484	0.36927526763507296
31276	MUSKY	0.1038295424410275	0.2993905927453722
31283	MUSKY	0.2281495609453746	0.47695296577044893
60998	MUSKY	0.28937332545007977	0.5642314382961818
61523	MUSKY	0.27570520980017527	0.5502562948635646
62351	MUSKY	0.30471753222601755	0.5539087993758065
62465	MUSKY	0.2497758184160505	0.49696887390954153
251531	MUSKY	0.15749711862632207	0.34257590770721436
440917	MUSKY	0.1258193403482437	0.3420296779700688
637758	MUSKY	0.16349542140960693	0.36166876554489136
1549025	MUSKY	0.132289214857987	0.3068023111139025
2733294	MUSKY	0.16480404032128199	0.34099271042006357
5281167	MUSKY	0.1639076577765601	0.3518981337547302
5281168	MUSKY	0.34052967173712595	0.5663912040846688
5318599	MUSKY	0.22767419687339238	0.4603417217731476
5352837	MUSKY	0.16617129955972945	0.3810004847390311
5364231	MUSKY	0.14551130150045669	0.3142847035612379
262	MUSKY	0.18545836635998317	0.39141176428113666
323	MUSKY	0.12372045751128878	0.33143215094293865
750	MUSKY	0.20792219468525477	0.43038841656276156
753	MUSKY	0.21672167096819198	0.4271811289446695
962	MUSKY	0.21929933769362314	0.43865432483809336
5862	MUSKY	0.2788723111152649	0.5060137552874429
5962	MUSKY	0.2888531727450235	0.5083693606512887
6274	MUSKY	0.23852209959711348	0.45704839485032217
6322	MUSKY	0.2499129750898906	0.46224662235804964
6669	MUSKY	0.17880227736064366	0.36837378570011686
7137	MUSKY	0.12484115521822657	0.2799356473343713
15654	MUSKY	0.28815347382000517	0.542726184640612
62089	MUSKY	0.466917416879109	0.7133656144142151
853433	MUSKY	0.1460533312388829	0.3194978939635413
5371102	MUSKY	0.2152580725295203	0.44662787658827646
10857465	MUSKY	0.34650727255003794	0.6441839933395386
180	SWEATY	0.12800487343754088	0.2777437354837145
264	SWEATY	0.459430068731308	0.6323131152561733
702	SWEATY	0.1691965503352029	0.3174945669514792
1031	SWEATY	0.17835546604224614	0.33464321068355013
3102	SWEATY	0.08827011766178268	0.21917701406138285
3314	SWEATY	0.07009816968015262	0.17908724290984018
6506	SWEATY	0.13496206807238714	0.26574786220278057
6544	SWEATY	0.09575482723968369	0.23122209097657884
6561	SWEATY	0.25415430111544474	0.4405833269868578
7092	SWEATY	0.059625527156250815	0.14614836552313396
7302	SWEATY	0.16128982177802495	0.3547212907246181
7476	SWEATY	0.08391263761690684	0.17883598378726415
7559	SWEATY	0.10373513932738986	0.2640941632645471
7657	SWEATY	0.11106624667133604	0.2696584335395268
7770	SWEATY	0.09783610488687243	0.22637305515153067
7793	SWEATY	0.0634818822145462	0.1798652857542038
7797	SWEATY	0.04552667960524559	0.1623322835990361
8025	SWEATY	0.21355017593928746	0.38013031227248056
8049	SWEATY	0.1038441572870527	0.24962712824344635
8094	SWEATY	0.2636022482599531	0.5082949995994568
8419	SWEATY	0.07753969728946686	0.1809065810271672
8438	SWEATY	0.05490767530032566	0.13824533138956344
8468	SWEATY	0.09102745673486165	0.21565093525818416
8815	SWEATY	0.0619577919798238	0.1237356151853289
8878	SWEATY	0.08590479780520711	0.20962668742452348
9012	SWEATY	0.20415995163576944	0.42511312876428875
10886	SWEATY	0.09947360306978226	0.2626376024314335
11567	SWEATY	0.07901716604828835	0.21953146159648895
12020	SWEATY	0.1306658685207367	0.29935628175735474
12265	SWEATY	0.11080646834203176	0.2704830382551466
12377	SWEATY	0.18541150859424047	0.419025182723999
16537	SWEATY	0.07447095800723348	0.19677390583923884
17898	SWEATY	0.13857020544154303	0.32629903725215365
18467	SWEATY	0.1363306279693331	0.3066392115184239
21363	SWEATY	0.34408843517303467	0.5337184199265071
27440	SWEATY	0.1719587253672736	0.3925824633666447
31219	SWEATY	0.07759724131652287	0.2015797644853592
31276	SWEATY	0.0688273688512189	0.1940039758171354
31283	SWEATY	0.10735930129885674	0.2762961174760546
60998	SWEATY	0.1719995758363179	0.3801035966191973
61523	SWEATY	0.16610256369624818	0.3562996855803898
62351	SWEATY	0.18949361784117563	0.39251573170934406
62465	SWEATY	0.09510358955178942	0.2065095156431198
251531	SWEATY	0.06356322392821312	0.16685458166258677
440917	SWEATY	0.04754449746438435	0.16846980580261775
637758	SWEATY	0.08742588652031762	0.19924521446228027
1549025	SWEATY	0.06857962480613164	0.20517874189785548
2733294	SWEATY	0.11339768767356873	0.24673968127795629
5281167	SWEATY	0.0989062072975295	0.24982000887393951
5281168	SWEATY	0.2231689010347639	0.4326845577784947
5318599	SWEATY	0.10845127595322472	0.26556977203914095
5352837	SWEATY	0.08007302348102842	0.2189912817307881
5364231	SWEATY	0.08521970148597445	0.2400562529053007
262	SWEATY	0.09907326847314835	0.2350953710930688
323	SWEATY	0.042832334126744954	0.11250998079776764
750	SWEATY	0.14809014754635946	0.30994697979518343
753	SWEATY	0.13354306455169404	0.2845034769603184
962	SWEATY	0.1107688939997128	0.2547122325216021
5862	SWEATY	0.19369830191135406	0.37125799485615324
5962	SWEATY	0.18353573977947235	0.3623507959502084
6274	SWEATY	0.1364989003964833	0.2935823031834194
6322	SWEATY	0.13641279829399927	0.2865920918328421
6669	SWEATY	0.08293972803013665	0.17574556171894073
7137	SWEATY	0.04030474115695272	0.12655270685042655
15654	SWEATY	0.1591649396078927	0.34294077328273226
62089	SWEATY	0.2968714577811105	0.5313859496797834
853433	SWEATY	0.04318266787699291	0.1334402034325259
5371102	SWEATY	0.1108361514551299	0.22757908701896667
10857465	SWEATY	0.17052447370120458	0.40264531544276644
180	AMMONIA/URINOUS	0.29849336615630556	0.46608674100467135
264	AMMONIA/URINOUS	0.3210105001926422	0.47407636046409607
702	AMMONIA/URINOUS	0.1674795342343194	0.3278555188860212
1031	AMMONIA/URINOUS	0.2070467323064804	0.36622979811259676
3102	AMMONIA/URINOUS	0.29647535937173025	0.43528049758502413
3314	AMMONIA/URINOUS	0.14077796361276082	0.26443577451365335
6506	AMMONIA/URINOUS	0.1748242654970714	0.3209146899836404
6544	AMMONIA/URINOUS	0.264107631785529	0.4121341237000057
6561	AMMONIA/URINOUS	0.36083971176828655	0.5310143189770835
7092	AMMONIA/URINOUS	0.17436915103878295	0.3101122294153486
7302	AMMONIA/URINOUS	0.2818248208080019	0.46435751233782085
7476	AMMONIA/URINOUS	0.17603982559272222	0.300241300037929
7559	AMMONIA/URINOUS	0.28414889744349886	0.460975570338113
7657	AMMONIA/URINOUS	0.3439458757638931	0.49813738465309143
7770	AMMONIA/URINOUS	0.19969809268202102	0.3683221808501652
7793	AMMONIA/URINOUS	0.24628569185733795	0.43996234025274006
7797	AMMONIA/URINOUS	0.09443005600145885	0.2265050070626395
8025	AMMONIA/URINOUS	0.23995993179934366	0.4077632597514561
8049	AMMONIA/URINOUS	0.13267228965248382	0.27857389620372225
8094	AMMONIA/URINOUS	0.35390628022806986	0.4863235865320478
8419	AMMONIA/URINOUS	0.1976870894432068	0.32600094590868267
8438	AMMONIA/URINOUS	0.13745755489383424	0.2673445833580835
8468	AMMONIA/URINOUS	0.16455239270414626	0.3121799996920994
8815	AMMONIA/URINOUS	0.1730067410639354	0.31908291578292847
8878	AMMONIA/URINOUS	0.12030444400651115	0.2712948066847665
9012	AMMONIA/URINOUS	0.32741999200412203	0.50094764147486
10886	AMMONIA/URINOUS	0.16634885966777802	0.31585791281291414
11567	AMMONIA/URINOUS	0.4130208534853799	0.5779611425740379
12020	AMMONIA/URINOUS	0.3009758378778185	0.4677876319204058
12265	AMMONIA/URINOUS	0.3286161720752716	0.4874621800013951
12377	AMMONIA/URINOUS	0.2994608495916639	0.45701983145305086
16537	AMMONIA/URINOUS	0.18870228954723903	0.3341922845159258
17898	AMMONIA/URINOUS	0.21302354761532374	0.40699478558131624
18467	AMMONIA/URINOUS	0.2078470630305154	0.38596958347729277
21363	AMMONIA/URINOUS	0.4060769634587424	0.5590424537658691
27440	AMMONIA/URINOUS	0.3181488641670772	0.5130620173045567
31219	AMMONIA/URINOUS	0.23158663511276245	0.3993021420070103
31276	AMMONIA/URINOUS	0.16296384164265224	0.3230963264192854
31283	AMMONIA/URINOUS	0.12111172239695277	0.2544831952878407
60998	AMMONIA/URINOUS	0.3538296733583723	0.5448500343731472
61523	AMMONIA/URINOUS	0.31967197571481976	0.49118557572364807
62351	AMMONIA/URINOUS	0.2666868929352079	0.42603557450430735
62465	AMMONIA/URINOUS	0.29342563450336456	0.45267986399786814
251531	AMMONIA/URINOUS	0.14183370769023895	0.28523579239845276
440917	AMMONIA/URINOUS	0.326661799635206	0.49389774033001493
637758	AMMONIA/URINOUS	0.18363924537386214	0.30326183991772787
1549025	AMMONIA/URINOUS	0.14842017952884948	0.3012325295380184
2733294	AMMONIA/URINOUS	0.13662189138787134	0.2756216951778957
5281167	AMMONIA/URINOUS	0.17082507482596807	0.3188841811248234
5281168	AMMONIA/URINOUS	0.26217628376824514	0.41495943495205473
5318599	AMMONIA/URINOUS	0.2548297664948872	0.40594043901988436
5352837	AMMONIA/URINOUS	0.2120897833790098	0.3603638708591461
5364231	AMMONIA/URINOUS	0.07693970522710256	0.23672717809677124
262	AMMONIA/URINOUS	0.2684680308614458	0.42343067697116304
323	AMMONIA/URINOUS	0.14169186992304666	0.2654479018279484
750	AMMONIA/URINOUS	0.14949289177145278	0.30214713300977436
753	AMMONIA/URINOUS	0.2110941026891981	0.3782626858779362
962	AMMONIA/URINOUS	0.3683050913470132	0.5059640152113778
5862	AMMONIA/URINOUS	0.16759722147669112	0.35292595624923706
5962	AMMONIA/URINOUS	0.25389011417116436	0.40489867329597473
6274	AMMONIA/URINOUS	0.16519446671009064	0.34973093441554476
6322	AMMONIA/URINOUS	0.2243108174630574	0.38543711389814106
6669	AMMONIA/URINOUS	0.10728466617209571	0.18464285348142898
7137	AMMONIA/URINOUS	0.1279728806444577	0.2534343877008983
15654	AMMONIA/URINOUS	0.18456542704786574	0.3726079208510263
62089	AMMONIA/URINOUS	0.41913637093135286	0.5349697385515485
853433	AMMONIA/URINOUS	0.10781161008136612	0.22065536890711104
5371102	AMMONIA/URINOUS	0.21165439273629869	0.3547248159136091
10857465	AMMONIA/URINOUS	0.45727174622671946	0.56815847328731
180	DECAYED	0.0653797797858715	0.30728811025619507
264	DECAYED	0.21614417540175573	0.5479083827563694
702	DECAYED	0.0671018436551094	0.30292427965572905
1031	DECAYED	0.07630515205008644	0.31995896782193867
3102	DECAYED	0.056819798690932136	0.26119962547506603
3314	DECAYED	0.0632383402969156	0.26461233624390196
6506	DECAYED	0.05826073459216526	0.28234314918518066
6544	DECAYED	0.05564994045666286	0.2965970145804541
6561	DECAYED	0.13750749507120677	0.4426376904760088
7092	DECAYED	0.04997912421822548	0.25880948986325947
7302	DECAYED	0.11004294880798884	0.3839388149125235
7476	DECAYED	0.04630731525165694	0.23860328325203486
7559	DECAYED	0.0979310039963041	0.3628309965133667
7657	DECAYED	0.06649058418614524	0.3071932281766619
7770	DECAYED	0.09175637045076915	0.34106955357960295
7793	DECAYED	0.05387270450592041	0.24633452509130752
7797	DECAYED	0.05251817245568548	0.30089735984802246
8025	DECAYED	0.09619215982300895	0.3506092003413609
8049	DECAYED	0.049067722367388864	0.28403463108198984
8094	DECAYED	0.1481847528900419	0.47552136863980976
8419	DECAYED	0.05472468850868089	0.25022917347294943
8438	DECAYED	0.04211555953536715	0.20764886055673873
8468	DECAYED	0.05703266976135118	0.24600742970194137
8815	DECAYED	0.05746769479342869	0.2644434869289398
8878	DECAYED	0.08493263913052422	0.3276163637638092
9012	DECAYED	0.2058760119335992	0.5402976529938834
10886	DECAYED	0.07134214043617249	0.3221438569681985
11567	DECAYED	0.07706727406808309	0.35137746163776945
12020	DECAYED	0.07069468817540578	0.33647019948278156
12265	DECAYED	0.06848535793168205	0.3327606277806418
12377	DECAYED	0.21521732423986709	0.5774788090160915
16537	DECAYED	0.05324957572988102	0.25740585795470644
17898	DECAYED	0.09651198663881846	0.3803705871105194
18467	DECAYED	0.0833365832056318	0.34779402187892366
21363	DECAYED	0.17265668085643224	0.5055582523345947
27440	DECAYED	0.14919538263763701	0.48636145676885334
31219	DECAYED	0.06710113691432136	0.31601748296192717
31276	DECAYED	0.06747998829398837	0.32201050434793743
31283	DECAYED	0.07707925460168294	0.31437382314886364
60998	DECAYED	0.10377948092562812	0.40293813603264944
61523	DECAYED	0.10699826053210668	0.3944238339151655
62351	DECAYED	0.1546536087989807	0.4668149862970625
62465	DECAYED	0.07789665779897145	0.29493437707424164
251531	DECAYED	0.035032358818820546	0.17352384328842163
440917	DECAYED	0.03261199354061058	0.2577046262366431
637758	DECAYED	0.054719679589782445	0.27736752586705343
1549025	DECAYED	0.058194846979209354	0.2782314845493862
2733294	DECAYED	0.08037807952080454	0.3222640795367105
5281167	DECAYED	0.07035032021147865	0.3095492124557495
5281168	DECAYED	0.13100895285606384	0.4176020451954433
5318599	DECAYED	0.09111543106181282	0.31819489172526766
5352837	DECAYED	0.07324200229985374	0.29199942094939096
5364231	DECAYED	0.052101247012615204	0.2987652378422873
262	DECAYED	0.060478786804846356	0.27840391227177214
323	DECAYED	0.03973643375294549	0.22300452419689723
750	DECAYED	0.06970484448330742	0.2849063106945583
753	DECAYED	0.061210659997803826	0.2764706718070166
962	DECAYED	0.06059706636837551	0.28540285570280893
5862	DECAYED	0.13602070829698018	0.4258950480393001
5962	DECAYED	0.11086048079388482	0.3829324543476105
6274	DECAYED	0.08602986271892275	0.30634539467947824
6322	DECAYED	0.08186425268650055	0.29927944285529
6669	DECAYED	0.04735551268926689	0.2152376047202519
7137	DECAYED	0.04403754323720932	0.21072046032973699
15654	DECAYED	0.11552318504878453	0.40556844217436655
62089	DECAYED	0.15252459155661718	0.48985856771469116
853433	DECAYED	0.046658571011253765	0.22180125330175673
5371102	DECAYED	0.06143377614872796	0.27224743366241455
10857465	DECAYED	0.14738234132528305	0.4603172370365688
180	WOOD	0.18524906039237976	0.3432705317224775
264	WOOD	0.11268026062420436	0.2677616370575769
702	WOOD	0.20088863159929002	0.37793889216014315
1031	WOOD	0.18648166528769902	0.3601715309279306
3102	WOOD	0.16831044533423015	0.3131956287792751
3314	WOOD	0.28225437445299967	0.48864351000104633
6506	WOOD	0.2174163439444133	0.378537050315312
6544	WOOD	0.2808850748198373	0.45555675881249563
6561	WOOD	0.14093408840043203	0.2937614449432918
7092	WOOD	0.18658632465771266	0.3472863563469478
7302	WOOD	0.2535354899508612	0.4358908108302525
7476	WOOD	0.13418658929211752	0.28621676564216614
7559	WOOD	0.06941007822751999	0.19597160177571432
7657	WOOD	0.20007326986108506	0.35857739193098886
7770	WOOD	0.07048467227390834	0.1895894535950252
7793	WOOD	0.17886793400560105	0.3907039165496826
7797	WOOD	0.08306300001485008	0.22283217310905457
8025	WOOD	0.16880870929786138	0.3305666744709015
8049	WOOD	0.19279256463050842	0.3559606117861612
8094	WOOD	0.29876732400485445	0.5125845883573804
8419	WOOD	0.18631707344736373	0.3429766978536333
8438	WOOD	0.16656317242554255	0.329808520419257
8468	WOOD	0.2986733764410019	0.47918773123196196
8815	WOOD	0.21306236514023372	0.38905586089406696
8878	WOOD	0.05493938443916185	0.17895791573183878
9012	WOOD	0.1986122259071895	0.3695643586771829
10886	WOOD	0.12253129801579885	0.2680149035794394
11567	WOOD	0.28111517429351807	0.4468266027314322
12020	WOOD	0.20081620982715062	0.38165550572531565
12265	WOOD	0.2492413478238242	0.42127381903784616
12377	WOOD	0.17414158582687378	0.375038491828101
16537	WOOD	0.21718273631164006	0.41241146836962017
17898	WOOD	0.39733682359967915	0.6037088547434125
18467	WOOD	0.3303870175565992	0.5282735313688006
21363	WOOD	0.13201753901583807	0.3153419537203653
27440	WOOD	0.34599958998816355	0.5532567245619637
31219	WOOD	0.06344203384859222	0.18396570427077158
31276	WOOD	0.05993074072258813	0.17940940175737655
31283	WOOD	0.3041547472987856	0.5073002065931048
60998	WOOD	0.14696878833430155	0.31469165853091646
61523	WOOD	0.2463846653699875	0.46173438004084993
62351	WOOD	0.21966558694839478	0.3943836007799421
62465	WOOD	0.4051288536616734	0.6205130219459534
251531	WOOD	0.14437032703842437	0.2999030905110495
440917	WOOD	0.31438874346869333	0.5339262102331434
637758	WOOD	0.07907462120056152	0.22173486649990082
1549025	WOOD	0.1668070533445903	0.3144133346421378
2733294	WOOD	0.12350811170680183	0.25422823429107666
5281167	WOOD	0.1682228786604745	0.34235067878450665
5281168	WOOD	0.27000941761902403	0.46011814900806974
5318599	WOOD	0.239457049540111	0.4360971578529903
5352837	WOOD	0.19243544978754862	0.3633969341005598
5364231	WOOD	0.18646319210529327	0.3548811248370579
262	WOOD	0.2174446029322488	0.3738004352365221
323	WOOD	0.17907793394156865	0.3311757104737418
750	WOOD	0.25454174620764597	0.4539468671594347
753	WOOD	0.2774835058620998	0.45373865962028503
962	WOOD	0.24866357019969396	0.4137606620788574
5862	WOOD	0.23905757069587708	0.428142820085798
5962	WOOD	0.26777336427143644	0.44692082490239826
6274	WOOD	0.3364949311528887	0.5393260972840446
6322	WOOD	0.3445946318762643	0.5255996329443795
6669	WOOD	0.1480497983949525	0.2503218650817871
7137	WOOD	0.2347168347665242	0.41960649830954416
15654	WOOD	0.3258310215813773	0.5236285924911499
62089	WOOD	0.3145743821348463	0.541362749678748
853433	WOOD	0.2113329746893474	0.39096263476780485
5371102	WOOD	0.2697720357349941	0.440482816525868
10857465	WOOD	0.2866840107100351	0.5292050753320966
180	GRASS	0.12360156433922904	0.24021475442818233
264	GRASS	0.06835895297782761	0.1636796487229211
702	GRASS	0.11498403229883739	0.2434679354940142
1031	GRASS	0.10976066440343857	0.22759094621453965
3102	GRASS	0.09622093928711754	0.20606452439512526
3314	GRASS	0.0679914126438754	0.15044224581548146
6506	GRASS	0.10108673040355955	0.2357635498046875
6544	GRASS	0.17667692686830247	0.35936074597494944
6561	GRASS	0.07701939983027321	0.16577033485685075
7092	GRASS	0.10079095299754824	0.2192511750119073
7302	GRASS	0.08818416616746358	0.20366660399096354
7476	GRASS	0.134208545088768	0.28738172565187725
7559	GRASS	0.12085009685584477	0.2563956763063158
7657	GRASS	0.12573397691760743	0.2608585740838732
7770	GRASS	0.08828655098165784	0.19106863226209367
7793	GRASS	0.20526807861668722	0.4194632811205728
7797	GRASS	0.2397554623229163	0.3743347184998648
8025	GRASS	0.09547216232333865	0.20203922476087297
8049	GRASS	0.08398840150662831	0.1973104178905487
8094	GRASS	0.12119125468390328	0.21857903897762299
8419	GRASS	0.12408360093832016	0.24575369272913253
8438	GRASS	0.08859632589987346	0.20009276270866394
8468	GRASS	0.10683046919958931	0.22663702922207968
8815	GRASS	0.1337452456355095	0.2887412224497114
8878	GRASS	0.14125856863600866	0.25132771262100767
9012	GRASS	0.09196289309433528	0.24028856200831278
10886	GRASS	0.2147424497774669	0.3506312498024532
11567	GRASS	0.0976216761129243	0.24398767522403172
12020	GRASS	0.14497187733650208	0.2922045077596392
12265	GRASS	0.12629609661442892	0.26391353777476717
12377	GRASS	0.1461712835090501	0.3275839218071529
16537	GRASS	0.20075494476727077	0.3801555761269161
17898	GRASS	0.1180983590228217	0.2640072022165571
18467	GRASS	0.11225987757955279	0.2526955498116357
21363	GRASS	0.07768554240465164	0.17460729501077107
27440	GRASS	0.14387148192950658	0.3065721350056784
31219	GRASS	0.1037089814032827	0.24609713682106563
31276	GRASS	0.12141582050493785	0.2351521381310054
31283	GRASS	0.07437605410814285	0.1888103655406407
60998	GRASS	0.113514422838177	0.25097523629665375
61523	GRASS	0.2491763617311205	0.46023858870778767
62351	GRASS	0.11004074556486947	0.2683628478220531
62465	GRASS	0.10066699023757662	0.19367294439247676
251531	GRASS	0.12000460709844317	0.25830342939921785
440917	GRASS	0.2060226776770183	0.4207828513213566
637758	GRASS	0.06798926474792617	0.17334995631660735
1549025	GRASS	0.17492174889360154	0.35307791403361727
2733294	GRASS	0.30705447494983673	0.4674274580819266
5281167	GRASS	0.4002328429903303	0.6031661629676819
5281168	GRASS	0.19998391824109213	0.3816475697926113
5318599	GRASS	0.24133731637682235	0.4118628885064806
5352837	GRASS	0.31466989857809885	0.48720049006598337
5364231	GRASS	0.4997405580111912	0.668455353804997
262	GRASS	0.14062861672469548	0.2796180120536259
323	GRASS	0.077895318291017	0.17812683752604894
750	GRASS	0.10483394350324358	0.2007278459412711
753	GRASS	0.1332229631287711	0.27073894654001507
962	GRASS	0.15374929032155446	0.29229800615991863
5862	GRASS	0.09278608219964164	0.20883098883288248
5962	GRASS	0.13322275344814574	0.2561099912439074
6274	GRASS	0.15535017848014832	0.300332920891898
6322	GRASS	0.1631792230265481	0.3107396023614066
6669	GRASS	0.10065650194883347	0.21575073259217398
7137	GRASS	0.09499284305742808	0.20443370725427354
15654	GRASS	0.1060351740036692	0.24850383826664516
62089	GRASS	0.07629074954560824	0.15653587771313532
853433	GRASS	0.06355789356998034	0.14313453223024095
5371102	GRASS	0.2181746427501951	0.3817054501601628
10857465	GRASS	0.2013275112424578	0.38599169680050444
180	FLOWER	0.11763148435524531	0.3114152806145804
264	FLOWER	0.10554105309503418	0.24158209562301636
702	FLOWER	0.1341506221464702	0.3331730919224875
1031	FLOWER	0.13200507419449942	0.3247885618891035
3102	FLOWER	0.26131168007850647	0.4741738438606262
3314	FLOWER	0.169111182647092	0.3668744223458426
6506	FLOWER	0.16787831165960856	0.3773468477385385
6544	FLOWER	0.1555797244821276	0.38805069242204937
6561	FLOWER	0.10409758985042572	0.25106202917439596
7092	FLOWER	0.23526614052908762	0.4613657593727112
7302	FLOWER	0.0688819730920451	0.19573060316698893
7476	FLOWER	0.3821652489049094	0.6084163699831281
7559	FLOWER	0.35376658609935213	0.6120210630553109
7657	FLOWER	0.20959852103676116	0.4222002795764378
7770	FLOWER	0.21427031074251449	0.4512286739689963
7793	FLOWER	0.4729602038860321	0.711273695741381
7797	FLOWER	0.3070992614541735	0.5883850625583104
8025	FLOWER	0.11127381878239768	0.29446509054728914
8049	FLOWER	0.22394276516778128	0.4233585127762386
8094	FLOWER	0.07992572230952126	0.16247626500470297
8419	FLOWER	0.32927514825548443	0.5561806857585907
8438	FLOWER	0.266980488385473	0.49612359063965933
8468	FLOWER	0.13321728365761892	0.3478807806968689
8815	FLOWER	0.20418930692332132	0.4094717247145517
8878	FLOWER	0.3119396950517382	0.5366445822375161
9012	FLOWER	0.0622437447309494	0.16139194582189834
10886	FLOWER	0.24486639669963292	0.4726746082305908
11567	FLOWER	0.09791163780859538	0.28183830848761965
12020	FLOWER	0.10944823175668716	0.2880293790783201
12265	FLOWER	0.09255348465272359	0.27044561079570223
12377	FLOWER	0.07715749368071556	0.15252956641571863
16537	FLOWER	0.2999747736113412	0.5279570349625179
17898	FLOWER	0.04763477827821459	0.213311282651765
18467	FLOWER	0.06426868534513883	0.2466318586042949
21363	FLOWER	0.17104439650263106	0.31987390773636953
27440	FLOWER	0.05324721496020045	0.18570956800665175
31219	FLOWER	0.34282350540161133	0.6335150599479675
31276	FLOWER	0.244710311293602	0.5006000484739032
31283	FLOWER	0.17999674060514995	0.3186054527759552
60998	FLOWER	0.34141702737127033	0.5861185278211322
61523	FLOWER	0.3094365469047001	0.5253180691174099
62351	FLOWER	0.06686749043209213	0.19774116788591659
62465	FLOWER	0.07504362879054886	0.2463175164801734
251531	FLOWER	0.41267779043742586	0.6409775529588971
440917	FLOWER	0.17448120244911738	0.4061086816447122
637758	FLOWER	0.37084910699299406	0.6242518595286778
1549025	FLOWER	0.27480022822107586	0.518478240285601
2733294	FLOWER	0.2524514389889581	0.48379838466644287
5281167	FLOWER	0.2570467633860452	0.48571098276547026
5281168	FLOWER	0.09480556100606918	0.23776199562208994
5318599	FLOWER	0.2257365733385086	0.4182918540069035
5352837	FLOWER	0.2694135180541447	0.4805550106934139
5364231	FLOWER	0.2526511698961258	0.46205903802599224
262	FLOWER	0.15792276178087508	0.377290883234569
323	FLOWER	0.2471486074583871	0.4771265132086618
750	FLOWER	0.12100903157676969	0.280507145183427
753	FLOWER	0.13190153986215591	0.32510011962481905
962	FLOWER	0.23143524144377028	0.4593725970813206
5862	FLOWER	0.07637024032218116	0.19912055560520717
5962	FLOWER	0.11266594699450902	0.27042207973343985
6274	FLOWER	0.10101732292345592	0.27123120214257923
6322	FLOWER	0.12568889345441545	0.300266546862466
6669	FLOWER	0.4965583767209734	0.6826382279396057
7137	FLOWER	0.3237788123743875	0.5304934808186123
15654	FLOWER	0.052819348339523585	0.20461556954043253
62089	FLOWER	0.04946733798299517	0.14425257167645864
853433	FLOWER	0.2730546976838793	0.49981434856142315
5371102	FLOWER	0.3025550884859903	0.5344417606081281
10857465	FLOWER	0.346568763256073	0.5041127715791974
180	CHEMICAL	0.35692086815834045	0.6456890404224396
264	CHEMICAL	0.1590287908911705	0.4656802032675062
702	CHEMICAL	0.15244042660508836	0.4526026632104601
1031	CHEMICAL	0.17668471804686955	0.47155348317963736
3102	CHEMICAL	0.34675605382238117	0.612535331930433
3314	CHEMICAL	0.1320279155458723	0.37275401183537077
6506	CHEMICAL	0.18771424463817052	0.482689585004534
6544	CHEMICAL	0.331387209040778	0.6107269525527954
6561	CHEMICAL	0.3349845749991281	0.6279754298073905
7092	CHEMICAL	0.27300019775118145	0.54251686164311
7302	CHEMICAL	0.258616817849023	0.5544970546449933
7476	CHEMICAL	0.20791693670409067	0.5216744414397648
7559	CHEMICAL	0.30061766292367664	0.6310593656131199
7657	CHEMICAL	0.35392315472875324	0.6178715654781887
7770	CHEMICAL	0.2946273854800633	0.6136338455336434
7793	CHEMICAL	0.2902387934071677	0.6310139724186489
7797	CHEMICAL	0.19969519972801208	0.5207946045058114
8025	CHEMICAL	0.21737902079309737	0.5109917734350476
8049	CHEMICAL	0.2026268712111882	0.47985645702907015
8094	CHEMICAL	0.3580247589520046	0.6414308207375663
8419	CHEMICAL	0.20209332874843053	0.4916755088738033
8438	CHEMICAL	0.2009684443473816	0.48338882837976727
8468	CHEMICAL	0.17623669334820338	0.47547154341425213
8815	CHEMICAL	0.281985553247588	0.5401203674929482
8878	CHEMICAL	0.23213762470654078	0.5391353666782379
9012	CHEMICAL	0.19624316479478562	0.5065314258847918
10886	CHEMICAL	0.21718874786581313	0.527906060218811
11567	CHEMICAL	0.5432106980255672	0.7892147728375026
12020	CHEMICAL	0.34156606452805655	0.6238102402005877
12265	CHEMICAL	0.37445478779929026	0.6435929962566921
12377	CHEMICAL	0.17995014999594008	0.5191432620797839
16537	CHEMICAL	0.242862731218338	0.5541965620858329
17898	CHEMICAL	0.19175927128110612	0.49624706166131155
18467	CHEMICAL	0.1984019215617861	0.4934720652444022
21363	CHEMICAL	0.250992870756558	0.5581747932093484
27440	CHEMICAL	0.25302131686891827	0.5671579241752625
31219	CHEMICAL	0.3381745389529637	0.6490206633295331
31276	CHEMICAL	0.27274990507534574	0.5989801032202584
31283	CHEMICAL	0.1691691896745137	0.4599324124200003
60998	CHEMICAL	0.2594982939107077	0.5611071501459394
61523	CHEMICAL	0.2767408277307238	0.5976702145167759
62351	CHEMICAL	0.1941781405891691	0.48922115564346313
62465	CHEMICAL	0.2887515681130545	0.5711082816123962
251531	CHEMICAL	0.1918707319668361	0.5172015045370374
440917	CHEMICAL	0.4301106461456844	0.6961866532053266
637758	CHEMICAL	0.17272043973207474	0.46134405050958904
1549025	CHEMICAL	0.21850789657660893	0.5272090860775539
2733294	CHEMICAL	0.20907682393278396	0.5091028170926231
5281167	CHEMICAL	0.2129091237272535	0.5235176597322736
5281168	CHEMICAL	0.26722136991364615	0.5559183955192566
5318599	CHEMICAL	0.3416024957384382	0.6656116672924587
5352837	CHEMICAL	0.295692720583507	0.6102586814335415
5364231	CHEMICAL	0.1448772751859256	0.4542753739016397
262	CHEMICAL	0.33278888463974	0.6284974558012826
323	CHEMICAL	0.23414261213370732	0.4978315659931728
750	CHEMICAL	0.1282147222331592	0.4169398844242096
753	CHEMICAL	0.22707308190209524	0.5247808439391
962	CHEMICAL	0.41014660256249563	0.688858415399279
5862	CHEMICAL	0.09629493951797485	0.4089396042483194
5962	CHEMICAL	0.20861021748610906	0.5153923630714417
6274	CHEMICAL	0.17110887595585414	0.49399796979767935
6322	CHEMICAL	0.2354051662342889	0.5522783824375698
6669	CHEMICAL	0.18962358789784567	0.4583739297730582
7137	CHEMICAL	0.12573208659887314	0.37433701753616333
15654	CHEMICAL	0.14927001829658235	0.4554228058883122
62089	CHEMICAL	0.39117627484457834	0.6618834052767072
853433	CHEMICAL	0.11501099169254303	0.35093810302870615
5371102	CHEMICAL	0.21630329745156424	0.5174564378602164
10857465	CHEMICAL	0.327569488968168	0.6367155654089791
