oID	descriptor	value	sigma
356	INTENSITY/STRENGTH	0.22238623244421823	0.5637998623507363
460	INTENSITY/STRENGTH	0.43293904832431246	0.5894987157412938
3776	INTENSITY/STRENGTH	0.19799111357757024	0.5761834979057312
6560	INTENSITY/STRENGTH	0.248729231102126	0.5806978174618312
6826	INTENSITY/STRENGTH	0.38299335326467243	0.6414711219923837
7047	INTENSITY/STRENGTH	0.24229337062154496	0.49624115228652954
7150	INTENSITY/STRENGTH	0.4302320310047695	0.637846827507019
7165	INTENSITY/STRENGTH	0.43651718326977323	0.6668027213641575
7635	INTENSITY/STRENGTH	0.39311520542417255	0.6846223303249904
7799	INTENSITY/STRENGTH	0.4440979744706835	0.6761953575270516
8051	INTENSITY/STRENGTH	0.5886074815477643	0.6889595133917672
8125	INTENSITY/STRENGTH	0.22178430429526738	0.5536375045776367
8159	INTENSITY/STRENGTH	0.5303053089550563	0.7414721931729998
8184	INTENSITY/STRENGTH	0.4725437675203596	0.6718701209340777
8186	INTENSITY/STRENGTH	0.5519336760044098	0.6639536959784371
8193	INTENSITY/STRENGTH	0.40761645776884897	0.6280181578227452
8294	INTENSITY/STRENGTH	0.34041944571903776	0.6125143000057766
10364	INTENSITY/STRENGTH	0.5033389968531472	0.5346674195357731
10882	INTENSITY/STRENGTH	0.6910866328648159	0.7711148687771389
11086	INTENSITY/STRENGTH	0.5579046308994293	0.7126028452600751
15510	INTENSITY/STRENGTH	0.39175206422805786	0.607969846044268
16324	INTENSITY/STRENGTH	0.444214654820306	0.6827034098761422
17617	INTENSITY/STRENGTH	0.5036274535315377	0.7396725586482457
18827	INTENSITY/STRENGTH	0.39560323527881075	0.6209188188825335
19310	INTENSITY/STRENGTH	0.48257058007376535	0.6688751578330994
23235	INTENSITY/STRENGTH	0.3052482157945633	0.6331883243152073
31272	INTENSITY/STRENGTH	0.46233612298965454	0.7063514249665397
33032	INTENSITY/STRENGTH	0.08265229261347226	0.49251958302089144
62087	INTENSITY/STRENGTH	0.36881313579423086	0.6095878567014422
62375	INTENSITY/STRENGTH	0.4883688730852945	0.6620180010795593
62444	INTENSITY/STRENGTH	0.5327766622815814	0.7028201307569232
228769	INTENSITY/STRENGTH	0.19496757004942214	0.5505630629403251
519539	INTENSITY/STRENGTH	0.507031432219914	0.6716500691005162
520296	INTENSITY/STRENGTH	0.2756780343396323	0.6067769612584796
521238	INTENSITY/STRENGTH	0.3732109154973711	0.6456050276756287
1549026	INTENSITY/STRENGTH	0.29877100246293203	0.6571401017052787
5355850	INTENSITY/STRENGTH	0.46656772068568636	0.7590643082346235
5362814	INTENSITY/STRENGTH	0.6533299173627581	0.7102932759693691
5779	INTENSITY/STRENGTH	0.2846328743866512	0.5640462807246617
6106	INTENSITY/STRENGTH	0.21523365378379822	0.5536026954650879
5366244	INTENSITY/STRENGTH	0.32705484330654144	0.5710647915090833
356	VALENCE/PLEASANTNESS	0.45521087305886404	0.6024636541094098
460	VALENCE/PLEASANTNESS	0.42178475856781006	0.6656594020979745
3776	VALENCE/PLEASANTNESS	0.4957942749772753	0.6134862133434841
6560	VALENCE/PLEASANTNESS	0.47634258014815195	0.6080345341137477
6826	VALENCE/PLEASANTNESS	0.6111167669296265	0.651421308517456
7047	VALENCE/PLEASANTNESS	0.4829332317624773	0.5835175173623222
7150	VALENCE/PLEASANTNESS	0.5598299035004207	0.6946448854037693
7165	VALENCE/PLEASANTNESS	0.6754024199077061	0.7062862430300031
7635	VALENCE/PLEASANTNESS	0.631867059639522	0.6375770228249686
7799	VALENCE/PLEASANTNESS	0.6900538376399449	0.6471855214663914
8051	VALENCE/PLEASANTNESS	0.546446544783456	0.6731439658573696
8125	VALENCE/PLEASANTNESS	0.432197881596429	0.5913224731172834
8159	VALENCE/PLEASANTNESS	0.6983887723514012	0.7043442300387791
8184	VALENCE/PLEASANTNESS	0.44230698687689646	0.6635558775493077
8186	VALENCE/PLEASANTNESS	0.39555621998650686	0.6400189910616193
8193	VALENCE/PLEASANTNESS	0.4311181264264243	0.6391464642116002
8294	VALENCE/PLEASANTNESS	0.5664498209953308	0.6210633601461139
10364	VALENCE/PLEASANTNESS	0.4563076836722238	0.6465347749846322
10882	VALENCE/PLEASANTNESS	0.7582270928791591	0.7148850645337786
11086	VALENCE/PLEASANTNESS	0.6288365295955113	0.7209693619183132
15510	VALENCE/PLEASANTNESS	0.28064880626542227	0.580753070967538
16324	VALENCE/PLEASANTNESS	0.5210903925555093	0.6655303580420358
17617	VALENCE/PLEASANTNESS	0.6294479284967694	0.6598716122763497
18827	VALENCE/PLEASANTNESS	0.4165641154561724	0.6200508730752128
19310	VALENCE/PLEASANTNESS	0.2789704757077353	0.6250283718109131
23235	VALENCE/PLEASANTNESS	0.6276739580290658	0.6363671847752163
31272	VALENCE/PLEASANTNESS	0.5451963884489877	0.708790123462677
33032	VALENCE/PLEASANTNESS	0.5575558628354754	0.5988167013440814
62087	VALENCE/PLEASANTNESS	0.28621903913361685	0.5790053946631295
62375	VALENCE/PLEASANTNESS	0.46900432876178194	0.7015158448900495
62444	VALENCE/PLEASANTNESS	0.28993339623723713	0.6398920331682477
228769	VALENCE/PLEASANTNESS	0.5748340317181179	0.5966738292149135
519539	VALENCE/PLEASANTNESS	0.426789117710931	0.6598505973815918
520296	VALENCE/PLEASANTNESS	0.6069492271968296	0.5913158144269671
521238	VALENCE/PLEASANTNESS	0.5926304885319301	0.6337689416749137
1549026	VALENCE/PLEASANTNESS	0.6148396645273481	0.6321884904588971
5355850	VALENCE/PLEASANTNESS	0.549020026411329	0.7402505959783282
5362814	VALENCE/PLEASANTNESS	0.48627050859587534	0.676298269203731
5779	VALENCE/PLEASANTNESS	0.47123531784330097	0.6358436856951032
6106	VALENCE/PLEASANTNESS	0.44236006481306894	0.5770934394427708
5366244	VALENCE/PLEASANTNESS	0.4434794953891209	0.6266458545412336
356	BAKERY	0.0430694150605372	0.17596562100308283
460	BAKERY	0.08245808577963284	0.2779115693909781
3776	BAKERY	0.05767917500010559	0.232242579971041
6560	BAKERY	0.056418483810765405	0.23309042836938584
6826	BAKERY	0.07740457302757672	0.2976693787745067
7047	BAKERY	0.10155606376273292	0.30974032836300985
7150	BAKERY	0.041892754180090766	0.23088168246405466
7165	BAKERY	0.09424783449087824	0.35121382560048786
7635	BAKERY	0.06425474796976362	0.29595570053373066
7799	BAKERY	0.08722844985978943	0.3509402402809688
8051	BAKERY	0.05697706075651305	0.23596568831375667
8125	BAKERY	0.038048824561493735	0.1744503059557506
8159	BAKERY	0.07782986813357898	0.3371059809412275
8184	BAKERY	0.0288338874067579	0.14851364812680654
8186	BAKERY	0.036281640242253034	0.14661517632859095
8193	BAKERY	0.035834579329405515	0.16791241296700068
8294	BAKERY	0.05900096361126218	0.2495099710566657
10364	BAKERY	0.08924837623323713	0.23164009409291403
10882	BAKERY	0.16388754919171333	0.4703984728881291
11086	BAKERY	0.07800984914813723	0.3014054788010461
15510	BAKERY	0.07700624955551964	0.32619297930172514
16324	BAKERY	0.07007514046771186	0.29629677746977123
17617	BAKERY	0.08506922317402703	0.3749617763928005
18827	BAKERY	0.04619484448007175	0.25131531059741974
19310	BAKERY	0.058865923434495926	0.249031805566379
23235	BAKERY	0.049372309020587375	0.2521130783217294
31272	BAKERY	0.08331327406423432	0.30341513242040363
33032	BAKERY	0.09024286589452199	0.3250489277499063
62087	BAKERY	0.07444538921117783	0.33349854605538504
62375	BAKERY	0.02305735381586211	0.15236836884702956
62444	BAKERY	0.05594110542110035	0.260979739683015
228769	BAKERY	0.041703825284327777	0.25144053995609283
519539	BAKERY	0.07160089697156634	0.3169501083237784
520296	BAKERY	0.10313595937831062	0.3492059622492109
521238	BAKERY	0.054671277425118854	0.26750477296965464
1549026	BAKERY	0.0761604548564979	0.28140758190836224
5355850	BAKERY	0.10748813514198576	0.37791979738644194
5362814	BAKERY	0.046839548008782525	0.19090390418257033
5779	BAKERY	0.18765780116830552	0.481810063123703
6106	BAKERY	0.0783352122775146	0.258178065930094
5366244	BAKERY	0.04475746303796768	0.21557065844535828
356	SWEET	0.10045004316738673	0.38238668016024996
460	SWEET	0.11172075250319072	0.4219008471284594
3776	SWEET	0.12688041371958597	0.4511476159095764
6560	SWEET	0.15490242945296423	0.46271913392203196
6826	SWEET	0.30860608390399386	0.6770021745136806
7047	SWEET	0.14140851689236505	0.4609700185911996
7150	SWEET	0.23067662758486612	0.6120953815323966
7165	SWEET	0.38227783356394085	0.7821101546287537
7635	SWEET	0.3565714274133955	0.7310443094798497
7799	SWEET	0.4328014297144754	0.7701948199953351
8051	SWEET	0.2904122940131596	0.6441391025270734
8125	SWEET	0.07879724513207163	0.3478474702153887
8159	SWEET	0.44079152601105825	0.82187306029456
8184	SWEET	0.1268943516271455	0.43953774656568256
8186	SWEET	0.1081531462924821	0.3942412861755916
8193	SWEET	0.11549584886857442	0.41711426632744925
8294	SWEET	0.23335623954023635	0.562371952193124
10364	SWEET	0.10514529794454575	0.3657973068101065
10882	SWEET	0.6174958731446948	0.9085128477641514
11086	SWEET	0.3314481335026877	0.7257062367030552
15510	SWEET	0.008748372218438558	0.1764490476676396
16324	SWEET	0.3010618133204324	0.6434453640665326
17617	SWEET	0.4301422621522631	0.7563712256295341
18827	SWEET	0.10693790550742831	0.41337104780333384
19310	SWEET	0.03336009915385928	0.15938897111586162
23235	SWEET	0.2507636547088623	0.6373217531612941
31272	SWEET	0.31690910032817293	0.6876340253012521
33032	SWEET	0.15018242810453689	0.500233109508242
62087	SWEET	0.031153154160295213	0.2190616833312171
62375	SWEET	0.11768795762743268	0.4249887466430664
62444	SWEET	0.07971249680433955	0.27465349435806274
228769	SWEET	0.2153475752898625	0.5983971442495074
519539	SWEET	0.10917113934244428	0.41662260038512094
520296	SWEET	0.2868430529321943	0.612619127546038
521238	SWEET	0.27878595675740925	0.6739722490310669
1549026	SWEET	0.3301163358347757	0.6780917133603778
5355850	SWEET	0.2908828428813389	0.7037973148482186
5362814	SWEET	0.1991379005568368	0.48627375279154095
5779	SWEET	0.14611737536532537	0.48818751318114145
6106	SWEET	0.12334317394665309	0.41264480352401733
5366244	SWEET	0.11581474755491529	0.42798557451793123
356	FRUIT	0.07543860269444329	0.24729427695274353
460	FRUIT	0.06714205922824996	0.2379799485206604
3776	FRUIT	0.07811138087085315	0.2825184762477875
6560	FRUIT	0.11712802201509476	0.32036186116082327
6826	FRUIT	0.23506209680012294	0.5154227060931069
7047	FRUIT	0.07962668261357717	0.24477820524147578
7150	FRUIT	0.16239670557635172	0.43695258242743357
7165	FRUIT	0.27606518140860964	0.5891727719988141
7635	FRUIT	0.33701590980802265	0.6633800438472203
7799	FRUIT	0.42060271756989615	0.7145737665040153
8051	FRUIT	0.2938341477087566	0.5971893668174744
8125	FRUIT	0.06444949257586684	0.21908280892031534
8159	FRUIT	0.461508001599993	0.7947844352040973
8184	FRUIT	0.10028430819511414	0.32953718304634094
8186	FRUIT	0.09778567403554916	0.3107168972492218
8193	FRUIT	0.08854320272803307	0.28936000381197247
8294	FRUIT	0.24850105813571385	0.4999131177152906
10364	FRUIT	0.058191820713026185	0.18460565592561448
10882	FRUIT	0.5842870218413216	0.8636210901396615
11086	FRUIT	0.2484734377690724	0.5733480368341718
15510	FRUIT	0.0478937386402062	0.12012242100068501
16324	FRUIT	0.2708537514720644	0.5254605199609484
17617	FRUIT	0.3899604380130768	0.6739754251071385
18827	FRUIT	0.08956827382956233	0.28615736961364746
19310	FRUIT	0.06394389271736145	0.14939331369740622
23235	FRUIT	0.17163266454424178	0.46157250659806387
31272	FRUIT	0.29229370185307096	0.5858252899987357
33032	FRUIT	0.11248774826526642	0.2686291698898588
62087	FRUIT	0.06391324156097003	0.15068540189947402
62375	FRUIT	0.12364462550197329	0.3325763387339456
62444	FRUIT	0.0938989126256534	0.24869102665356227
228769	FRUIT	0.2129205252443041	0.47846885664122446
519539	FRUIT	0.10630814731121063	0.2870000387941088
520296	FRUIT	0.2129464170762471	0.4628853329590389
521238	FRUIT	0.2758179817880903	0.6114121420042855
1549026	FRUIT	0.31118216472012655	0.5937870485442025
5355850	FRUIT	0.18292348299707686	0.47451061436108183
5362814	FRUIT	0.2701775005885533	0.5004612335136959
5779	FRUIT	0.04895257391035557	0.1696881651878357
6106	FRUIT	0.07026690643812929	0.1952974647283554
5366244	FRUIT	0.07774748227425984	0.24235652600015914
356	FISH	0.01824993347483022	0.0829766398029668
460	FISH	0.05648333898612431	0.1902336978486606
3776	FISH	0.011632539464959077	0.07843659818172455
6560	FISH	0.03314863850495645	0.13171854508774622
6826	FISH	0.0014323624117033823	0.08327456563711166
7047	FISH	0.023380323047084466	0.11235748763595309
7150	FISH	0.003218455506222589	0.07723044125097138
7165	FISH	0.002386574899511678	0.05624632031789848
7635	FISH	0.007729092479816505	0.06443647242018155
7799	FISH	-0.0038861724148903576	0.05177733887519155
8051	FISH	8.22727701493672e-05	0.06446771855865206
8125	FISH	0.03169015582118716	0.10762638651898929
8159	FISH	-0.003494694030710629	0.04388311691582203
8184	FISH	0.018353726847895553	0.09143629377441746
8186	FISH	0.0071547019428440505	0.07650917209684849
8193	FISH	0.02317857915269477	0.09360999747046403
8294	FISH	0.006713278990771089	0.045282459152596335
10364	FISH	0.03372868549610887	0.08634489189301219
10882	FISH	-0.0007914224905627114	0.05747375317982265
11086	FISH	0.021193381931100572	0.10124921585832324
15510	FISH	0.3482433004038675	0.6143660885947091
16324	FISH	0.0277363479669605	0.12292072283370155
17617	FISH	0.027752724742250785	0.09498466870614461
18827	FISH	0.03937425357954843	0.15947673044034413
19310	FISH	0.3837255282061441	0.6810188293457031
23235	FISH	0.01279946496444089	0.08611442467996053
31272	FISH	-0.0023759443845067707	0.0792521323476519
33032	FISH	-0.00029926361250025887	0.06108213322503226
62087	FISH	0.30206477642059326	0.5509268641471863
62375	FISH	0.050343316314475875	0.17301195434161595
62444	FISH	0.2995693236589432	0.5362814366817474
228769	FISH	-0.007991602378232139	0.07229761300342423
519539	FISH	0.07524138848696436	0.2440572785479682
520296	FISH	-0.007806495098131043	0.08223487330334527
521238	FISH	0.006223510019481182	0.06810639106801578
1549026	FISH	-0.008817942280854498	0.06310748388724667
5355850	FISH	0.006179199820118291	0.1148024510060038
5362814	FISH	0.04238505767924445	0.15702948506389344
5779	FISH	0.05303778047008174	0.19147895595857076
6106	FISH	0.060053503939083645	0.17641663551330566
5366244	FISH	0.04072414405111756	0.14349089988640376
356	GARLIC	0.06824938580393791	0.21484761365822383
460	GARLIC	0.06911034030573708	0.2154657585280282
3776	GARLIC	0.06948244624904223	0.21318831826959336
6560	GARLIC	0.07775306275912694	0.2239086138350623
6826	GARLIC	0.035645450332335064	0.1600917630961963
7047	GARLIC	0.07932393572160176	0.2317096527133669
7150	GARLIC	0.03633347978549344	0.14709452113934926
7165	GARLIC	0.0315197365624564	0.12276288015501839
7635	GARLIC	0.03645297432584422	0.16379297098943166
7799	GARLIC	0.030880443219627653	0.14692757810865129
8051	GARLIC	0.04778992437890598	0.1738669297524861
8125	GARLIC	0.08714500069618225	0.25238154189927237
8159	GARLIC	0.029791279030697688	0.1391577422618866
8184	GARLIC	0.04986634451363768	0.18706296597208297
8186	GARLIC	0.06592292125735964	0.21397800530706132
8193	GARLIC	0.058569139135735374	0.21024444699287415
8294	GARLIC	0.0812452467424529	0.20236948984009878
10364	GARLIC	0.042418940258877616	0.14016947469541005
10882	GARLIC	0.019062658239688193	0.11556604823895864
11086	GARLIC	0.020662149414420128	0.11296693767820086
15510	GARLIC	0.4189963298184531	0.6568569030080523
16324	GARLIC	0.06575076601334981	0.2188774049282074
17617	GARLIC	0.05827510729432106	0.1736871280840465
18827	GARLIC	0.108934257711683	0.29574100034577505
19310	GARLIC	0.4938173506941114	0.723778247833252
23235	GARLIC	0.05646656905966146	0.16609757925782884
31272	GARLIC	0.045791223379118104	0.17960590975625174
33032	GARLIC	0.07893590841974531	0.21752318952764785
62087	GARLIC	0.39390129702431814	0.6347872359412057
62375	GARLIC	0.08652345410415105	0.23282478749752045
62444	GARLIC	0.3569584403719221	0.5970531787191119
228769	GARLIC	0.03285151932920728	0.16719732539994375
519539	GARLIC	0.15657024085521698	0.3571615389415196
520296	GARLIC	0.02566248338137354	0.19384945929050446
521238	GARLIC	0.043890900909900665	0.17697772490126745
1549026	GARLIC	0.04925359891993659	0.18002886005810328
5355850	GARLIC	0.05149536366973605	0.23224031499453954
5362814	GARLIC	0.08754900044628552	0.23322980744498117
5779	GARLIC	0.14948069197790964	0.3475978970527649
6106	GARLIC	0.1264870028410639	0.2983385579926627
5366244	GARLIC	0.06738637760281563	0.2477043377501624
356	SPICES	0.13299877515860967	0.313751471894128
460	SPICES	0.1865101775952748	0.38663447328976225
3776	SPICES	0.1513160424573081	0.3300072167600904
6560	SPICES	0.13442658739430563	0.3053323413644518
6826	SPICES	0.15280053232397353	0.3741819645677294
7047	SPICES	0.1714093770299639	0.3484848993165152
7150	SPICES	0.15798185978616988	0.37426442759377615
7165	SPICES	0.15069030012403214	0.3856342392308371
7635	SPICES	0.14621821684496744	0.3920472093990871
7799	SPICES	0.12035499619586128	0.3523559101990291
8051	SPICES	0.15896579836096084	0.37386501686913626
8125	SPICES	0.1464859311069761	0.3356058725288936
8159	SPICES	0.1378358325787953	0.3799166423933847
8184	SPICES	0.10134862682649068	0.30998254248074125
8186	SPICES	0.11721522041729518	0.3393133580684662
8193	SPICES	0.11276495030948094	0.3200422057083675
8294	SPICES	0.1775915026664734	0.4168879730360849
10364	SPICES	0.385237740618842	0.6201907609190259
10882	SPICES	0.12503776592867716	0.3798519330365317
11086	SPICES	0.11741376242467336	0.35129659516470774
15510	SPICES	0.28346751843179974	0.5239882554326739
16324	SPICES	0.12013441324234009	0.3309403530188969
17617	SPICES	0.1430136731692723	0.3876512348651886
18827	SPICES	0.16928366890975408	0.37431324805532185
19310	SPICES	0.290106611592429	0.5389631773744311
23235	SPICES	0.23778823230947768	0.4212535321712494
31272	SPICES	0.11132576210158211	0.31118862543787273
33032	SPICES	0.17285460659435817	0.3540335212435041
62087	SPICES	0.26826966234615873	0.5169784000941685
62375	SPICES	0.21776079280035837	0.4193380219595773
62444	SPICES	0.23319622448512486	0.4854523369244167
228769	SPICES	0.13969965279102325	0.33804599727903095
519539	SPICES	0.22950019580977304	0.44846510887145996
520296	SPICES	0.15409952189241136	0.3673856258392334
521238	SPICES	0.17914677943502152	0.4071013799735478
1549026	SPICES	0.1367338661636625	0.3609733538968222
5355850	SPICES	0.20670331801686967	0.4370725623198918
5362814	SPICES	0.17335227983338491	0.35700693300792147
5779	SPICES	0.1986121130841119	0.4247072083609445
6106	SPICES	0.15033811330795288	0.34286384497370037
5366244	SPICES	0.14866749516555242	0.3403819629124233
356	COLD	0.3216830960341862	0.5324886654104505
460	COLD	0.2571124477045877	0.4757901302405766
3776	COLD	0.303994745016098	0.5084846913814545
6560	COLD	0.27194471870149883	0.45151796085493906
6826	COLD	0.3177554564816611	0.5184831363814217
7047	COLD	0.2469101165022169	0.42979864137513296
7150	COLD	0.3466606225286211	0.5512725199971881
7165	COLD	0.3100939563342503	0.5429743613515582
7635	COLD	0.24564291962555476	0.4822764652115958
7799	COLD	0.2963037150246756	0.5036151536873409
8051	COLD	0.34540190015520367	0.5600362164633614
8125	COLD	0.28851971881730215	0.485138224703925
8159	COLD	0.3252898156642914	0.5384909978934697
8184	COLD	0.34167455775397165	0.5494025605065482
8186	COLD	0.3264458647796086	0.5289249590465
8193	COLD	0.30822424803461346	0.511002676827567
8294	COLD	0.351202381508691	0.5500464269093105
10364	COLD	0.3111165293625423	0.5195916976247515
10882	COLD	0.3001129499503544	0.5141114209379468
11086	COLD	0.3711307772568294	0.5776603307042804
15510	COLD	0.10005382501653262	0.2254619640963418
16324	COLD	0.23598501086235046	0.43221784063747953
17617	COLD	0.206803383571761	0.41046435066631864
18827	COLD	0.2609508293015616	0.43991861173084806
19310	COLD	0.0833070118512426	0.23485469818115234
23235	COLD	0.24245646808828628	0.4513844762529646
31272	COLD	0.29592995984213694	0.49350940329687937
33032	COLD	0.2853280135563442	0.4607847673552377
62087	COLD	0.09621650299855641	0.22799628973007202
62375	COLD	0.2743261328765324	0.5074285907404763
62444	COLD	0.10880853235721588	0.2610184316124235
228769	COLD	0.2416209557226726	0.4679790266922542
519539	COLD	0.19896289706230164	0.38686063034193857
520296	COLD	0.26992390411240713	0.4598891181605203
521238	COLD	0.27604476468903677	0.5116628408432007
1549026	COLD	0.24859856494835444	0.4467477372714451
5355850	COLD	0.20322431411061967	0.38168497170720783
5362814	COLD	0.27365243434906006	0.49730066316468374
5779	COLD	0.1754403135606221	0.3157303844179426
6106	COLD	0.23316560047013418	0.3566302912575858
5366244	COLD	0.24150616569178446	0.43366060086659025
356	SOUR	0.22324748550142562	0.42582399930272785
460	SOUR	0.23223814793995448	0.45258759600775583
3776	SOUR	0.19459480260099685	0.4238106310367584
6560	SOUR	0.2533244788646698	0.46345135995319914
6826	SOUR	0.1789610790354865	0.4084833434649876
7047	SOUR	0.19631019873278482	0.3970076399190085
7150	SOUR	0.1739576097045626	0.39160068120275227
7165	SOUR	0.15634676814079285	0.3948367919240679
7635	SOUR	0.1779617624623435	0.42190695660454886
7799	SOUR	0.17923968817506516	0.4179052284785679
8051	SOUR	0.24640629972730363	0.4860233834811619
8125	SOUR	0.2516228322471891	0.45618092162268503
8159	SOUR	0.189540724669184	0.45454529779297964
8184	SOUR	0.23728983104228973	0.4610483688967569
8186	SOUR	0.2675721538918359	0.5021255016326904
8193	SOUR	0.2387075126171112	0.4631622178213937
8294	SOUR	0.21167296596935817	0.4498370885848999
10364	SOUR	0.14661567126001632	0.32505975876535687
10882	SOUR	0.20959060319832393	0.4865665520940508
11086	SOUR	0.17528626109872544	0.3978160832609449
15510	SOUR	0.3931697607040405	0.6575830408505031
16324	SOUR	0.30599239255700794	0.5398948107446943
17617	SOUR	0.21037414031369345	0.46257651277950834
18827	SOUR	0.29248976494584766	0.5128470233508519
19310	SOUR	0.5206411566053119	0.7767677221979413
23235	SOUR	0.16459684925419943	0.40371227264404297
31272	SOUR	0.25827337375708986	0.5086551521505628
33032	SOUR	0.25549303208078655	0.46555013741765705
62087	SOUR	0.430223000901086	0.6748744675091335
62375	SOUR	0.2310217363493783	0.4730966900076185
62444	SOUR	0.5543540375573295	0.7707354511533465
228769	SOUR	0.13120879445757186	0.35443818143435885
519539	SOUR	0.2948476161275591	0.543475193636758
520296	SOUR	0.1749924463885171	0.36978903838566374
521238	SOUR	0.17298282895769393	0.41638324516160147
1549026	SOUR	0.21441489032336644	0.4603564441204071
5355850	SOUR	0.2622306708778654	0.5306807330676487
5362814	SOUR	0.32008945090430124	0.5548818026270185
5779	SOUR	0.2686548339469092	0.5044555621487754
6106	SOUR	0.39097723364830017	0.5733899559293475
5366244	SOUR	0.22724980115890503	0.4495787535394941
356	BURNT	0.10406359444771494	0.3206621195588793
460	BURNT	0.22215119429997035	0.5468723518507821
3776	BURNT	0.09361718382154192	0.29051943336214336
6560	BURNT	0.08685313857027463	0.2888585797377995
6826	BURNT	0.070291668176651	0.2587510794401169
7047	BURNT	0.14849531118358886	0.38552315746034893
7150	BURNT	0.07626914552279881	0.2937859467097691
7165	BURNT	0.05378495209983417	0.22252348278250014
7635	BURNT	0.0896172049854483	0.25281364364283426
7799	BURNT	0.07035351491400174	0.24967528666768754
8051	BURNT	0.0848495534488133	0.3069412410259247
8125	BURNT	0.12243167417390007	0.3561200031212398
8159	BURNT	0.057286216744354794	0.21849382988044194
8184	BURNT	0.13599970936775208	0.388497884784426
8186	BURNT	0.1653368558202471	0.4523704009396689
8193	BURNT	0.13990511106593267	0.4008392478738512
8294	BURNT	0.07922426770840373	0.2841348094599588
10364	BURNT	0.20283431666237967	0.5645906542028699
10882	BURNT	0.06449427455663681	0.21151138842105865
11086	BURNT	0.0780006732259478	0.29426262208393644
15510	BURNT	0.3201942358698164	0.6093263711248126
16324	BURNT	0.09226965372051511	0.2957464073385511
17617	BURNT	0.08743221844945635	0.28757246903010775
18827	BURNT	0.17641086131334305	0.43506169744900297
19310	BURNT	0.249057160956519	0.554036727973393
23235	BURNT	0.07068510406783649	0.23805624885218485
31272	BURNT	0.0833748249070985	0.26858206944806234
33032	BURNT	0.13721252126353128	0.3541527645928519
62087	BURNT	0.2972181183951242	0.5932931985173907
62375	BURNT	0.1342768743634224	0.41050379616873606
62444	BURNT	0.23307539522647858	0.5522832529885429
228769	BURNT	0.09626977571419307	0.27622899413108826
519539	BURNT	0.20585670854364121	0.5199633368424007
520296	BURNT	0.1173799027289663	0.35273463811193195
521238	BURNT	0.1025686998452459	0.2662825605698994
1549026	BURNT	0.07539284335715431	0.25621484007154194
5355850	BURNT	0.09283471426793508	0.3219250227723803
5362814	BURNT	0.1269592387335641	0.4335526781422751
5779	BURNT	0.24709931015968323	0.5085713735648564
6106	BURNT	0.1209633754832404	0.3629633145672934
5366244	BURNT	0.13598753618342535	0.38732720272881643
356	ACID	0.3830115497112274	0.5462167050157275
460	ACID	0.34145456552505493	0.5290419033595494
3776	ACID	0.3292630272252219	0.49392067960330416
6560	ACID	0.2666042021342686	0.45360396589551655
6826	ACID	0.20396740521703446	0.39517211062567575
7047	ACID	0.24480400766645158	0.40060555934906006
7150	ACID	0.27895217282431467	0.4587556847504207
7165	ACID	0.1738299642290388	0.3700772821903229
7635	ACID	0.16524300192083632	0.34920468074934824
7799	ACID	0.14093871201787675	0.3348166985171182
8051	ACID	0.30029992546354023	0.49217619214739117
8125	ACID	0.35995603459221975	0.5245917907782963
8159	ACID	0.18716454718794143	0.37847992352076937
8184	ACID	0.36023135696138653	0.5737174493925912
8186	ACID	0.3615666372435434	0.5885835715702602
8193	ACID	0.3216568146433149	0.5340572595596313
8294	ACID	0.25176732880728586	0.4341183006763458
10364	ACID	0.3769012519291469	0.54403703553336
10882	ACID	0.12375950174672264	0.3264758970056261
11086	ACID	0.24585947607244765	0.4668811006205423
15510	ACID	0.21299801979746139	0.41499538932527813
16324	ACID	0.23107108899525233	0.403233460017613
17617	ACID	0.11814205242054802	0.3186221420764923
18827	ACID	0.30060121417045593	0.4668185753481729
19310	ACID	0.22344372315066202	0.44574759687696186
23235	ACID	0.1395651942917279	0.3063617604119437
31272	ACID	0.2712169161864689	0.4632790556975773
33032	ACID	0.1772328359740121	0.3818419235093253
62087	ACID	0.20532365781920298	0.40358673674719675
62375	ACID	0.32326060959271025	0.5269580057689122
62444	ACID	0.24106815244470323	0.4589276356356485
228769	ACID	0.16833641486508505	0.35600381663867403
519539	ACID	0.2629119796412332	0.4439995799745832
520296	ACID	0.14923500269651413	0.3341244288853237
521238	ACID	0.1959957778453827	0.36327419110706877
1549026	ACID	0.164598462837083	0.36641782947949003
5355850	ACID	0.1557093241385051	0.34129745193890165
5362814	ACID	0.2625232913664409	0.4666635351521628
5779	ACID	0.1877904725926263	0.3513266657079969
6106	ACID	0.2256269838128771	0.40026465909821646
5366244	ACID	0.23653060410703933	0.4389717238289969
356	WARM	0.23274461712156022	0.4092923700809479
460	WARM	0.40984538197517395	0.6228944063186646
3776	WARM	0.2421540915966034	0.40422829559871126
6560	WARM	0.24660017447812216	0.4227300669465746
6826	WARM	0.319301575422287	0.5027670775141034
7047	WARM	0.3095074381147112	0.4815003275871277
7150	WARM	0.30912151081221445	0.5077498470033918
7165	WARM	0.34731381705829073	0.5485988855361938
7635	WARM	0.3313657598836081	0.5226571815354484
7799	WARM	0.3355206719466618	0.5382734877722604
8051	WARM	0.2831512859889439	0.49644322054726736
8125	WARM	0.23472067287990026	0.41598932232175556
8159	WARM	0.3160642257758549	0.5376630170004708
8184	WARM	0.2823486306837627	0.4956353391919817
8186	WARM	0.2708173415490559	0.49994744999068125
8193	WARM	0.2816856248038156	0.48799376828329905
8294	WARM	0.25556643520082745	0.4553180422101702
10364	WARM	0.45866317408425467	0.6215770074299404
10882	WARM	0.41143506339618136	0.6122792363166809
11086	WARM	0.34807140060833525	0.5665436727660043
15510	WARM	0.36930505292756216	0.6057074325425285
16324	WARM	0.3063439003058842	0.532089331320354
17617	WARM	0.36684742995670866	0.5944337333951678
18827	WARM	0.2977630708898817	0.4986849938120161
19310	WARM	0.3488788902759552	0.6100991112845284
23235	WARM	0.29713247077805655	0.48877603667122976
31272	WARM	0.2832049471991403	0.5065557105200631
33032	WARM	0.2818194840635572	0.4634829206126077
62087	WARM	0.3744207578045981	0.605289876461029
62375	WARM	0.3054376414843968	0.5086201088769096
62444	WARM	0.3785031523023333	0.645611218043736
228769	WARM	0.275865627186639	0.44880556634494234
519539	WARM	0.32618196521486553	0.5383463246481759
520296	WARM	0.36659849115780424	0.5697180884225028
521238	WARM	0.3051434542451586	0.49635346446718487
1549026	WARM	0.3163941630295345	0.5079903262002128
5355850	WARM	0.3925458661147526	0.6037636739867074
5362814	WARM	0.30505024109567913	0.5179049457822528
5779	WARM	0.40386317457471577	0.5820339918136597
6106	WARM	0.2984444371291569	0.49098965525627136
5366244	WARM	0.29824476156915936	0.4819676067147936
356	MUSKY	0.1972070038318634	0.4119867427008493
460	MUSKY	0.30595843281064716	0.561879140990121
3776	MUSKY	0.1549723893404007	0.3692769025053297
6560	MUSKY	0.21578114799090795	0.41894732202802387
6826	MUSKY	0.16409137099981308	0.3521155757563455
7047	MUSKY	0.21015720708029612	0.4289513570921762
7150	MUSKY	0.1756246281521661	0.3892834058829716
7165	MUSKY	0.14083183769668853	0.3391570065702711
7635	MUSKY	0.12664024106093816	0.3182263544627598
7799	MUSKY	0.12323211399572236	0.31886120566299986
8051	MUSKY	0.15807005975927627	0.35946937118257793
8125	MUSKY	0.22341305443218776	0.4504868601049696
8159	MUSKY	0.08811508012669426	0.2697342847074781
8184	MUSKY	0.26915048701422556	0.5352103454726083
8186	MUSKY	0.31064709595271517	0.5825147884232658
8193	MUSKY	0.27285987564495634	0.5377596276147025
8294	MUSKY	0.13205956774098532	0.32130687151636395
10364	MUSKY	0.18918779918125697	0.382253212588174
10882	MUSKY	0.090094905346632	0.26538165126528057
11086	MUSKY	0.19878099858760834	0.40411034652165007
15510	MUSKY	0.35456236771174837	0.6259998083114624
16324	MUSKY	0.2431247340781348	0.43583835874285015
17617	MUSKY	0.1709033985223089	0.3797419922692435
18827	MUSKY	0.2682042590209416	0.5125465733664376
19310	MUSKY	0.39681779061044964	0.6874091795512608
23235	MUSKY	0.1627108177968434	0.35698315501213074
31272	MUSKY	0.15623642291341508	0.3624563685485295
33032	MUSKY	0.24405608858380998	0.4264433469091143
62087	MUSKY	0.376005083322525	0.6189398680414472
62375	MUSKY	0.20734999648162297	0.4473864095551627
62444	MUSKY	0.4438712980066027	0.6951256905283246
228769	MUSKY	0.1203593026314463	0.3376348784991673
519539	MUSKY	0.263268734727587	0.5043779696737017
520296	MUSKY	0.1980234831571579	0.4541836508682796
521238	MUSKY	0.11632841293300901	0.3088229937212808
1549026	MUSKY	0.13161938105310714	0.31774716292108807
5355850	MUSKY	0.2633367670433862	0.513835494007383
5362814	MUSKY	0.2572305543082101	0.4666422052042825
5779	MUSKY	0.22473454901150294	0.48996692470141817
6106	MUSKY	0.34513513105256216	0.5586202144622803
5366244	MUSKY	0.27845982142857145	0.5419145481927055
356	SWEATY	0.1010990600500788	0.23025992938450404
460	SWEATY	0.11825391969510488	0.2724468261003494
3776	SWEATY	0.076111872281347	0.208700635603496
6560	SWEATY	0.14355664913143432	0.28939759518418995
6826	SWEATY	0.0711587875017098	0.18376503671918595
7047	SWEATY	0.09115991634981972	0.2150188684463501
7150	SWEATY	0.0675112631704126	0.19153960049152374
7165	SWEATY	0.05888740931238447	0.17046162911823817
7635	SWEATY	0.06634758625711713	0.19336496719292232
7799	SWEATY	0.055796327867678235	0.1795231125184468
8051	SWEATY	0.08364171854087285	0.22993694884436472
8125	SWEATY	0.1206182911992073	0.2683169799191611
8159	SWEATY	0.04451162474496024	0.14939313062599727
8184	SWEATY	0.11057396978139877	0.2626307691846575
8186	SWEATY	0.1285100749560765	0.3080589898994991
8193	SWEATY	0.11457030794450215	0.27730803404535564
8294	SWEATY	0.056768719639096944	0.18052162868635996
10364	SWEATY	0.06745263508387975	0.14758013827460154
10882	SWEATY	0.0601889185075249	0.1656610518693924
11086	SWEATY	0.09313295249428068	0.20577571434634073
15510	SWEATY	0.22784785500594548	0.46085827691214426
16324	SWEATY	0.14557582991463797	0.3015176164252417
17617	SWEATY	0.09649649315646716	0.24712240270205907
18827	SWEATY	0.13818689009972981	0.32375756331852507
19310	SWEATY	0.27823919909340994	0.5380905100277492
23235	SWEATY	0.08312932987298284	0.1917617448738643
31272	SWEATY	0.09296909240739686	0.21962942821638926
33032	SWEATY	0.13467360500778472	0.2711528390645981
62087	SWEATY	0.2553639475788389	0.46842677678380695
62375	SWEATY	0.09065897709556989	0.23521138301917485
62444	SWEATY	0.31590371472494944	0.5642238259315491
228769	SWEATY	0.05774844544274466	0.21875039168766566
519539	SWEATY	0.14228907759700501	0.36463724289621624
520296	SWEATY	0.07776714542082377	0.2469832705599921
521238	SWEATY	0.06977852433919907	0.18776596869741166
1549026	SWEATY	0.06616261601448059	0.2042243480682373
5355850	SWEATY	0.1595648229122162	0.3334470902170454
5362814	SWEATY	0.1411497507776533	0.3274990277630942
5779	SWEATY	0.16449372257505143	0.3647710978984833
6106	SWEATY	0.2799579990761621	0.4833075191293444
5366244	SWEATY	0.14548766293695994	0.32745500973292757
356	AMMONIA/URINOUS	0.3746078780719212	0.5080315555844989
460	AMMONIA/URINOUS	0.43911888769694735	0.6032547695296151
3776	AMMONIA/URINOUS	0.30775185780865805	0.46547351138932364
6560	AMMONIA/URINOUS	0.30091180971690584	0.4613714005265917
6826	AMMONIA/URINOUS	0.19435671929802215	0.35526858483042034
7047	AMMONIA/URINOUS	0.24435357323714665	0.3852904098374503
7150	AMMONIA/URINOUS	0.3110045130763735	0.45020896196365356
7165	AMMONIA/URINOUS	0.1994331819670541	0.34645975061825346
7635	AMMONIA/URINOUS	0.13799322928701127	0.2959139219352177
7799	AMMONIA/URINOUS	0.0970561248915536	0.23947645510946
8051	AMMONIA/URINOUS	0.2675020843744278	0.4160732073443277
8125	AMMONIA/URINOUS	0.3540201953479222	0.4940715048994337
8159	AMMONIA/URINOUS	0.14051982760429382	0.2878089589732034
8184	AMMONIA/URINOUS	0.38421771781785147	0.5404772205012185
8186	AMMONIA/URINOUS	0.3857975559575217	0.5441033967903682
8193	AMMONIA/URINOUS	0.34363752390657154	0.4952394792011806
8294	AMMONIA/URINOUS	0.23545495952878678	0.3803300814969199
10364	AMMONIA/URINOUS	0.35080582329205107	0.4946551578385489
10882	AMMONIA/URINOUS	0.09672511901174273	0.25786090961524416
11086	AMMONIA/URINOUS	0.3021755814552307	0.4461863466671535
15510	AMMONIA/URINOUS	0.36355417115347727	0.5177150922162193
16324	AMMONIA/URINOUS	0.2277664499623435	0.3989497295447758
17617	AMMONIA/URINOUS	0.17540972786290304	0.3351096085139683
18827	AMMONIA/URINOUS	0.2899823635816574	0.4446010334151132
19310	AMMONIA/URINOUS	0.3718735788549696	0.5208989935261863
23235	AMMONIA/URINOUS	0.15096588645662581	0.26467463799885343
31272	AMMONIA/URINOUS	0.23731778774942672	0.4075991553919656
33032	AMMONIA/URINOUS	0.1487615065915244	0.31406580976077486
62087	AMMONIA/URINOUS	0.33068694387163433	0.4838064525808607
62375	AMMONIA/URINOUS	0.33025194491658894	0.4929525469030653
62444	AMMONIA/URINOUS	0.40748036759240286	0.5576156420367104
228769	AMMONIA/URINOUS	0.14251615958554403	0.2771687294755663
519539	AMMONIA/URINOUS	0.2830985529082162	0.4631853997707367
520296	AMMONIA/URINOUS	0.10768225256885801	0.25476083372320446
521238	AMMONIA/URINOUS	0.15515163327966416	0.2927877604961395
1549026	AMMONIA/URINOUS	0.16564954817295074	0.3190399408340454
5355850	AMMONIA/URINOUS	0.2972032640661512	0.43791002886635916
5362814	AMMONIA/URINOUS	0.25488312755312237	0.3994620442390442
5779	AMMONIA/URINOUS	0.21303099393844604	0.3872904436928885
6106	AMMONIA/URINOUS	0.3013906180858612	0.44878949437822613
5366244	AMMONIA/URINOUS	0.31203634824071613	0.4622193915503366
356	DECAYED	0.07324538592781339	0.31206377489226206
460	DECAYED	0.09432768076658249	0.36159487281526836
3776	DECAYED	0.05180444249085018	0.28475840602602276
6560	DECAYED	0.0847642549446651	0.3473874883992331
6826	DECAYED	0.06209329515695572	0.2752843626907894
7047	DECAYED	0.059637745576245446	0.2768053412437439
7150	DECAYED	0.057412048003503253	0.2814911901950836
7165	DECAYED	0.05400446163756507	0.2553320527076721
7635	DECAYED	0.05365657327430589	0.3000534006527492
7799	DECAYED	0.06191782121147428	0.2999070031302316
8051	DECAYED	0.07090137366737638	0.3277767130306789
8125	DECAYED	0.0794070160814694	0.3198600283690861
8159	DECAYED	0.059657130922589986	0.3032840405191694
8184	DECAYED	0.08235339713948113	0.3266565757138388
8186	DECAYED	0.06734796932765416	0.31563060198511395
8193	DECAYED	0.07552479739700045	0.31322067763124195
8294	DECAYED	0.04238356676484857	0.24939564721924917
10364	DECAYED	0.06353654286691121	0.2580294396196093
10882	DECAYED	0.07145078693117414	0.31353362117494854
11086	DECAYED	0.07378316032035011	0.31727869170052664
15510	DECAYED	0.24339768077645982	0.6083529761859349
16324	DECAYED	0.11043525806495122	0.3726686579840524
17617	DECAYED	0.08764851625476565	0.3445822426251003
18827	DECAYED	0.10143871605396271	0.3827122449874878
19310	DECAYED	0.29181784817150663	0.7066645962851388
23235	DECAYED	0.04443403386643955	0.247212610074452
31272	DECAYED	0.07006204075046948	0.32509279251098633
33032	DECAYED	0.08144550770521164	0.2822813647133963
62087	DECAYED	0.24327922293118068	0.6004320893968854
62375	DECAYED	0.07737130458865847	0.3485461005142757
62444	DECAYED	0.2773148992231914	0.6734518323625837
228769	DECAYED	0.03483322475637708	0.2611204172883715
519539	DECAYED	0.1124379847730909	0.42937719396182467
520296	DECAYED	0.05919131583401135	0.3191547564097813
521238	DECAYED	0.04674187781555312	0.29411226511001587
1549026	DECAYED	0.05546666096363749	0.28205814957618713
5355850	DECAYED	0.0877240246960095	0.3730980668749128
5362814	DECAYED	0.10030906966754369	0.35759726592472624
5779	DECAYED	0.11447463929653168	0.3913981190749577
6106	DECAYED	0.14859434749398912	0.465485760143825
5366244	DECAYED	0.06988982536963054	0.32424050143786837
356	WOOD	0.2336958008153098	0.3980394388948168
460	WOOD	0.34379589344773975	0.5131910783903939
3776	WOOD	0.22531461715698242	0.3874837671007429
6560	WOOD	0.15724405965634755	0.2997204746518816
6826	WOOD	0.13747614941426686	0.2809026837348938
7047	WOOD	0.2467716485261917	0.3962230256625584
7150	WOOD	0.14757103685821807	0.2977409405367715
7165	WOOD	0.06842533977968353	0.1914913377591542
7635	WOOD	0.14672651035445078	0.31596953528267996
7799	WOOD	0.12698276128087724	0.28128633754593985
8051	WOOD	0.2169768065214157	0.3988004411969866
8125	WOOD	0.25425734903131214	0.43246581724711824
8159	WOOD	0.101629980972835	0.23940755001136235
8184	WOOD	0.32840332814625334	0.5553234474999564
8186	WOOD	0.37326919606753756	0.623198824269431
8193	WOOD	0.33952089718409945	0.5705299121992928
8294	WOOD	0.2653287138257708	0.46406141349247526
10364	WOOD	0.37278687953948975	0.5950596502849034
10882	WOOD	0.02146041499716895	0.13294473396880285
11086	WOOD	0.09389759813036237	0.22777860505240305
15510	WOOD	0.14812773891857692	0.32157006008284433
16324	WOOD	0.1047657100217683	0.23326884848730906
17617	WOOD	0.05305625657950129	0.19783176907471248
18827	WOOD	0.2944442331790924	0.4908414099897657
19310	WOOD	0.0918139959020274	0.25701444489615305
23235	WOOD	0.1761685162782669	0.3097484792981829
31272	WOOD	0.10637558677366801	0.23773012629577092
33032	WOOD	0.30366084405354093	0.47815577898706707
62087	WOOD	0.15401172850813186	0.33119494574410574
62375	WOOD	0.29426252841949463	0.48774391412734985
62444	WOOD	0.10456793169890131	0.25575043686798643
228769	WOOD	0.19756893387862615	0.40008661576679777
519539	WOOD	0.2895830529076712	0.49764712367738995
520296	WOOD	0.2307072877883911	0.43692151989255634
521238	WOOD	0.19122565431254251	0.37952552097184317
1549026	WOOD	0.15963213571480342	0.31662926929337637
5355850	WOOD	0.11724045127630234	0.27787732652255465
5362814	WOOD	0.2600643251623426	0.4600089447838919
5779	WOOD	0.2702870901141848	0.4571800104209355
6106	WOOD	0.15896260099751608	0.3241204491683415
5366244	WOOD	0.27948449764932903	0.4838926451546805
356	GRASS	0.10903670213052205	0.23912505592618669
460	GRASS	0.10622591525316238	0.20373176038265228
3776	GRASS	0.15232445299625397	0.29692465492657255
6560	GRASS	0.12446577208382743	0.2388513066938945
6826	GRASS	0.13320574590138026	0.2969989223139627
7047	GRASS	0.09101311330284391	0.2078087798186711
7150	GRASS	0.1313126544867243	0.2793517879077366
7165	GRASS	0.09877366359744753	0.22586863807269505
7635	GRASS	0.16677519466195787	0.3103809228965214
7799	GRASS	0.16177032675061906	0.2969221643039158
8051	GRASS	0.14066703830446517	0.2981166456426893
8125	GRASS	0.10654529184103012	0.23585909392152513
8159	GRASS	0.1838959221329008	0.3437794234071459
8184	GRASS	0.12790785091263907	0.30274906754493713
8186	GRASS	0.09497881467853274	0.24219610009874618
8193	GRASS	0.12427102561507906	0.2879784234932491
8294	GRASS	0.208093455859593	0.39722793868609835
10364	GRASS	0.09426912665367126	0.19278331526688167
10882	GRASS	0.13567393166678293	0.25887381604739595
11086	GRASS	0.12458576474870954	0.26281715503760744
15510	GRASS	0.07492221466132573	0.21336898420538222
16324	GRASS	0.07526154709713799	0.18297205652509416
17617	GRASS	0.07170239357011658	0.20131944332804
18827	GRASS	0.14334972202777863	0.29824187074388775
19310	GRASS	0.07942312157579831	0.20596596598625183
23235	GRASS	0.1886078736611775	0.3314670877797263
31272	GRASS	0.1056014916726521	0.21646298680986678
33032	GRASS	0.18035574683121272	0.3403208042894091
62087	GRASS	0.07308048595275198	0.21257162519863673
62375	GRASS	0.2696264662912914	0.4872341198580606
62444	GRASS	0.062177468091249466	0.17595144254820688
228769	GRASS	0.22132872470787593	0.3557136186531612
519539	GRASS	0.2427177471773965	0.444958712373461
520296	GRASS	0.09454380082232612	0.2103433119399207
521238	GRASS	0.21231794144426072	0.3813335384641375
1549026	GRASS	0.16063182268823897	0.32627806067466736
5355850	GRASS	0.08273574816329139	0.19383132670606887
5362814	GRASS	0.30128762338842663	0.48065766266414095
5779	GRASS	0.09978090439523969	0.18029688937323435
6106	GRASS	0.0998672502381461	0.178238359945161
5366244	GRASS	0.113922047827925	0.2532557078770229
356	FLOWER	0.13725571015051433	0.35266595227377756
460	FLOWER	0.11027134635618754	0.31426072120666504
3776	FLOWER	0.13342540285417012	0.3442800257887159
6560	FLOWER	0.1568636947444507	0.35049454654966083
6826	FLOWER	0.31665596791676115	0.5448327490261623
7047	FLOWER	0.1427241297704833	0.3478793799877167
7150	FLOWER	0.2815333200352533	0.5197690171854836
7165	FLOWER	0.39740013224737986	0.6563607198851449
7635	FLOWER	0.3419111115591867	0.5827113475118365
7799	FLOWER	0.30416985920497347	0.5532998783247811
8051	FLOWER	0.18072481879166194	0.39485701492854525
8125	FLOWER	0.1099822111427784	0.3157567892755781
8159	FLOWER	0.31486867155347553	0.5994626794542585
8184	FLOWER	0.2015326746872493	0.40901581730161396
8186	FLOWER	0.11885043340069908	0.3127216398715973
8193	FLOWER	0.18441058908190047	0.38097444602421354
8294	FLOWER	0.23431645972388132	0.4525913085256304
10364	FLOWER	0.060732950057302205	0.22394453201975142
10882	FLOWER	0.3103156643254416	0.5797723616872515
11086	FLOWER	0.3703951324735369	0.6170440145901271
15510	FLOWER	0.049575068588767736	0.11899795596088682
16324	FLOWER	0.19450064854962484	0.38919789450509207
17617	FLOWER	0.3140142389706203	0.5452579430171421
18827	FLOWER	0.09878954397780555	0.27065822056361605
19310	FLOWER	0.06318092026880809	0.1101384876029832
23235	FLOWER	0.38509868724005564	0.6252767869404384
31272	FLOWER	0.18355794250965118	0.42961420331682476
33032	FLOWER	0.1563685749258314	0.35895595805985586
62087	FLOWER	0.04530290035264833	0.11274876445531845
62375	FLOWER	0.1984667522566659	0.41972167577062336
62444	FLOWER	0.07405304589441844	0.13169599643775395
228769	FLOWER	0.29332579033715384	0.5202955518450055
519539	FLOWER	0.08386046120098659	0.23706252447196416
520296	FLOWER	0.27684989145823885	0.45213725311415537
521238	FLOWER	0.3042903883116586	0.5416121482849121
1549026	FLOWER	0.31343099900654386	0.5489929275853294
5355850	FLOWER	0.2747305780649185	0.5334383036409106
5362814	FLOWER	0.1488827903355871	0.31836226156779696
5779	FLOWER	0.09056614232914788	0.20915542862245015
6106	FLOWER	0.14557765211377824	0.26318215259483885
5366244	FLOWER	0.21521060381616866	0.4154347394193922
356	CHEMICAL	0.44974359444209505	0.7193142942019871
460	CHEMICAL	0.4070080390998295	0.6812957099505833
3776	CHEMICAL	0.39110004689012257	0.6783275263650077
6560	CHEMICAL	0.30859232374600004	0.5995997445923942
6826	CHEMICAL	0.2899569272994995	0.5857920561517987
7047	CHEMICAL	0.30771604180336	0.5773769957678658
7150	CHEMICAL	0.3993173582213266	0.663941468511309
7165	CHEMICAL	0.2837518411023276	0.5990964600018093
7635	CHEMICAL	0.20461111196449824	0.5054789696420942
7799	CHEMICAL	0.1998367373432432	0.5058352904660361
8051	CHEMICAL	0.37486536162240164	0.6672148704528809
8125	CHEMICAL	0.40102721537862507	0.6745754565511431
8159	CHEMICAL	0.26457462140492033	0.5693464194025312
8184	CHEMICAL	0.46127759984561373	0.7555778196879795
8186	CHEMICAL	0.4591278944696699	0.7439612916537693
8193	CHEMICAL	0.4092354604176113	0.703008098261697
8294	CHEMICAL	0.29257533167089733	0.5851092764309475
10364	CHEMICAL	0.45625125084604534	0.6751813207353864
10882	CHEMICAL	0.2249339861529214	0.5458313567297799
11086	CHEMICAL	0.38147186381476267	0.6766631943838937
15510	CHEMICAL	0.15420395029442652	0.4599706062248775
16324	CHEMICAL	0.2897110602685383	0.5981213705880302
17617	CHEMICAL	0.19301209492342813	0.509575605392456
18827	CHEMICAL	0.3280096011502402	0.6064291766711644
19310	CHEMICAL	0.16059549365724837	0.4815018219607217
23235	CHEMICAL	0.18548412195273808	0.47262967910085407
31272	CHEMICAL	0.35798249925885883	0.6576615401676723
33032	CHEMICAL	0.16990341671875545	0.5027351975440979
62087	CHEMICAL	0.1399538027388709	0.46516676034246174
62375	CHEMICAL	0.37891714913504465	0.6448423947606768
62444	CHEMICAL	0.2318426306758608	0.5475884250232151
228769	CHEMICAL	0.1879372979913439	0.47262325457164217
519539	CHEMICAL	0.27616931923798155	0.5701143145561218
520296	CHEMICAL	0.18566269321101053	0.4732623781476702
521238	CHEMICAL	0.2147876045533589	0.4971978919846671
1549026	CHEMICAL	0.2222654585327421	0.53035626241139
5355850	CHEMICAL	0.20262739275182998	0.47971415519714355
5362814	CHEMICAL	0.3299074045249394	0.6397973724773952
5779	CHEMICAL	0.1435753639255251	0.4339169647012438
6106	CHEMICAL	0.16091700430427278	0.4729850377355303
5366244	CHEMICAL	0.29234762702669415	0.5837852273668561
