#oID	descriptor	value	sigma
180	INTENSITY/STRENGTH	18.8314576309022	24.250494289251495
180	VALENCE/PLEASANTNESS	41.0648025814568	23.76242709578458
180	BAKERY	3.1852538976070806	10.205956876547267
180	SWEET	8.299335873672732	17.221761140983872
180	FRUIT	2.294162282231567	8.21328569256887
180	FISH	1.542444242734879	6.057681274391673
180	GARLIC	3.5511832310169646	12.18957240445961
180	SPICES	5.949758387943023	15.542323942994244
180	COLD	4.857310295287434	14.811361158471016
180	SOUR	10.129796397342002	20.70911895444544
180	BURNT	4.392311339057499	13.625218975997203
180	ACID	7.382581146167846	16.49002152949017
180	WARM	4.963666551281608	13.798376726253355
180	MUSKY	8.435425161070334	18.293696582219262
180	SWEATY	5.133207716180793	13.892554433680436
180	AMMONIA/URINOUS	5.781355406716462	16.31461776966791
180	DECAYED	4.65518627460445	14.15398155516598
180	WOOD	3.267165066006399	10.771231329638457
180	GRASS	3.1258203107192513	10.342578940504096
180	FLOWER	3.6641519984149227	11.78331610038511
180	CHEMICAL	17.747515323962457	26.634105027546276
262	INTENSITY/STRENGTH	18.99460028277559	23.82570764335049
262	VALENCE/PLEASANTNESS	44.22991745929518	23.924572943174905
262	BAKERY	3.1649125493210595	10.492403889751376
262	SWEET	9.953859784816405	18.93100022838018
262	FRUIT	3.033360343968636	9.4971814861561
262	FISH	0.9779138893305029	4.260580663070831
262	GARLIC	2.580618203600127	10.049882587428671
262	SPICES	5.7755286168615845	15.10251969496466
262	COLD	5.729548640232035	16.656965342851905
262	SOUR	7.784388627031679	17.788118732013675
262	BURNT	4.083112430473648	12.723107983622366
262	ACID	7.385951605226298	16.414149082057808
262	WARM	4.933424323996498	13.720824637846931
262	MUSKY	6.966946306272749	15.989473718674128
262	SWEATY	3.7227469578196732	10.752020731513593
262	AMMONIA/URINOUS	5.587354262080032	15.44099239476935
262	DECAYED	3.5854338148824803	12.419281970191443
262	WOOD	3.2578229404464465	10.570519326695079
262	GRASS	3.205680971412174	10.663698790795147
262	FLOWER	4.503845859610497	13.55692380277695
262	CHEMICAL	19.33731881985705	27.448328472990205
264	INTENSITY/STRENGTH	37.565471116855235	28.549003684212494
264	VALENCE/PLEASANTNESS	27.638974055213566	23.061438396233832
264	BAKERY	2.0519051115161426	7.528347621848724
264	SWEET	5.460554875501354	14.0763614901204
264	FRUIT	2.10009194583636	9.045811250906059
264	FISH	3.0267086579736016	10.253600383788797
264	GARLIC	4.511232713703765	15.04342082007866
264	SPICES	4.87124471394227	13.970760428571987
264	COLD	2.998916520317329	10.787148432873291
264	SOUR	22.13706795426998	31.727004123834575
264	BURNT	4.462448874207151	14.380891712288918
264	ACID	6.580446548759925	14.907823698138964
264	WARM	6.372799957541342	17.19156837844677
264	MUSKY	19.721389933468433	30.47333383614336
264	SWEATY	15.420491893021813	27.30833595415961
264	AMMONIA/URINOUS	8.50885018873959	20.262001633631208
264	DECAYED	13.77474074178771	25.439504464092956
264	WOOD	1.9502368539072077	7.938112189461313
264	GRASS	1.8558316614652224	7.5199686426584815
264	FLOWER	2.4814624123113114	9.096221262473962
264	CHEMICAL	11.705027579305717	23.212455100991033
323	INTENSITY/STRENGTH	43.45038042890865	27.204830177206162
323	VALENCE/PLEASANTNESS	51.8920757154861	25.84805027014979
323	BAKERY	7.756619987211034	18.351559182598027
323	SWEET	20.679098441200388	27.677953470218647
323	FRUIT	6.0605594146357324	15.50121978137104
323	FISH	0.6110946956022678	3.1299411351471957
323	GARLIC	1.5984752376576452	7.037901801110441
323	SPICES	10.148391539987122	21.581850395962846
323	COLD	5.392162174785787	17.00501406056956
323	SOUR	5.312194850129948	13.997736306111719
323	BURNT	5.5148115234867365	14.918306487280963
323	ACID	5.305643275912303	13.748349253196782
323	WARM	8.178328458045382	19.402190731543804
323	MUSKY	6.043540699062474	15.447071955609726
323	SWEATY	1.998192081577129	6.589426581513758
323	AMMONIA/URINOUS	4.629566698893895	12.89352305673209
323	DECAYED	2.7419763279612774	10.967447848601402
323	WOOD	3.765318532683404	12.008559393394599
323	GRASS	2.24915486322483	8.612070150435413
323	FLOWER	7.577624434499941	18.343479753591772
323	CHEMICAL	16.787316029249105	25.596870121353845
702	INTENSITY/STRENGTH	13.786944588393732	22.543119814916206
702	VALENCE/PLEASANTNESS	43.33801875086243	23.433149494218988
702	BAKERY	3.7662408238231286	11.809787590534835
702	SWEET	9.157722774757136	17.757447395946834
702	FRUIT	2.6088967152786897	7.9466991423864615
702	FISH	1.8573292921435836	6.852765033903506
702	GARLIC	4.639772071534855	14.065439561150797
702	SPICES	6.901648217296023	16.705523582957365
702	COLD	4.313832134790384	13.263328238511164
702	SOUR	10.23389973502227	20.646771944715972
702	BURNT	4.208752715222667	13.13947000663974
702	ACID	5.206151708428341	13.014301432665533
702	WARM	4.966080542103488	13.6364308545545
702	MUSKY	9.026572091303537	18.663794271067452
702	SWEATY	5.468766496261745	14.062490502238362
702	AMMONIA/URINOUS	4.302980202343303	13.345640644364682
702	DECAYED	4.676219479829456	13.960806563176016
702	WOOD	3.093750010915201	10.235662028319332
702	GRASS	3.0934151155457474	10.030252241068899
702	FLOWER	4.236402312666155	13.089750317086763
702	CHEMICAL	11.538049415575582	22.313114159905048
750	INTENSITY/STRENGTH	16.92900156765718	22.399614337712038
750	VALENCE/PLEASANTNESS	45.268505070048235	24.187454701597193
750	BAKERY	6.027550005939931	15.820658476839133
750	SWEET	11.604411295405061	20.192972158876714
750	FRUIT	2.6585215428028057	7.831546487317885
750	FISH	1.3275618004431358	5.355022931743962
750	GARLIC	3.281808506089449	12.023083714828854
750	SPICES	6.543638068587164	16.59268095784445
750	COLD	4.366050187439673	13.639628251223789
750	SOUR	8.921207409128375	19.149082138351485
750	BURNT	6.592242386952324	17.00992175511631
750	ACID	5.141180916024093	13.057916908429338
750	WARM	6.452229928354354	16.23835522070577
750	MUSKY	8.622203794103267	18.780475964335785
750	SWEATY	5.0764123439411675	13.168708858331325
750	AMMONIA/URINOUS	4.002242623176414	12.595585189098227
750	DECAYED	4.379019083688016	13.036323445686765
750	WOOD	4.255336642678027	13.234306593775438
750	GRASS	2.4349651843853026	8.13205979666209
750	FLOWER	4.337248229267793	12.791872496971676
750	CHEMICAL	11.042761915546734	21.677787959962394
753	INTENSITY/STRENGTH	16.447168690823084	23.287435691819972
753	VALENCE/PLEASANTNESS	45.50799766806797	24.046967891887526
753	BAKERY	4.52428701030694	13.072228131122676
753	SWEET	10.686028858258345	19.318879529609777
753	FRUIT	2.822181107181568	8.529641232926222
753	FISH	1.317705476188054	5.221205015979537
753	GARLIC	3.21895431446553	11.498522606193596
753	SPICES	6.888731275963832	16.809491662170267
753	COLD	5.122615561254164	15.406490798103807
753	SOUR	7.993003072174664	18.176394092879264
753	BURNT	5.744325076925487	15.182877023655129
753	ACID	6.087083449321126	14.662529285354044
753	WARM	5.6582642439831945	14.864519717621107
753	MUSKY	7.340899388981012	16.594404196592105
753	SWEATY	3.77508549550769	10.884941580923861
753	AMMONIA/URINOUS	4.424551802314808	13.558577286313106
753	DECAYED	3.7269697674117452	12.452202865861826
753	WOOD	3.8577030846528593	11.819003812991884
753	GRASS	3.31618160020952	10.758928824246027
753	FLOWER	4.3444073980350035	13.425630861087555
753	CHEMICAL	14.864701920876097	24.632385743074572
962	INTENSITY/STRENGTH	17.99091789647715	23.55835813930885
962	VALENCE/PLEASANTNESS	45.24628559929159	24.1793113167763
962	BAKERY	2.9798313385215067	10.479385080474291
962	SWEET	10.799958990217569	19.480699744306015
962	FRUIT	3.3758385683430916	10.029397532004953
962	FISH	0.8434149409547966	3.9553749736653687
962	GARLIC	2.1761073700052878	9.311392973728928
962	SPICES	6.144033812041867	15.537295238994947
962	COLD	5.615883645493496	16.596440036480256
962	SOUR	7.796405294582264	17.976626141279755
962	BURNT	4.4814767217301394	13.794018980305648
962	ACID	6.8919552436896625	15.748258459982049
962	WARM	5.325195008144908	14.647788759052744
962	MUSKY	7.637414935361707	17.30850962165238
962	SWEATY	3.767271857753022	10.997461292837949
962	AMMONIA/URINOUS	5.264468755573024	14.847265187891773
962	DECAYED	3.5087207207522555	12.191238550901701
962	WOOD	3.781461710495859	11.806014955975389
962	GRASS	3.118977545164163	10.145391153264791
962	FLOWER	5.810897791077894	15.478975709441011
962	CHEMICAL	18.049318957429662	26.945948443628964
1031	INTENSITY/STRENGTH	16.407181540840735	23.37739351135773
1031	VALENCE/PLEASANTNESS	41.43436505148013	23.524461622984887
1031	BAKERY	3.169755790999701	10.653781675497916
1031	SWEET	8.539619077169123	17.400024101483535
1031	FRUIT	2.560290389509567	8.099685237888817
1031	FISH	1.7473248667777077	6.621276658628007
1031	GARLIC	4.147994881913388	13.317655037714625
1031	SPICES	6.244253678082875	15.783821772760485
1031	COLD	4.326149781904124	13.373187634917546
1031	SOUR	10.810370409201747	21.354128803121682
1031	BURNT	4.013978017592897	12.947181629669396
1031	ACID	5.794729853847189	13.974282178179482
1031	WARM	4.842332192249926	13.52371868603296
1031	MUSKY	9.530821191035809	19.30403849163266
1031	SWEATY	6.055891169235093	15.11097027021508
1031	AMMONIA/URINOUS	5.15108831105753	14.970447893928437
1031	DECAYED	5.140553137603454	14.620974635204641
1031	WOOD	2.848758948320632	9.740895163386115
1031	GRASS	2.8268832661465852	9.561495053078255
1031	FLOWER	3.9992102074072244	12.560845908043401
1031	CHEMICAL	13.46670410490853	23.693976778310265
3102	INTENSITY/STRENGTH	29.031261004692148	25.268223715490315
3102	VALENCE/PLEASANTNESS	42.04912390086755	24.854690151515314
3102	BAKERY	2.069664897533296	8.299596709359026
3102	SWEET	10.028382981330758	19.21301479678873
3102	FRUIT	3.324591721868875	10.840207119811543
3102	FISH	1.1757070099790412	5.12022080800805
3102	GARLIC	2.2953167150419738	9.139736194534958
3102	SPICES	5.80433605413793	15.0041185838504
3102	COLD	5.2669937347966	16.098295281179286
3102	SOUR	7.50204848783479	17.888387364809464
3102	BURNT	4.927753265688591	14.32446129986705
3102	ACID	7.548765439007953	16.80677528875703
3102	WARM	5.291678000049013	14.767167762354088
3102	MUSKY	8.013207678374275	18.197037182650625
3102	SWEATY	3.7129532135801107	11.622413808874635
3102	AMMONIA/URINOUS	6.7153196187689845	17.562602983966535
3102	DECAYED	3.6709359424421413	13.196939414860102
3102	WOOD	3.12114846327344	10.706943107916167
3102	GRASS	3.004881973713857	10.170727236900177
3102	FLOWER	6.5002211429340475	16.67068761100153
3102	CHEMICAL	20.57793775566558	28.161970565211597
3314	INTENSITY/STRENGTH	34.81547222253876	26.686177116215298
3314	VALENCE/PLEASANTNESS	53.835862566087926	25.24151150876774
3314	BAKERY	10.084852399155022	21.442669602410348
3314	SWEET	19.48177300224637	24.60305109779808
3314	FRUIT	3.0854919546154753	10.594671819016593
3314	FISH	1.3787448894385244	5.110415094673799
3314	GARLIC	2.6211432699360597	8.836436089036786
3314	SPICES	15.59902071292558	27.765279829782934
3314	COLD	4.176025454087428	14.102129801043967
3314	SOUR	4.629915561079655	13.053322588004153
3314	BURNT	7.201937933904769	18.66080554873489
3314	ACID	3.9482304240975927	11.388197368790728
3314	WARM	9.308280967289184	20.69114402944496
3314	MUSKY	5.003476631840053	13.265694492392038
3314	SWEATY	1.3062906326515262	4.626159856993675
3314	AMMONIA/URINOUS	3.0542456031776894	10.339049428425938
3314	DECAYED	3.054481812116628	11.593765614236332
3314	WOOD	4.536719920640428	13.824620560246306
3314	GRASS	2.150212301210896	8.772566624118765
3314	FLOWER	5.813107132571532	15.872019765579804
3314	CHEMICAL	12.773900333304566	22.682503192817983
5862	INTENSITY/STRENGTH	26.817145683631566	24.768699133614007
5862	VALENCE/PLEASANTNESS	36.51134928858099	24.38138599773284
5862	BAKERY	5.416986960754634	15.661758731840113
5862	SWEET	7.337670176553194	15.492508196890588
5862	FRUIT	1.6595658225713419	5.794832916863729
5862	FISH	4.006649922568197	12.144008667829826
5862	GARLIC	7.888282208737548	18.761590071820514
5862	SPICES	7.653535521274082	18.43627881332752
5862	COLD	3.2120130383846606	10.59567078699028
5862	SOUR	10.87849720823529	22.82961863231126
5862	BURNT	11.424820601848896	22.59139271599218
5862	ACID	5.133662229137748	13.516387213122195
5862	WARM	7.275197650668825	18.322886665765203
5862	MUSKY	10.654798352951488	22.367934985041323
5862	SWEATY	6.2588363680434	16.588229417513915
5862	AMMONIA/URINOUS	5.75779292630031	16.28906623238745
5862	DECAYED	8.403456679877928	19.63008752379486
5862	WOOD	3.725341050882893	12.132282937103856
5862	GRASS	2.3683180264729353	8.044976991154744
5862	FLOWER	2.47235791655661	8.729611898950692
5862	CHEMICAL	10.051514861717475	21.463633939563106
5962	INTENSITY/STRENGTH	30.01031947498675	26.428571825179993
5962	VALENCE/PLEASANTNESS	34.14930628385701	24.45323726748832
5962	BAKERY	3.588816518333683	11.881919059566687
5962	SWEET	6.707990443457369	15.710208394432211
5962	FRUIT	2.1137569027054695	6.995309915713266
5962	FISH	3.061145831502416	9.620166650515191
5962	GARLIC	4.441147524985853	14.490842491998162
5962	SPICES	5.493950307268493	15.13378607565016
5962	COLD	3.617228487468487	12.18530144279401
5962	SOUR	13.780647324386578	25.43267935509607
5962	BURNT	8.402729327033954	19.457150353543334
5962	ACID	6.272879258862551	15.179120851533321
5962	WARM	6.704545214998673	17.52844891119002
5962	MUSKY	13.855953347902147	25.762813309270904
5962	SWEATY	9.274397728875972	20.714933117401408
5962	AMMONIA/URINOUS	7.112586393579832	18.352400189843845
5962	DECAYED	9.07783733697473	20.307416861250857
5962	WOOD	4.2971442656119	13.894472697986439
5962	GRASS	2.845510296421751	9.552922403154502
5962	FLOWER	3.081872445053362	10.265980132347885
5962	CHEMICAL	12.280602343350303	23.569459216139048
6274	INTENSITY/STRENGTH	15.55668654113613	22.89922351197648
6274	VALENCE/PLEASANTNESS	44.59816753096883	24.327432959943376
6274	BAKERY	4.241323024557593	13.018399083494568
6274	SWEET	8.849803995121366	18.311860581534113
6274	FRUIT	2.185466910965425	6.627243851858992
6274	FISH	1.2619297718912217	5.098808601139854
6274	GARLIC	2.9117544419010577	11.482982991200691
6274	SPICES	7.0180083189962605	17.0923784867362
6274	COLD	5.366794236816739	16.009932373856444
6274	SOUR	8.213018644446832	19.079059521951244
6274	BURNT	6.719164055099272	17.354771472879932
6274	ACID	6.011541693338318	14.937107483054472
6274	WARM	5.79094811734094	15.273682214256343
6274	MUSKY	8.537357529520571	18.66685250471744
6274	SWEATY	4.35145394322239	12.10557675155912
6274	AMMONIA/URINOUS	4.412954001221794	13.534147244245498
6274	DECAYED	4.033126940792739	13.02790080341392
6274	WOOD	5.700445399926453	16.36359996078273
6274	GRASS	3.7468013639521223	11.68017009408061
6274	FLOWER	4.0912003282538425	12.804553871555205
6274	CHEMICAL	13.711005219194055	24.321425898645845
6322	INTENSITY/STRENGTH	15.759863039082191	22.846819656421726
6322	VALENCE/PLEASANTNESS	41.543674576478736	23.847493302323624
6322	BAKERY	3.380457144483087	11.182379852757963
6322	SWEET	7.2783527271725434	16.021381783670744
6322	FRUIT	2.020532404380803	6.135243951461385
6322	FISH	2.023931200177991	6.647010224137935
6322	GARLIC	3.085366326002927	12.086854726346477
6322	SPICES	6.004220098063835	15.657740729909687
6322	COLD	4.976085276845239	15.111264174164976
6322	SOUR	9.907128816852271	21.251818297127063
6322	BURNT	6.726213669655249	17.52037234902211
6322	ACID	6.2969270188893445	15.279267597274682
6322	WARM	5.588471610613139	15.033359027697681
6322	MUSKY	9.989642221790309	20.474205055124145
6322	SWEATY	5.991200031823508	14.767479359489197
6322	AMMONIA/URINOUS	5.3027432275935915	15.234393314652866
6322	DECAYED	5.370497570755604	14.73536201076054
6322	WOOD	5.418910315059355	15.92029809488084
6322	GRASS	3.2874244064740417	10.493619340328163
6322	FLOWER	3.738822210701568	12.047369209707117
6322	CHEMICAL	13.608737602322844	24.348070265953176
6506	INTENSITY/STRENGTH	17.57098621740368	23.83425270483857
6506	VALENCE/PLEASANTNESS	42.64569952543765	23.454212348113106
6506	BAKERY	3.7511619956705196	11.296043818857218
6506	SWEET	9.701806142230957	17.98837486410232
6506	FRUIT	3.4048523654165495	9.609340445389684
6506	FISH	1.6744773969475868	6.836265563413195
6506	GARLIC	3.775347100406121	12.843209982588547
6506	SPICES	6.445517928397434	16.158743394430065
6506	COLD	4.5057181825529975	13.7738627753864
6506	SOUR	11.82405742732942	22.503221096175164
6506	BURNT	4.785730430225305	14.125213418794733
6506	ACID	5.849806118224338	14.110354971390956
6506	WARM	5.783540466708608	15.165528528714512
6506	MUSKY	9.807096130324854	19.914528136483177
6506	SWEATY	6.049632039991016	15.351382465790039
6506	AMMONIA/URINOUS	4.634463978651903	13.84677432257504
6506	DECAYED	4.712163172762027	13.855631232572978
6506	WOOD	3.5928801771894063	11.456161464514658
6506	GRASS	2.933174117371101	9.958815687726029
6506	FLOWER	4.084948394099316	12.276413292529998
6506	CHEMICAL	11.88062649240065	22.759784792207974
6544	INTENSITY/STRENGTH	40.91792545973729	27.83962430136952
6544	VALENCE/PLEASANTNESS	42.428672658823395	25.176840900290895
6544	BAKERY	1.4062893514022967	7.211939105504572
6544	SWEET	9.541629632052821	18.55132869937351
6544	FRUIT	3.8959538786506136	12.258717115358346
6544	FISH	1.2737005054568415	4.9364087478915835
6544	GARLIC	2.436106365620979	9.168586774509484
6544	SPICES	8.17044814108231	18.360208786259086
6544	COLD	6.027541663043689	17.136753677065848
6544	SOUR	8.433560793968692	18.591219365484736
6544	BURNT	4.417845905169223	13.598470194563424
6544	ACID	7.5862011153783	16.999945401905673
6544	WARM	5.983162735760385	16.30176351281539
6544	MUSKY	8.032468143553231	18.18499482522658
6544	SWEATY	3.98256776172533	11.278521005522645
6544	AMMONIA/URINOUS	6.691654789447779	17.52250321654094
6544	DECAYED	4.490200693253407	14.042247157344423
6544	WOOD	4.2773197876294855	13.817495819549952
6544	GRASS	5.4044941188802165	15.50751129240435
6544	FLOWER	6.40556278538119	16.165986378241776
6544	CHEMICAL	21.86484280468479	28.684252836469824
6561	INTENSITY/STRENGTH	31.877779002439837	26.93683900400594
6561	VALENCE/PLEASANTNESS	33.794924530426904	23.510133054306866
6561	BAKERY	1.9727409413115296	7.290697865334901
6561	SWEET	6.604844364240762	15.161807717891786
6561	FRUIT	2.3525563851838234	9.19706813715263
6561	FISH	2.1615235990558643	7.780986577860384
6561	GARLIC	3.554118610410297	12.5939235209213
6561	SPICES	5.139839618869479	14.265705116887151
6561	COLD	4.305001748841972	13.677649318977874
6561	SOUR	13.823866086053659	24.57059343973185
6561	BURNT	5.095662675797916	14.928518557013666
6561	ACID	8.862250622894072	18.23659245943937
6561	WARM	5.226608236654903	14.64204644484212
6561	MUSKY	11.917709187189761	22.73460060053762
6561	SWEATY	7.888597583996912	18.122968492987717
6561	AMMONIA/URINOUS	7.999784145504229	19.995075766267934
6561	DECAYED	7.754946426056034	18.662043247823355
6561	WOOD	2.813537858947888	10.003799257104603
6561	GRASS	2.485453828318918	9.095386937137144
6561	FLOWER	2.6737325164408237	9.510694122208434
6561	CHEMICAL	21.034640903656594	28.655829052886606
6669	INTENSITY/STRENGTH	15.104585314326972	22.346386257298384
6669	VALENCE/PLEASANTNESS	56.90167240482331	23.517519706301506
6669	BAKERY	5.806385492160895	15.240899911872626
6669	SWEET	19.734579590252793	25.628206194893913
6669	FRUIT	3.8688349530736588	11.64370835300706
6669	FISH	0.7388043893489761	3.0133178365018383
6669	GARLIC	2.0284962317936146	8.252842278306975
6669	SPICES	4.196442398789105	13.909069491986003
6669	COLD	4.094070694319696	13.646727843483259
6669	SOUR	6.897640620464328	14.737345475940668
6669	BURNT	3.0310316434548024	11.120403635586582
6669	ACID	3.6662627982773848	11.156376148807826
6669	WARM	7.661523435507132	18.64889815315961
6669	MUSKY	7.995561189190502	17.87535362578125
6669	SWEATY	3.566223265575451	10.004916126187137
6669	AMMONIA/URINOUS	3.0291196270845715	8.594659998760811
6669	DECAYED	3.0923643238950342	10.065624490990716
6669	WOOD	3.5605726344266477	11.514494671828547
6669	GRASS	2.48331051923981	8.484798913382077
6669	FLOWER	14.058082696277145	23.078577664508593
6669	CHEMICAL	10.070732541959279	20.0467929597344
7092	INTENSITY/STRENGTH	39.43119381594063	26.457173610752488
7092	VALENCE/PLEASANTNESS	51.080984128045756	25.33819176802583
7092	BAKERY	6.2769486361553835	16.090564224422984
7092	SWEET	18.204506188612918	24.78178151803647
7092	FRUIT	5.35949023420224	14.207514988377081
7092	FISH	0.9724579730472976	4.221709930954393
7092	GARLIC	2.4766614948331287	8.334908416007819
7092	SPICES	11.706759576209945	22.85312328565375
7092	COLD	5.037238561889861	15.97183408749115
7092	SOUR	5.415716600205201	14.635934981697236
7092	BURNT	5.0775380427131624	14.734716303821116
7092	ACID	4.861078807818026	13.141930559560862
7092	WARM	7.5379036673115305	18.050787083706165
7092	MUSKY	5.511200993160221	14.396075940415415
7092	SWEATY	1.9586023120985474	6.845949498091402
7092	AMMONIA/URINOUS	3.743553926702579	11.897099687715862
7092	DECAYED	2.8862264517561407	11.030921431902126
7092	WOOD	3.7104283468824875	12.196660788416132
7092	GRASS	2.7138735325058203	9.751067248888475
7092	FLOWER	6.510680362096283	16.91266464833897
7092	CHEMICAL	14.678165742509469	24.57053221604703
7137	INTENSITY/STRENGTH	58.548795780357	31.012436424225875
7137	VALENCE/PLEASANTNESS	63.42541739718746	26.445766681418142
7137	BAKERY	14.44527711308471	27.074153077871095
7137	SWEET	33.9470544902115	34.65006525933874
7137	FRUIT	8.533886225154443	19.964112991146706
7137	FISH	0.7749478267519807	3.41837055788518
7137	GARLIC	1.2129022745240454	6.189852984764971
7137	SPICES	15.076336786335975	27.63467101516382
7137	COLD	3.591144757759113	13.464403110883463
7137	SOUR	3.6754815577689257	12.31044035434785
7137	BURNT	5.3434095288873715	14.959797206813537
7137	ACID	2.796595156458855	9.934339252420283
7137	WARM	11.128248871749651	23.25415305651119
7137	MUSKY	4.008834373597125	12.128358108494742
7137	SWEATY	1.2135200271704312	4.9815227334636445
7137	AMMONIA/URINOUS	2.6815749286208246	8.729001369206129
7137	DECAYED	2.8222025596769322	10.257337922852638
7137	WOOD	3.763814209631851	11.945542075485243
7137	GRASS	2.615869804782931	9.378968229182925
7137	FLOWER	10.667822338284335	22.6427658738734
7137	CHEMICAL	9.680364201216584	20.97973942827828
7302	INTENSITY/STRENGTH	36.57498982870192	26.00314921540853
7302	VALENCE/PLEASANTNESS	37.72594258180742	24.353268820407326
7302	BAKERY	4.703203913850804	13.060582554026293
7302	SWEET	8.810591945468806	17.742829125238302
7302	FRUIT	2.1131636760225687	7.700995765233055
7302	FISH	2.0229977637665124	7.193994866889679
7302	GARLIC	4.029172772333843	12.72717153704924
7302	SPICES	6.906535356932413	16.909750198600257
7302	COLD	4.299063073042176	13.590598296954
7302	SOUR	9.900676284409572	20.982096207726148
7302	BURNT	8.599784468464065	19.075738682007735
7302	ACID	7.7379659616521295	16.6429685286179
7302	WARM	6.680241318821535	17.024824005690288
7302	MUSKY	9.319733533771029	20.638624002815522
7302	SWEATY	4.925479465519018	14.065288540407966
7302	AMMONIA/URINOUS	6.662169556692231	17.726515246554833
7302	DECAYED	5.5535704101202725	15.8238465864461
7302	WOOD	3.8465724721246763	12.668040732007437
7302	GRASS	2.241554439505138	8.250537357170968
7302	FLOWER	2.78155610594573	9.673514149153004
7302	CHEMICAL	18.96322192331018	26.902149699444333
7476	INTENSITY/STRENGTH	41.84838710638415	27.846568880822883
7476	VALENCE/PLEASANTNESS	54.91355023038775	25.35971387940855
7476	BAKERY	5.062372458186033	14.070013625213766
7476	SWEET	22.63774497413887	28.990241501891102
7476	FRUIT	8.369773299674003	19.077202202340487
7476	FISH	0.8305405466718148	3.620017702293631
7476	GARLIC	1.417655280939421	6.39127948932985
7476	SPICES	6.97813747365921	17.304327314352065
7476	COLD	5.219105429734493	16.50531583477909
7476	SOUR	5.2841296098648005	14.629809771437357
7476	BURNT	3.163223879966792	11.07341294199937
7476	ACID	4.28889954462646	12.611423953154667
7476	WARM	6.662114870004731	16.916049249947054
7476	MUSKY	5.923119539354316	15.419534825087743
7476	SWEATY	2.3276770677461687	7.997606964157636
7476	AMMONIA/URINOUS	3.872119535598898	11.65813827205564
7476	DECAYED	2.8046118184075643	10.534771107217981
7476	WOOD	2.6926030230982607	9.806295305996056
7476	GRASS	3.764218108612826	12.313434026369507
7476	FLOWER	12.265031841170513	24.622378274355945
7476	CHEMICAL	14.52225538746265	24.62959703926179
7559	INTENSITY/STRENGTH	52.299059512576946	30.365020526297656
7559	VALENCE/PLEASANTNESS	53.25234041655663	27.208422130568398
7559	BAKERY	3.039749355470365	11.301184208986786
7559	SWEET	24.842473788364643	31.590401599563968
7559	FRUIT	12.775404829792386	25.852752457482477
7559	FISH	1.123760450825279	4.096892487674252
7559	GARLIC	1.140175044472892	5.857949523502895
7559	SPICES	5.455252098518075	15.55121018224553
7559	COLD	5.392943573927729	17.091419499427193
7559	SOUR	7.366209138231052	17.618084733802927
7559	BURNT	2.6971272335444643	10.17872448137182
7559	ACID	6.123069423649983	15.612998744215696
7559	WARM	6.635328649097654	18.07138633223805
7559	MUSKY	6.642895927335834	16.539598265966234
7559	SWEATY	3.335928814668589	10.536809124228046
7559	AMMONIA/URINOUS	6.131707761995486	16.47306773259222
7559	DECAYED	4.055558111402184	13.910788906390252
7559	WOOD	1.4681573299522648	6.346239635637664
7559	GRASS	3.0833811372425837	10.1787341610994
7559	FLOWER	13.112452376536686	26.269716983158002
7559	CHEMICAL	19.554005006578752	28.211110314719313
7657	INTENSITY/STRENGTH	33.60296913349329	26.2656908379973
7657	VALENCE/PLEASANTNESS	39.49280741676013	24.856183744714645
7657	BAKERY	1.581139052346157	7.145251326379892
7657	SWEET	8.453650549731227	17.649958229934683
7657	FRUIT	3.4785209618970248	11.174637792411719
7657	FISH	1.933046241070059	7.286177526997858
7657	GARLIC	2.9685494096050675	10.690525619173538
7657	SPICES	5.593287856378812	14.857432070696404
7657	COLD	4.962774805668131	15.112483181338314
7657	SOUR	8.734338338685445	19.626111391662825
7657	BURNT	5.419221861523612	15.168621580868058
7657	ACID	8.314684586865548	17.870475814412522
7657	WARM	5.15548160108751	14.829649228491423
7657	MUSKY	8.469153340832852	19.121444191080638
7657	SWEATY	4.295092266003054	12.872090771003695
7657	AMMONIA/URINOUS	7.487397046200923	18.752078609781336
7657	DECAYED	4.407491114722267	14.489021044031682
7657	WOOD	2.8352753028664486	10.363959678191431
7657	GRASS	3.8956269171482147	12.179439664514458
7657	FLOWER	6.0281679303263696	15.8364611403892
7657	CHEMICAL	21.50081360387842	28.639757404461403
7770	INTENSITY/STRENGTH	49.4462497368585	28.93290787129596
7770	VALENCE/PLEASANTNESS	54.7206702617579	26.409263023118775
7770	BAKERY	4.822480302263235	14.778040763281997
7770	SWEET	32.40522178021966	32.846845430725466
7770	FRUIT	19.5678735335647	29.007012235160726
7770	FISH	0.9509261303133922	4.005451601339288
7770	GARLIC	1.4344375409438723	6.775796401472375
7770	SPICES	4.38580071887065	14.068746779572773
7770	COLD	4.641809035242464	15.56657616242046
7770	SOUR	9.850131383640036	20.87269014205134
7770	BURNT	2.350635338148876	8.686843554491784
7770	ACID	5.234766847320954	14.016652520016674
7770	WARM	6.022558590534239	17.216654628980486
7770	MUSKY	5.897919557471601	14.775543117853832
7770	SWEATY	3.4731709119015477	9.973777552285188
7770	AMMONIA/URINOUS	4.003547739330672	12.558679761646744
7770	DECAYED	5.060738339670912	15.007557554897152
7770	WOOD	0.77469332762735	3.8411430249425997
7770	GRASS	1.6580423530237294	7.309482447256286
7770	FLOWER	8.155039264456066	19.315415458579416
7770	CHEMICAL	15.832597192225037	26.217236016371658
7793	INTENSITY/STRENGTH	42.11836551084199	27.215284671544605
7793	VALENCE/PLEASANTNESS	54.707854155967745	25.57281232988754
7793	BAKERY	2.6796688637285553	8.38407762336657
7793	SWEET	19.623178865735632	26.406948925335854
7793	FRUIT	8.260982191183883	18.12741748601784
7793	FISH	0.7659418646078592	2.477807907213383
7793	GARLIC	1.3563425575759323	6.314947098847491
7793	SPICES	5.27921171271983	14.090563211403259
7793	COLD	5.316028912491417	16.3690589878494
7793	SOUR	6.0419073594622095	16.113208477981637
7793	BURNT	3.4162075890037813	11.638667568464944
7793	ACID	5.50518887117504	14.773160267053964
7793	WARM	6.232099614625275	15.93727819125174
7793	MUSKY	5.805644485393957	16.0732363998057
7793	SWEATY	2.8181568968187243	9.093531578596643
7793	AMMONIA/URINOUS	5.507118866033839	15.427905476164067
7793	DECAYED	2.8887875569135892	10.162497677021332
7793	WOOD	3.189131265859121	11.386536105345531
7793	GRASS	4.39243005681897	14.294706106704322
7793	FLOWER	15.695128221097182	27.942058983828794
7793	CHEMICAL	18.60801159373945	27.311415459303497
7797	INTENSITY/STRENGTH	50.881961093656145	28.374862607896524
7797	VALENCE/PLEASANTNESS	65.78511263979284	25.320461422620713
7797	BAKERY	5.409789260759888	15.885634679645857
7797	SWEET	38.55882322212119	34.753698751627084
7797	FRUIT	25.588059419467125	34.516534757982875
7797	FISH	0.5538922169307277	2.5716164715507643
7797	GARLIC	0.7187416220495905	4.585996851756947
7797	SPICES	5.0847744465622124	15.751094768651674
7797	COLD	4.986423094974654	16.68878480547398
7797	SOUR	6.122332809354104	16.460736770032415
7797	BURNT	1.5761257507248831	7.942836365792464
7797	ACID	2.9483443432088325	10.441955318335218
7797	WARM	6.521795809576929	17.815773510116156
7797	MUSKY	2.7907807232879485	10.553938965397734
7797	SWEATY	1.3187725588573782	6.0035357492835235
7797	AMMONIA/URINOUS	1.562858466617753	6.316251123089214
7797	DECAYED	2.607081468341783	10.988813295818296
7797	WOOD	1.3491448430621364	6.09064726944749
7797	GRASS	5.261755101394295	13.674822178776111
7797	FLOWER	11.668432335749896	23.53485071476833
7797	CHEMICAL	10.195927433955433	21.59064557227771
8025	INTENSITY/STRENGTH	23.428151659450226	26.039549251069424
8025	VALENCE/PLEASANTNESS	40.46799529612461	24.263081900513733
8025	BAKERY	3.387260438131256	11.008329064233708
8025	SWEET	10.08147562579177	19.604852336461878
8025	FRUIT	3.028364034335926	9.997521380551184
8025	FISH	1.7809317235220512	6.777017075956127
8025	GARLIC	4.208968955653482	13.23727283599789
8025	SPICES	5.963127982954426	15.395338726640237
8025	COLD	3.950151155406799	12.947249294341352
8025	SOUR	11.784900557550577	22.572674018389158
8025	BURNT	4.26547254826491	13.119891708922477
8025	ACID	6.67234656001839	15.378208055513877
8025	WARM	4.894585248184775	13.95082266544102
8025	MUSKY	9.283852549233035	19.17331030943113
8025	SWEATY	5.950719486179169	15.04171232558652
8025	AMMONIA/URINOUS	5.680228442326181	16.162095513225015
8025	DECAYED	5.377238326739232	15.386403397261764
8025	WOOD	2.2037878362108834	7.949385307270011
8025	GRASS	2.6921831950741835	9.344709908463871
8025	FLOWER	3.77645691139217	12.65287677811742
8025	CHEMICAL	15.90655321258368	25.701661611222868
8049	INTENSITY/STRENGTH	18.569098848328167	23.89820368500564
8049	VALENCE/PLEASANTNESS	47.974513154983	23.51103392866022
8049	BAKERY	4.047640608291269	11.97933579627478
8049	SWEET	15.733867820399851	21.9919732333016
8049	FRUIT	6.6837494259035966	14.139730476139274
8049	FISH	1.0343780282440327	4.491331825899067
8049	GARLIC	2.520421888288568	10.087874526472838
8049	SPICES	4.827654162496187	14.137646932608519
8049	COLD	4.53356389567559	14.006933520497284
8049	SOUR	8.390928210493925	18.303482867780982
8049	BURNT	4.615130009106811	13.177893784489488
8049	ACID	5.095570114042065	12.9775712368022
8049	WARM	6.117326476717056	15.835160819483812
8049	MUSKY	7.708832902458745	17.625437417727454
8049	SWEATY	4.062554694678882	11.704019749174456
8049	AMMONIA/URINOUS	3.6505419446155316	11.084373801883874
8049	DECAYED	3.4574480609236273	11.984849199660214
8049	WOOD	3.357806358095412	10.97805522670597
8049	GRASS	2.0869188315743994	8.206390473492227
8049	FLOWER	6.478789076290036	15.87005158955299
8049	CHEMICAL	12.945538080050877	22.78367020288287
8094	INTENSITY/STRENGTH	47.22204709487471	28.335287592914455
8094	VALENCE/PLEASANTNESS	31.309513070906274	22.47595979832147
8094	BAKERY	1.6296545519397025	5.63850982059785
8094	SWEET	6.665497886396254	12.626963692948623
8094	FRUIT	3.9496723213912666	11.183006858771936
8094	FISH	2.1954767778515696	7.928634254331515
8094	GARLIC	3.4708745382478434	12.330284133050895
8094	SPICES	5.006892936027711	13.718763344581529
8094	COLD	3.868388086418359	13.070133163814802
8094	SOUR	14.542336480796143	25.205732102652444
8094	BURNT	7.165118091872733	18.55901272823301
8094	ACID	7.689631155558983	16.988563990969734
8094	WARM	6.605831283638897	17.197537107508847
8094	MUSKY	14.817417400110537	26.58610845937785
8094	SWEATY	9.245032585824692	20.157440993516627
8094	AMMONIA/URINOUS	7.0224259212613	16.89576894618525
8094	DECAYED	9.214000658265148	19.218830404672463
8094	WOOD	4.846917692256904	15.06602877825463
8094	GRASS	2.8760897627759645	9.389760573793207
8094	FLOWER	2.6031146534920877	8.604045296841198
8094	CHEMICAL	18.500707675130215	27.4612369444107
8419	INTENSITY/STRENGTH	44.04493567132478	27.801837664380333
8419	VALENCE/PLEASANTNESS	59.16335632435581	24.584953731765626
8419	BAKERY	13.181522645594072	22.374680827598684
8419	SWEET	28.130272736158012	29.409901655059077
8419	FRUIT	5.980299699590408	15.905112275830035
8419	FISH	0.9762082934113392	3.886048444547339
8419	GARLIC	1.6212064309294874	6.718911418573953
8419	SPICES	9.32864256098173	21.074019554183288
8419	COLD	3.95939847409029	13.901539229045628
8419	SOUR	4.667253265469691	13.688124145194825
8419	BURNT	5.005296448793015	14.75875936036382
8419	ACID	3.413739946803863	10.9533922611462
8419	WARM	9.493149516538999	20.398489635161656
8419	MUSKY	5.293219195013519	14.181639284747225
8419	SWEATY	1.7685923025155958	6.049779534212979
8419	AMMONIA/URINOUS	2.948277731682164	9.499769814733195
8419	DECAYED	2.611737958113969	9.852282966151183
8419	WOOD	3.4381416056945886	11.472859285585786
8419	GRASS	2.5845361903934427	9.906878883255185
8419	FLOWER	9.354050870936188	21.155143307039094
8419	CHEMICAL	11.164259926284023	21.23727478069015
8438	INTENSITY/STRENGTH	40.742444551677444	26.939597605451205
8438	VALENCE/PLEASANTNESS	57.50259108053558	24.71029472580332
8438	BAKERY	10.225298193339407	20.345465125111076
8438	SWEET	26.23250179264499	30.124530310914672
8438	FRUIT	7.571727786714041	17.71373312669703
8438	FISH	0.6765234753302586	3.2988909603597856
8438	GARLIC	1.5097990107218024	6.820622180777174
8438	SPICES	8.431449914494285	19.534849509924054
8438	COLD	4.795625540327391	15.61869840421303
8438	SOUR	4.73498585466564	13.392375847569841
8438	BURNT	4.11313527071353	12.638353218284646
8438	ACID	3.6270515421139202	11.258197881544259
8438	WARM	8.129292149637958	18.558849472227756
8438	MUSKY	5.046538014236349	13.821063049230071
8438	SWEATY	1.6243869355391758	5.921208643411278
8438	AMMONIA/URINOUS	2.8595332385040755	9.325756693117052
8438	DECAYED	2.1651430981333264	9.143861419994051
8438	WOOD	2.812682830405468	9.959999530199557
8438	GRASS	2.4990990325952955	9.341763356017374
8438	FLOWER	9.44200441114927	21.398654483081565
8438	CHEMICAL	12.29391731822425	22.49687113974553
8468	INTENSITY/STRENGTH	21.096988941931034	24.53060339978885
8468	VALENCE/PLEASANTNESS	49.65047992542459	24.60865943849523
8468	BAKERY	7.267488772101615	16.92927711071754
8468	SWEET	14.995014913339357	22.575955413805584
8468	FRUIT	3.0800883503120033	9.42718297878655
8468	FISH	1.0100100134813477	4.24398240195153
8468	GARLIC	2.2838365400790277	9.53987341888009
8468	SPICES	9.15416220528967	20.19300912663862
8468	COLD	4.864932435264387	15.449188403418557
8468	SOUR	6.113918124040569	15.695329247481505
8468	BURNT	6.551189905785156	17.225513418968962
8468	ACID	5.004320549113398	13.1953999004151
8468	WARM	7.3759640821569885	17.694626586205267
8468	MUSKY	6.608931112233661	15.961463843816398
8468	SWEATY	2.59571716229297	8.027525382589277
8468	AMMONIA/URINOUS	3.716998480353495	11.652253869909993
8468	DECAYED	2.949634113482045	11.18738309642536
8468	WOOD	4.680143370703073	13.983747042731128
8468	GRASS	2.841639870475754	9.902622764190815
8468	FLOWER	5.5101819763202835	15.437217308002985
8468	CHEMICAL	13.495221202548995	23.600872648773688
8815	INTENSITY/STRENGTH	34.95141175862821	26.17000252972675
8815	VALENCE/PLEASANTNESS	49.6909982092014	24.755197440772555
8815	BAKERY	4.736337520456699	13.429294481176584
8815	SWEET	15.346227354929956	21.396698809429434
8815	FRUIT	4.829172810703598	12.618683251462302
8815	FISH	1.6013971668537785	6.1599971785240255
8815	GARLIC	3.6625504889457488	10.280326037242133
8815	SPICES	13.124679335556337	24.012972225566855
8815	COLD	4.680159711073153	14.719600092774584
8815	SOUR	6.031907307334985	15.761752720828605
8815	BURNT	4.560055673624164	14.404450029183655
8815	ACID	4.9108213345919225	13.032996241968643
8815	WARM	6.537582154422537	16.639183482919407
8815	MUSKY	5.215287194624633	13.534565542355878
8815	SWEATY	2.0470491762527856	7.151117610856174
8815	AMMONIA/URINOUS	3.270214987825591	11.125373515740476
8815	DECAYED	3.1942391006866133	11.665315711047793
8815	WOOD	3.55444716158222	12.240675404185632
8815	GRASS	4.306981089410373	13.115339218376922
8815	FLOWER	5.9521438380136305	15.654015677416485
8815	CHEMICAL	13.598402570340436	23.846122694635124
8878	INTENSITY/STRENGTH	48.03203001661825	28.14627953620164
8878	VALENCE/PLEASANTNESS	62.91553417022857	24.743110240229697
8878	BAKERY	6.037819643386565	16.739626761962285
8878	SWEET	37.75363184686487	33.33117397941141
8878	FRUIT	24.612266812875603	32.2193536110486
8878	FISH	0.6381047655344143	2.9030989495203285
8878	GARLIC	1.0680056990688205	5.375072357950239
8878	SPICES	4.748373128836715	15.294372734416266
8878	COLD	4.5807614940074615	15.490891483761297
8878	SOUR	6.748094598861013	17.20078389589137
8878	BURNT	2.3161260810433375	8.993490227217661
8878	ACID	3.0856924610478376	10.399297220130464
8878	WARM	6.976976086647669	18.444611666132026
8878	MUSKY	4.3386780962503035	13.178554539991984
8878	SWEATY	2.0072201038433395	7.2469016926177146
8878	AMMONIA/URINOUS	1.911050884285931	6.843341523078965
8878	DECAYED	3.229819787849113	11.764432282707283
8878	WOOD	1.701160966310064	6.786746552925327
8878	GRASS	2.9460668271638744	9.800770538149866
8878	FLOWER	9.763603910415048	20.324726368958995
8878	CHEMICAL	10.204852954285935	21.32133388051576
9012	INTENSITY/STRENGTH	52.69247439216938	27.263589426298562
9012	VALENCE/PLEASANTNESS	25.728165494511664	23.83367259202099
9012	BAKERY	2.56503153367838	10.54515016034568
9012	SWEET	2.039008669422675	7.923514699942155
9012	FRUIT	0.9367067881378264	4.40123975334885
9012	FISH	7.431361214413458	19.64073659675493
9012	GARLIC	13.108409059686792	24.002154327814047
9012	SPICES	9.246010094069263	19.98423463374035
9012	COLD	2.547738268465312	9.193423040043944
9012	SOUR	13.18385636618294	25.918506172534585
9012	BURNT	13.790182620651843	25.434138218031954
9012	ACID	7.578173524567044	17.6930845476408
9012	WARM	7.1858561386090924	18.998534332934092
9012	MUSKY	12.543139464367417	25.52084366749861
9012	SWEATY	7.076068585250686	18.59694560750891
9012	AMMONIA/URINOUS	8.669349589943879	21.276530197099426
9012	DECAYED	12.4561572274459	25.21994082865732
9012	WOOD	2.9883234450381706	10.643147628759037
9012	GRASS	3.0646570970171125	10.556926102479284
9012	FLOWER	1.902355817000809	6.23198745581566
9012	CHEMICAL	14.862002124946216	25.589594581253515
10886	INTENSITY/STRENGTH	34.69946003210002	27.123042708811376
10886	VALENCE/PLEASANTNESS	50.8693882463139	25.185842448977304
10886	BAKERY	3.182926573590737	11.418603261253669
10886	SWEET	22.189709803344225	26.913549280813907
10886	FRUIT	13.960241733659487	23.585953437902567
10886	FISH	1.0706475440598062	4.528612652027934
10886	GARLIC	1.9357459194676436	8.154033762970759
10886	SPICES	5.116511814033731	14.635732194451432
10886	COLD	4.378600455260129	14.829374469973649
10886	SOUR	8.432375735863562	18.883196999501404
10886	BURNT	3.100598606322774	10.849602301442404
10886	ACID	4.5879573960389255	12.688412185873505
10886	WARM	5.558146235980877	15.658717764201834
10886	MUSKY	6.3192781458367	15.439480323219485
10886	SWEATY	3.4013160129376936	10.892085835506734
10886	AMMONIA/URINOUS	3.695346843777218	11.257980036911109
10886	DECAYED	4.121690118078315	13.550522057207818
10886	WOOD	2.3152417050397505	8.21179308296708
10886	GRASS	4.533405070150286	12.702918212544452
10886	FLOWER	8.229149245729895	19.108277805391413
10886	CHEMICAL	12.827128285442688	23.4338275790635
11567	INTENSITY/STRENGTH	58.333543337903244	27.95547739620783
11567	VALENCE/PLEASANTNESS	37.76762944467045	26.018620264456
11567	BAKERY	2.813488285709426	8.960114571019236
11567	SWEET	8.556152583468435	19.083376314885705
11567	FRUIT	2.969391467421525	11.771475642668596
11567	FISH	1.0109424847814994	4.493414987204673
11567	GARLIC	1.452136524855384	7.216534477393881
11567	SPICES	6.214572779236726	16.06061875788935
11567	COLD	7.10737614923593	19.40477273837276
11567	SOUR	6.486175265498676	16.685325032816994
11567	BURNT	7.729457644145076	17.792083566940928
11567	ACID	12.447938195296677	22.761867170165253
11567	WARM	6.520767378598714	17.12815620355299
11567	MUSKY	6.66381568518589	16.787883356631514
11567	SWEATY	2.5917559456872796	9.45128595616696
11567	AMMONIA/URINOUS	10.288554567843669	23.682447478199816
11567	DECAYED	4.003454512558928	14.290814108102532
11567	WOOD	3.8117197806086125	12.595665544641719
11567	GRASS	2.1480003542729436	8.673726852373672
11567	FLOWER	3.2136889476409913	11.108390082276369
11567	CHEMICAL	36.65568071461657	35.80309872090747
12020	INTENSITY/STRENGTH	29.556098375024106	26.337236286717506
12020	VALENCE/PLEASANTNESS	38.752015356471105	24.220169569691443
12020	BAKERY	2.3132550388529127	8.788060906472039
12020	SWEET	7.37933489682325	16.754879566773518
12020	FRUIT	2.380437555199145	9.254611241706112
12020	FISH	1.6332913160120182	6.412860103930404
12020	GARLIC	3.3895959391267403	11.868288622767281
12020	SPICES	6.148223239076597	15.613890936085633
12020	COLD	4.890698802271312	15.050679758229535
12020	SOUR	9.151390420145669	19.927376395136893
12020	BURNT	5.216908778964846	14.838810808342293
12020	ACID	8.706426817391588	18.139681622295928
12020	WARM	4.816634369068585	13.792528484837314
12020	MUSKY	7.915053062879832	17.92990280063818
12020	SWEATY	4.383935631807171	12.668275080803276
12020	AMMONIA/URINOUS	7.014467605762175	18.260933515993734
12020	DECAYED	4.580041292805329	14.59426795574613
12020	WOOD	3.006956590757678	10.543116924795005
12020	GRASS	3.6650623922901304	11.733557917797588
12020	FLOWER	3.329985120787229	11.389185745608152
12020	CHEMICAL	22.04771292813864	29.08266379607651
12265	INTENSITY/STRENGTH	27.517709833529057	25.148084448591106
12265	VALENCE/PLEASANTNESS	37.88787902461016	23.95655703492405
12265	BAKERY	2.7024428239346845	9.804975775175373
12265	SWEET	6.814865138331861	15.798148619718253
12265	FRUIT	2.135045128645658	7.501291620552623
12265	FISH	2.0654134330478335	7.541188574543332
12265	GARLIC	3.6719946106769683	12.461006424899168
12265	SPICES	6.062320113777162	15.524523944101011
12265	COLD	4.500186403916795	14.033557625724374
12265	SOUR	8.617137825336316	19.655562220583253
12265	BURNT	6.5376027487674335	16.94705070340347
12265	ACID	8.773976143981717	18.359629716822067
12265	WARM	5.010318780941795	14.485538007905811
12265	MUSKY	8.482101351364005	18.949110924311405
12265	SWEATY	4.215157706101991	12.749757341340626
12265	AMMONIA/URINOUS	7.466811744868748	19.0852439608142
12265	DECAYED	4.924076900900586	15.526332559264711
12265	WOOD	3.8430664282150873	12.368663376167342
12265	GRASS	3.4179033114834985	11.24822141004941
12265	FLOWER	3.1530741383442917	10.387834557733564
12265	CHEMICAL	22.22296542218836	29.00071026500931
12377	INTENSITY/STRENGTH	48.325370919339456	26.900787247793744
12377	VALENCE/PLEASANTNESS	28.596573672443782	24.019626871437396
12377	BAKERY	2.1064316735155506	8.957110860619164
12377	SWEET	2.0758262346580465	6.758511093929992
12377	FRUIT	1.4799807760369703	5.179071711262905
12377	FISH	8.637084619603522	21.11064383785516
12377	GARLIC	19.12072864571403	29.056252224657435
12377	SPICES	11.920360670418757	22.804651336862964
12377	COLD	2.967566895836808	10.745023916212899
12377	SOUR	14.059003681067836	26.952426416614344
12377	BURNT	8.931918921549684	20.111841712422883
12377	ACID	6.444907725921697	16.191870476139858
12377	WARM	6.136422949956898	17.3080019798776
12377	MUSKY	10.93272002260584	23.785615232589127
12377	SWEATY	6.289244022752543	17.81163532785747
12377	AMMONIA/URINOUS	7.0222032431512975	17.99477338328737
12377	DECAYED	13.660949632259335	26.725021593351492
12377	WOOD	1.8755739456960314	8.20544864616325
12377	GRASS	3.248460042941145	11.03856043128832
12377	FLOWER	2.311380117726695	6.894464778969639
12377	CHEMICAL	12.154784857435402	24.039397098598716
15654	INTENSITY/STRENGTH	36.502662964882006	25.456053860039475
15654	VALENCE/PLEASANTNESS	37.77334125249284	24.924738531171894
15654	BAKERY	7.292454275568102	18.678800466188555
15654	SWEET	8.146657303578	17.839038563220118
15654	FRUIT	1.698992247414345	5.6724593136541115
15654	FISH	2.8642322944185516	9.721018015942239
15654	GARLIC	6.256330576216498	16.520343425108212
15654	SPICES	8.237873821489	18.658721707951962
15654	COLD	2.673372481819835	9.882824261521979
15654	SOUR	8.717634159254036	20.350272778828575
15654	BURNT	11.902862352497696	23.684601824706085
15654	ACID	4.756575458283926	12.846488124723507
15654	WARM	7.847984681104085	18.885470354507298
15654	MUSKY	10.148301598275264	22.618239678608415
15654	SWEATY	5.012012375308009	15.463901003845312
15654	AMMONIA/URINOUS	5.310748616605989	15.698505799543005
15654	DECAYED	6.819062338310405	18.36682692874828
15654	WOOD	5.271016090521825	15.82080312439992
15654	GRASS	3.2243119797281663	10.493087725010843
15654	FLOWER	2.0818222117610117	8.262808375376943
15654	CHEMICAL	10.749437954643449	21.572498512467217
16537	INTENSITY/STRENGTH	39.47417993843551	28.443118187393953
16537	VALENCE/PLEASANTNESS	56.16059986756322	25.306472173533063
16537	BAKERY	2.0359134694781917	7.998134559169939
16537	SWEET	20.014442476784165	26.600445917948473
16537	FRUIT	11.135690696552828	22.583763825158954
16537	FISH	1.1943702646290433	4.392779625572577
16537	GARLIC	2.1630531445308145	7.963866302646428
16537	SPICES	6.633799160844274	16.481260321450932
16537	COLD	5.74228723274201	17.131507681408632
16537	SOUR	7.46747947365476	17.709527558247494
16537	BURNT	2.515414970923119	10.194423600297743
16537	ACID	5.144300077642701	13.883905315395959
16537	WARM	5.4038771645095105	15.254882231726972
16537	MUSKY	4.841438025067451	13.829567394716118
16537	SWEATY	2.362099450009502	8.458767030672002
16537	AMMONIA/URINOUS	3.7186100348830164	11.927959932810502
16537	DECAYED	2.444639432851004	9.941562263882778
16537	WOOD	3.4243676520710187	11.862112182051298
16537	GRASS	7.255470402274983	18.911465493469628
16537	FLOWER	13.571320109717215	25.98954656994892
16537	CHEMICAL	14.57417249756006	24.588319225043726
17898	INTENSITY/STRENGTH	46.97461296670114	26.604830334009336
17898	VALENCE/PLEASANTNESS	36.6578046273104	25.73136603264025
17898	BAKERY	7.3830815560119145	18.382955147611266
17898	SWEET	8.559020615489079	19.648677708714185
17898	FRUIT	1.6569661454714648	6.355215600171607
17898	FISH	2.117636686864677	7.760275324206894
17898	GARLIC	3.7284499762240153	12.9465853678936
17898	SPICES	7.152988781274826	17.19188797314063
17898	COLD	3.2820512878390753	11.838750891526534
17898	SOUR	9.107714812870956	20.729682352803543
17898	BURNT	12.745522289555879	24.858741263150613
17898	ACID	6.412951036223333	15.800267893640685
17898	WARM	8.09210195387387	19.460710598393156
17898	MUSKY	10.925312415544429	23.942187525841955
17898	SWEATY	5.059392127895803	15.740066641061228
17898	AMMONIA/URINOUS	6.430462898500252	17.820798728904776
17898	DECAYED	6.763801214584528	18.61387787180596
17898	WOOD	6.584977300321737	18.510510615594395
17898	GRASS	3.588709415099713	11.602801890999825
17898	FLOWER	1.8758372600757063	8.288612578016252
17898	CHEMICAL	15.44783227913526	25.222037009876274
18467	INTENSITY/STRENGTH	33.82806729006173	24.974630453904823
18467	VALENCE/PLEASANTNESS	38.614539813008335	24.730411803790894
18467	BAKERY	5.910012068189543	15.654495258170645
18467	SWEET	8.267140731351326	18.121955558711438
18467	FRUIT	1.8588125863903375	6.2173657062390495
18467	FISH	1.921554227942723	7.3211737151343375
18467	GARLIC	3.7454403174406417	13.012082364378406
18467	SPICES	7.073864203019406	17.091521960819044
18467	COLD	3.745052443123236	12.468095644329924
18467	SOUR	8.548632297371784	19.748881443913877
18467	BURNT	10.333958574703733	21.77439599419521
18467	ACID	6.217860755111478	15.209907775257511
18467	WARM	6.98441537730961	17.571184977300152
18467	MUSKY	9.907668265138277	21.78082000562845
18467	SWEATY	4.531042114825949	13.99556120210901
18467	AMMONIA/URINOUS	5.735242911987001	16.21200158311154
18467	DECAYED	5.471600241327096	16.245846787485224
18467	WOOD	5.452958589544615	16.179010813996506
18467	GRASS	3.1662589182614296	10.663424160894703
18467	FLOWER	2.571808067595808	9.69290023436508
18467	CHEMICAL	15.16565024313733	24.613870625487213
21363	INTENSITY/STRENGTH	42.212581780926435	28.77684525772626
21363	VALENCE/PLEASANTNESS	31.7280148283364	23.966249890206235
21363	BAKERY	2.2067923863180336	7.940936977861092
21363	SWEET	7.99898687269548	15.83098088722243
21363	FRUIT	2.460818285828253	8.253663628706018
21363	FISH	2.64001411436787	7.9891880334391185
21363	GARLIC	2.8185309760996624	11.351106787205874
21363	SPICES	5.289349792606183	14.89601889138603
21363	COLD	3.7089058291894625	12.467778232971039
21363	SOUR	15.463967900167884	25.543076339354364
21363	BURNT	5.311755464317217	15.72849373923728
21363	ACID	7.187188315604404	16.32595887051351
21363	WARM	6.993418777568716	18.150310000667893
21363	MUSKY	16.988817547238533	28.4473154745307
21363	SWEATY	11.775895635486526	22.352123193270444
21363	AMMONIA/URINOUS	9.576297516748303	21.747640504316514
21363	DECAYED	10.561783563811309	21.71697125224157
21363	WOOD	3.4190185620251228	11.877131135807257
21363	GRASS	2.288935070907135	8.658361809696014
21363	FLOWER	5.4840805870926115	13.349225351338381
21363	CHEMICAL	16.103510349496748	25.916064274077144
27440	INTENSITY/STRENGTH	52.36102595551712	28.352316039292468
27440	VALENCE/PLEASANTNESS	30.923412112121497	25.41588119765082
27440	BAKERY	4.734880700648527	14.35159331751537
27440	SWEET	5.154447273459352	15.314522948006422
27440	FRUIT	1.3818620088546911	5.664077599294285
27440	FISH	4.169753791373723	12.608507921140875
27440	GARLIC	7.030430905042048	17.150417319172654
27440	SPICES	7.590491690188644	17.57078826160058
27440	COLD	2.7613958498240274	10.533078956903697
27440	SOUR	11.412450074578775	23.788188232721865
27440	BURNT	13.040775813861746	25.647323246226314
27440	ACID	7.9910731634923255	18.04068245445872
27440	WARM	7.563422609408204	19.416613818662494
27440	MUSKY	12.270672620780045	25.812186040151467
27440	SWEATY	6.186847768369156	17.979768157799974
27440	AMMONIA/URINOUS	8.220568840391927	21.109215733725303
27440	DECAYED	9.516967213147165	22.750857176588188
27440	WOOD	5.844127789313516	17.194221314897742
27440	GRASS	4.934968846147831	14.429766217411986
27440	FLOWER	1.9668106737748878	7.484975936882665
27440	CHEMICAL	17.429383607265116	27.227581489682784
31219	INTENSITY/STRENGTH	42.81811197301907	29.178944527971538
31219	VALENCE/PLEASANTNESS	53.82982035798511	26.11489530910716
31219	BAKERY	2.8384596890625318	11.027414776043582
31219	SWEET	24.101725247882754	30.51730760322419
31219	FRUIT	12.467028688680276	25.419160615720777
31219	FISH	0.7378102738642252	3.3035303272236347
31219	GARLIC	1.1114770031713659	5.957170559129576
31219	SPICES	5.242732595379812	15.093922862136187
31219	COLD	5.601246836981333	17.33759354007724
31219	SOUR	7.138646676943585	17.156082857430697
31219	BURNT	2.6086913324892365	9.758489861096615
31219	ACID	6.109633679900838	15.309503069101476
31219	WARM	5.861242537087209	16.65326013940674
31219	MUSKY	5.452280718654479	14.974788244673245
31219	SWEATY	2.7137472386100336	9.260800311087205
31219	AMMONIA/URINOUS	4.575980752706521	13.824442316200404
31219	DECAYED	3.4775469163598784	12.902070886522733
31219	WOOD	1.4582363676073329	6.176372650161834
31219	GRASS	2.075114354663599	8.323271784799749
31219	FLOWER	11.512402798429761	24.30547116454847
31219	CHEMICAL	19.556953590570153	27.929541701747247
31276	INTENSITY/STRENGTH	48.793511578318984	29.41491045881265
31276	VALENCE/PLEASANTNESS	55.90898382804811	26.84082583293059
31276	BAKERY	3.6856062587661746	13.051479255734455
31276	SWEET	30.327445411410345	33.2519414445648
31276	FRUIT	17.98783543141363	28.555062928946718
31276	FISH	0.6102569130890443	3.0570365301881313
31276	GARLIC	1.1329079636755615	6.024146453389527
31276	SPICES	4.322043218422133	13.741890734589699
31276	COLD	5.6652928118281665	17.40336118238718
31276	SOUR	7.536228138405822	18.357818495453643
31276	BURNT	2.2784802346509108	9.132269616272326
31276	ACID	7.276546497430106	17.074204575939465
31276	WARM	5.598920835242076	16.397482689932747
31276	MUSKY	3.677697621941037	12.184344975308957
31276	SWEATY	1.8068287216204362	7.301081991087751
31276	AMMONIA/URINOUS	4.914492847025385	14.373539552128307
31276	DECAYED	3.556135834086595	13.617358934115094
31276	WOOD	0.8792385943098159	4.235176694200531
31276	GRASS	2.0256625256894334	8.318594559488997
31276	FLOWER	8.229077903246084	19.589836111904926
31276	CHEMICAL	22.289371532831844	30.151424609763616
31283	INTENSITY/STRENGTH	18.326593360328676	23.379361808721104
31283	VALENCE/PLEASANTNESS	46.763836921416676	23.115911501218626
31283	BAKERY	5.143769055932708	13.095079020853797
31283	SWEET	12.842706621082693	19.344177411116494
31283	FRUIT	4.388099331804511	10.372138075621706
31283	FISH	1.1441328146248535	5.04901008153912
31283	GARLIC	2.789707412267938	11.25204679559039
31283	SPICES	4.835888600031849	14.31664455580837
31283	COLD	4.033724835853877	12.430687025434306
31283	SOUR	7.209969737214133	17.289495302611176
31283	BURNT	6.757948193318969	17.54102449539384
31283	ACID	4.954775348305687	12.609757408369003
31283	WARM	7.348092202248895	17.760683098896216
31283	MUSKY	8.562149908123715	19.50096032548722
31283	SWEATY	4.2493628654240805	13.136403189874908
31283	AMMONIA/URINOUS	3.391986287152386	10.078217359859355
31283	DECAYED	3.345144383126974	11.258443839704423
31283	WOOD	4.755280373286743	14.952858068804431
31283	GRASS	2.061994841028427	8.07354418162913
31283	FLOWER	5.624751695310273	13.744593567097507
31283	CHEMICAL	12.060944322681395	21.761683507723106
60998	INTENSITY/STRENGTH	37.69943875072211	28.802513754583714
60998	VALENCE/PLEASANTNESS	44.359864062586766	26.386383225734512
60998	BAKERY	2.679524975207159	10.363420130677056
60998	SWEET	15.08784877067276	24.525658605905612
60998	FRUIT	5.412994559168807	15.388367916922448
60998	FISH	1.5157568425514625	5.657818813006229
60998	GARLIC	2.2111170744498923	9.616152888740599
60998	SPICES	5.709204330878824	15.38103960774308
60998	COLD	3.639697358090391	12.596719185130443
60998	SOUR	9.5250320089653	20.403565263392316
60998	BURNT	4.11792522705329	12.470309428647974
60998	ACID	5.0796694521392975	13.891349649149168
60998	WARM	7.335849708481755	18.64355902833494
60998	MUSKY	10.669881257364661	22.012925949362252
60998	SWEATY	6.126206400405066	15.629809379664703
60998	AMMONIA/URINOUS	7.81264569833874	19.48309932363253
60998	DECAYED	5.043613637464892	15.558276570682244
60998	WOOD	2.357431869008963	9.393208628454557
60998	GRASS	2.9992979241997753	10.435191146461866
60998	FLOWER	11.264644929831425	23.348006461744603
60998	CHEMICAL	14.371718708607307	24.520623174593602
61523	INTENSITY/STRENGTH	43.5813985794956	30.179784530291535
61523	VALENCE/PLEASANTNESS	43.9592266331588	26.100431342781444
61523	BAKERY	1.5226352828059213	5.840156860700287
61523	SWEET	10.190306411755987	19.693938987042948
61523	FRUIT	5.263685060414945	13.955235093317304
61523	FISH	2.2734182415880975	7.178599073463654
61523	GARLIC	3.701138682187976	10.69962668130108
61523	SPICES	6.193210155093	15.341268187840782
61523	COLD	4.5156239029096	14.503394994641146
61523	SOUR	8.77245726827415	20.030590784524527
61523	BURNT	4.86651987778591	14.89316441168821
61523	ACID	6.907887916479782	16.824128518833213
61523	WARM	5.600782501199315	15.616477211456623
61523	MUSKY	8.17674348599505	19.498621387757662
61523	SWEATY	4.598431547638014	13.69864241544505
61523	AMMONIA/URINOUS	6.589315999113016	17.378903062439456
61523	DECAYED	4.72947467715543	14.26616213089512
61523	WOOD	3.6909783488416346	12.931026338241518
61523	GRASS	7.536360972612987	20.23163606442685
61523	FLOWER	11.124239808223798	22.65536259887473
61523	CHEMICAL	17.949674613475132	26.988080459698
62089	INTENSITY/STRENGTH	47.1349858993083	27.89412059162308
62089	VALENCE/PLEASANTNESS	27.401332494492863	21.917934423787234
62089	BAKERY	1.3156288896222856	5.087113320146123
62089	SWEET	3.477934569351362	9.561730152451869
62089	FRUIT	1.8524148692657512	6.976652626033838
62089	FISH	2.1208635188559812	7.813299516150657
62089	GARLIC	3.513862961316936	12.592153833763183
62089	SPICES	4.869425356160804	13.989493265769037
62089	COLD	3.8276608140579755	12.886884505282922
62089	SOUR	14.86879984787655	25.776382533245464
62089	BURNT	8.411209620961092	20.847877861195823
62089	ACID	8.9884429052472	18.79594558686804
62089	WARM	6.666613533630914	17.459851803841236
62089	MUSKY	16.166286814776107	28.19563286934467
62089	SWEATY	9.979941786954253	21.60434402706396
62089	AMMONIA/URINOUS	8.371401934698213	19.542772397493188
62089	DECAYED	9.318157274874704	19.46725238826647
62089	WOOD	5.575999795413045	16.779486660931532
62089	GRASS	1.8002089910243728	7.311459282287421
62089	FLOWER	1.5238492633215963	6.459323268971302
62089	CHEMICAL	21.32226843119921	29.19615424421258
62351	INTENSITY/STRENGTH	40.058518072541304	26.56344539072806
62351	VALENCE/PLEASANTNESS	31.102934793140538	23.681716237995428
62351	BAKERY	2.954609721116019	11.025236524250532
62351	SWEET	4.077797566610135	10.664723803851661
62351	FRUIT	1.900756514125656	6.013407962635183
62351	FISH	5.400934020923525	15.47961665694022
62351	GARLIC	10.31108310058257	21.266829129179616
62351	SPICES	9.184180181808465	19.827881788437487
62351	COLD	2.761942397588014	9.761237587439883
62351	SOUR	12.378935439616246	24.435205450934312
62351	BURNT	11.00816612451963	22.264959187691794
62351	ACID	6.467480776565404	15.557358129132416
62351	WARM	6.665605842306249	17.521811803976455
62351	MUSKY	11.546744600519073	23.34968830365193
62351	SWEATY	6.488541300962888	17.01624090169262
62351	AMMONIA/URINOUS	6.786731684952966	17.906256565956646
62351	DECAYED	9.796950582182012	21.644163870870507
62351	WOOD	3.361560555212953	11.45582768515719
62351	GRASS	3.6364627721146627	11.653139550742576
62351	FLOWER	2.3631395782424947	8.111508641372712
62351	CHEMICAL	12.760756999714006	23.41359962769218
62465	INTENSITY/STRENGTH	40.81862917616308	26.218914100007122
62465	VALENCE/PLEASANTNESS	42.61143404102099	25.66725672415135
62465	BAKERY	6.298846617927547	15.913980933746638
62465	SWEET	9.887607360481727	17.806854710620353
62465	FRUIT	1.3675825432356565	6.6093597359739205
62465	FISH	1.9441587401067015	7.073670022395662
62465	GARLIC	2.90810778582832	9.593508064804267
62465	SPICES	13.73331135585212	25.460087045547617
62465	COLD	4.196176525029415	14.374339337267548
62465	SOUR	5.914248728604039	15.58227287168097
62465	BURNT	11.525394845981962	24.979186273144546
62465	ACID	7.174126803874961	16.230937948702483
62465	WARM	9.01884547544467	20.805785847321907
62465	MUSKY	7.4986598607375585	17.872912794813736
62465	SWEATY	2.260575270682132	7.9019752176339555
62465	AMMONIA/URINOUS	6.103543466515831	16.812625120253077
62465	DECAYED	4.361663006736666	14.850946634240458
62465	WOOD	6.195782263798537	17.630280594642535
62465	GRASS	2.2632536188780157	9.173052213630147
62465	FLOWER	3.342571026451221	11.561473919976862
62465	CHEMICAL	20.003174498050747	27.63755114035094
251531	INTENSITY/STRENGTH	14.686623241100705	23.560531015866278
251531	VALENCE/PLEASANTNESS	51.04835037125504	23.956410967297643
251531	BAKERY	2.591053125058986	8.120994152461375
251531	SWEET	13.61915089896109	22.276723674909103
251531	FRUIT	2.873572959827254	9.780207527468107
251531	FISH	0.8532692680395726	3.812733529416532
251531	GARLIC	1.83276066250014	8.660929406482097
251531	SPICES	5.866065926488316	14.313828098760293
251531	COLD	4.634909601400954	14.568439310273723
251531	SOUR	6.040142174559487	16.27437510312251
251531	BURNT	3.3719615879639457	11.137261157345526
251531	ACID	4.438528830983801	12.497949349716293
251531	WARM	5.710419095875996	14.695401022349412
251531	MUSKY	6.632006985553869	15.958840262183255
251531	SWEATY	2.781513986305231	9.141720435089379
251531	AMMONIA/URINOUS	3.905394636001426	12.564962975349772
251531	DECAYED	2.1670147253898673	9.56965250701347
251531	WOOD	2.9116175857538154	9.948103507443935
251531	GRASS	3.378623154478267	11.210624093384567
251531	FLOWER	12.229692042748544	24.54672433202848
251531	CHEMICAL	13.65756732307393	24.16462857669045
440917	INTENSITY/STRENGTH	41.62045447276386	26.61475565611449
440917	VALENCE/PLEASANTNESS	52.685976143872765	25.44413850124878
440917	BAKERY	1.828920201679218	7.801585575993857
440917	SWEET	14.220663388073419	22.337065426564873
440917	FRUIT	7.197292443148022	17.54480963634051
440917	FISH	0.8688426870565327	3.159048316925417
440917	GARLIC	2.445934749070876	9.214665105866926
440917	SPICES	9.512867196807303	19.86447533505647
440917	COLD	9.331940463975975	22.25296552406813
440917	SOUR	7.643211538253591	18.27375278603404
440917	BURNT	3.3322333779185804	12.028544671314409
440917	ACID	9.02163142604486	19.100258017792854
440917	WARM	4.869268631998518	14.256173170731733
440917	MUSKY	3.7325879965419233	11.822735227647367
440917	SWEATY	1.472741893331856	6.896516296990806
440917	AMMONIA/URINOUS	5.866967467218631	16.262440351744957
440917	DECAYED	2.4532659428202264	10.167120167353007
440917	WOOD	4.201490694901329	13.985280098470886
440917	GRASS	4.9853536708291895	17.05575262655098
440917	FLOWER	6.694706572592243	17.116257967522653
440917	CHEMICAL	25.15831632257527	30.757700563303047
637758	INTENSITY/STRENGTH	43.10480932118068	30.529959919245005
637758	VALENCE/PLEASANTNESS	55.01049852947974	26.569870518430594
637758	BAKERY	6.358347892703469	16.113169735506712
637758	SWEET	26.11328534731202	31.700687943580277
637758	FRUIT	9.219659732641192	21.068011066646044
637758	FISH	0.673819518703193	3.625039269585455
637758	GARLIC	1.5206206839492822	6.98463009720993
637758	SPICES	8.031559876487268	18.252124534808775
637758	COLD	4.64791231635881	15.301893071449623
637758	SOUR	6.552422761354059	16.825937810786638
637758	BURNT	2.147270751394777	9.02195094844922
637758	ACID	3.4321860436882203	11.423250468008208
637758	WARM	7.160685798842847	17.94808420696121
637758	MUSKY	6.724243707870061	16.707093147769605
637758	SWEATY	3.2565239424639687	10.479393908142052
637758	AMMONIA/URINOUS	4.106316263973705	12.116029863486101
637758	DECAYED	3.824335784302069	13.41818858844517
637758	WOOD	1.3850083254527445	6.291242427597784
637758	GRASS	2.4299482285426706	8.583722227220687
637758	FLOWER	11.671057820060964	24.851491973571108
637758	CHEMICAL	12.240928368099436	23.238960659061913
853433	INTENSITY/STRENGTH	42.83915509466003	28.372317346372085
853433	VALENCE/PLEASANTNESS	58.37474157392198	25.710192086637328
853433	BAKERY	11.919540627319966	23.837190077183823
853433	SWEET	25.162192095657584	28.826256015041757
853433	FRUIT	4.610816124781687	14.090262963773219
853433	FISH	1.0068695877868312	4.163383059010396
853433	GARLIC	1.8640403366786622	7.192466782807645
853433	SPICES	15.618750713680544	27.99419519538962
853433	COLD	4.105384192574467	14.273141241622863
853433	SOUR	3.97347259042517	12.26851616997239
853433	BURNT	6.211729712388933	17.001414443722577
853433	ACID	3.3818854830626854	10.686671030468265
853433	WARM	9.90885592921888	21.568939093133373
853433	MUSKY	4.293892090493868	12.263811752658663
853433	SWEATY	1.0053950320302758	3.93744991556519
853433	AMMONIA/URINOUS	2.6071993495803225	9.273784800580014
853433	DECAYED	2.6762352992663807	10.52506024619409
853433	WOOD	3.9545447376309517	12.4774913785142
853433	GRASS	2.0942168726412165	8.559362203179289
853433	FLOWER	7.747216663072277	18.81479483288165
853433	CHEMICAL	11.787767157565456	22.226409234615467
1549025	INTENSITY/STRENGTH	23.31138689524922	25.820915877390814
1549025	VALENCE/PLEASANTNESS	51.82116794044672	23.764590645431262
1549025	BAKERY	3.5752889675402186	11.059258755303969
1549025	SWEET	17.3159253756054	23.76556595038199
1549025	FRUIT	9.117962972325682	19.21211504589086
1549025	FISH	1.2389973294142667	4.6092087205506465
1549025	GARLIC	2.6218322603862676	9.902597919937906
1549025	SPICES	4.805481515247687	13.298847026148858
1549025	COLD	3.4947192192120986	12.049934891749832
1549025	SOUR	8.725493989738288	19.075397972125252
1549025	BURNT	4.46492372063195	13.431162601502612
1549025	ACID	4.068482786949177	11.26895215280374
1549025	WARM	6.109097607103154	15.733615430357784
1549025	MUSKY	6.210235455898831	14.85011069792275
1549025	SWEATY	3.816154385606434	11.398779777102352
1549025	AMMONIA/URINOUS	3.5071287892758733	11.21245566913541
1549025	DECAYED	3.698963118068451	11.65649912693994
1549025	WOOD	3.4737998505310217	11.113410268560727
1549025	GRASS	3.322350228216879	11.095823928140897
1549025	FLOWER	9.744731822447914	21.63778127448498
1549025	CHEMICAL	10.940629726284389	21.159067589497887
2733294	INTENSITY/STRENGTH	54.747469823622794	28.99193640457994
2733294	VALENCE/PLEASANTNESS	57.54956054222837	26.118407698965985
2733294	BAKERY	3.9791188647508853	12.77943020703847
2733294	SWEET	29.629522117383555	30.94377577795903
2733294	FRUIT	21.803523784880497	31.410659616485884
2733294	FISH	0.9661416045572524	3.925160457247503
2733294	GARLIC	1.2975632322158965	6.070735729307727
2733294	SPICES	5.038397616770807	15.121301468917187
2733294	COLD	4.632171387297066	15.624187618082775
2733294	SOUR	8.276527371080133	18.72473274624375
2733294	BURNT	2.4581608013154828	10.05532614496126
2733294	ACID	3.885288448738188	11.662324728708276
2733294	WARM	5.95453162096372	16.944432469582548
2733294	MUSKY	4.735932179516803	12.745084912368249
2733294	SWEATY	2.590387205124838	9.210294894180837
2733294	AMMONIA/URINOUS	2.6724075803998786	8.471501141775615
2733294	DECAYED	3.9384739457828912	13.331457800770451
2733294	WOOD	1.9629366339751741	7.542303976570733
2733294	GRASS	8.383107237948197	17.77483509597705
2733294	FLOWER	9.953200765407589	21.19937183903227
2733294	CHEMICAL	11.731865860662047	22.554376902245348
5281167	INTENSITY/STRENGTH	49.48995667752472	29.53581538348983
5281167	VALENCE/PLEASANTNESS	44.12568215606986	26.135965286511418
5281167	BAKERY	2.04389829215362	7.912948197519144
5281167	SWEET	11.82985740033143	21.212907325633427
5281167	FRUIT	8.717180551088216	18.62793613880741
5281167	FISH	2.0771227673964208	7.290184178675402
5281167	GARLIC	3.2080870912866737	10.539033681382556
5281167	SPICES	6.490172244331068	16.36014663673734
5281167	COLD	4.96873696180543	15.72352791792581
5281167	SOUR	10.341770633808311	21.140721040313284
5281167	BURNT	4.183259568690324	13.306468029419781
5281167	ACID	5.8730270713567645	15.248672842902996
5281167	WARM	5.443835581861724	15.340708829784722
5281167	MUSKY	8.064040035083048	17.873396701007994
5281167	SWEATY	4.737007306245629	13.391498560933584
5281167	AMMONIA/URINOUS	5.148690972011527	14.27811543199077
5281167	DECAYED	5.108090300528707	15.383757889482379
5281167	WOOD	3.2531960349497324	11.163893436788337
5281167	GRASS	10.389511819734508	22.87236745381887
5281167	FLOWER	7.0619873122190455	17.478520495900163
5281167	CHEMICAL	14.94523663715483	25.474702766914525
5281168	INTENSITY/STRENGTH	47.938160789777484	28.71447131653798
5281168	VALENCE/PLEASANTNESS	32.629172442429734	23.658191126005757
5281168	BAKERY	1.7182198687459085	5.608534114485556
5281168	SWEET	5.916580644769613	13.14751151059446
5281168	FRUIT	4.358188475484282	11.619269326778571
5281168	FISH	3.051156725700491	9.858690647778143
5281168	GARLIC	4.055845704861516	13.11878926006313
5281168	SPICES	6.1384422362890625	15.523755351542018
5281168	COLD	4.0105772808107165	13.508287471187268
5281168	SOUR	14.577900618900907	25.687148761881566
5281168	BURNT	6.439862238387656	17.76783949130826
5281168	ACID	7.880262897482929	17.697984563205697
5281168	WARM	6.12854094213627	16.519339529696524
5281168	MUSKY	12.892972962274058	24.51273805955368
5281168	SWEATY	8.172053247379745	18.753638159326016
5281168	AMMONIA/URINOUS	7.148147553950539	17.973198181534773
5281168	DECAYED	8.621987800280134	19.34029255133475
5281168	WOOD	4.494129860453279	13.923284026826943
5281168	GRASS	5.606214878444328	15.300081929590672
5281168	FLOWER	3.077365954681896	9.93253541711367
5281168	CHEMICAL	17.920936679504365	27.525584509166208
5318599	INTENSITY/STRENGTH	58.13540487195587	29.381370259662106
5318599	VALENCE/PLEASANTNESS	39.43573452207203	24.984646640001596
5318599	BAKERY	1.7717756688835187	6.157669084886229
5318599	SWEET	10.603110845294106	18.194650796724325
5318599	FRUIT	7.376667313377444	15.99292784214129
5318599	FISH	1.9009974543896795	6.1844564325649145
5318599	GARLIC	2.4278258150876177	8.977785353886873
5318599	SPICES	5.175355480424612	14.373135071451253
5318599	COLD	5.224066830532886	16.234947669363656
5318599	SOUR	9.716086876981612	20.26520990844262
5318599	BURNT	6.358254554502801	16.90001819149341
5318599	ACID	7.580978636230734	17.818301085106803
5318599	WARM	6.188709818447241	16.411727762183105
5318599	MUSKY	9.605268101762887	20.56569922210981
5318599	SWEATY	4.961594740361226	13.580170490083617
5318599	AMMONIA/URINOUS	6.417817379720499	16.749169574954955
5318599	DECAYED	5.480129741431585	14.849839409996074
5318599	WOOD	4.6177664682399335	14.647023162921249
5318599	GRASS	6.630747284703178	16.981329738004824
5318599	FLOWER	5.707631788759111	14.469792564434973
5318599	CHEMICAL	21.32876307185013	29.32827971748921
5352837	INTENSITY/STRENGTH	51.96026361201486	28.741766820964028
5352837	VALENCE/PLEASANTNESS	44.894552497115065	25.56895218228898
5352837	BAKERY	2.193811512248149	7.973847408508279
5352837	SWEET	13.806041109376181	21.66252582282536
5352837	FRUIT	9.196737953792079	18.64992357463873
5352837	FISH	1.7730773919358107	5.925579907235866
5352837	GARLIC	2.548637759136503	8.947372914751492
5352837	SPICES	5.725712488245523	15.190017889970068
5352837	COLD	5.196673803583166	16.22376145415659
5352837	SOUR	8.711990892208373	19.14206080503793
5352837	BURNT	4.7277133948264405	13.899835799803459
5352837	ACID	6.065774724951799	15.608851163552904
5352837	WARM	5.641465548206236	15.49345904173543
5352837	MUSKY	7.4746475614826196	17.168255569260133
5352837	SWEATY	3.866186679069249	11.332663711372366
5352837	AMMONIA/URINOUS	5.099690861254922	14.116384425420431
5352837	DECAYED	4.540063000633358	13.722076846136705
5352837	WOOD	3.406950664296521	11.776316611647227
5352837	GRASS	8.33525522615504	19.593999106711532
5352837	FLOWER	7.378502543432541	17.715040200705314
5352837	CHEMICAL	17.171845159188102	26.611764550546987
5364231	INTENSITY/STRENGTH	49.73345434965438	28.15601670547548
5364231	VALENCE/PLEASANTNESS	45.75399323554505	25.667260780169993
5364231	BAKERY	3.0637265780368623	10.818970175542603
5364231	SWEET	13.045589460110929	21.60810416513043
5364231	FRUIT	10.615355106061786	19.892764858800568
5364231	FISH	1.7041230953785274	6.292063234159082
5364231	GARLIC	3.1480818939397976	9.631076297450303
5364231	SPICES	6.8597186823634555	16.758630956336336
5364231	COLD	4.590111715505134	14.837577110264652
5364231	SOUR	9.8471594585981	20.04185267425751
5364231	BURNT	4.994812912265845	14.166043302956908
5364231	ACID	4.538510045302753	12.427626978790958
5364231	WARM	5.9711898784597475	15.736289401347964
5364231	MUSKY	7.5369233713627235	16.806088380882297
5364231	SWEATY	4.150897014947102	12.402478538083413
5364231	AMMONIA/URINOUS	3.257025910913934	9.939179562949175
5364231	DECAYED	4.729152724629105	14.489023644219348
5364231	WOOD	3.6914820739505174	11.550337871518186
5364231	GRASS	12.315540035735365	24.287373232171287
5364231	FLOWER	6.533258206656432	16.914136528209593
5364231	CHEMICAL	10.822059635853424	22.198604021743183
5371102	INTENSITY/STRENGTH	33.61814895268993	27.9096528735094
5371102	VALENCE/PLEASANTNESS	45.26504607318529	24.916412727421765
5371102	BAKERY	0.8686245549552207	5.771493420672026
5371102	SWEET	10.473400931970662	19.167989766659495
5371102	FRUIT	4.244850530651165	12.630338836266654
5371102	FISH	1.6691668109407707	6.525116403835123
5371102	GARLIC	2.9161417778871974	9.552394932174344
5371102	SPICES	7.928252836990848	17.787741779222
5371102	COLD	5.533312530785182	16.40257322110472
5371102	SOUR	7.584155586357239	17.955287050101177
5371102	BURNT	3.93473746487678	13.024030411686786
5371102	ACID	6.980394449617168	16.329584108853545
5371102	WARM	5.334151401318671	14.904496701572953
5371102	MUSKY	7.216294533673491	17.37180366683693
5371102	SWEATY	3.240081875390976	10.224475173696215
5371102	AMMONIA/URINOUS	5.834719428792589	15.722679483109511
5371102	DECAYED	3.4762370659819823	12.849036860138895
5371102	WOOD	3.760289693245813	12.642863269495152
5371102	GRASS	6.290947801522577	16.766517044856922
5371102	FLOWER	8.622421841550116	19.73831310292821
5371102	CHEMICAL	18.234342752946677	26.749970016049907
10857465	INTENSITY/STRENGTH	32.65761986970028	30.5896458044701
10857465	VALENCE/PLEASANTNESS	45.70821356083082	25.25319734690228
10857465	BAKERY	2.1360902690093564	8.464111271877252
10857465	SWEET	11.91759082397561	19.134904199231958
10857465	FRUIT	4.063500420981333	10.480571053661048
10857465	FISH	1.002095692839162	3.2015971788191626
10857465	GARLIC	1.750559235616516	6.799787841845088
10857465	SPICES	7.394311607725477	19.361968008053964
10857465	COLD	5.914846940742625	18.012306115146437
10857465	SOUR	8.58575356853488	19.330615543846175
10857465	BURNT	4.287201190846281	14.660327533169461
10857465	ACID	8.047122673264555	17.784733966204932
10857465	WARM	7.1267909012576265	18.481726498880718
10857465	MUSKY	10.33988924978988	22.775510842901532
10857465	SWEATY	4.600597226482222	13.10457334217403
10857465	AMMONIA/URINOUS	7.810952864028505	19.14029230578165
10857465	DECAYED	5.7164285230184095	16.23273348707406
10857465	WOOD	5.88588450025799	17.526583161700877
10857465	GRASS	5.8683729782191305	16.650318157904202
10857465	FLOWER	10.089126935666002	19.183714720687608
10857465	CHEMICAL	21.99604116951097	30.856652581583763
