#oID	descriptor	value	sigma
180	INTENSITY/STRENGTH	15.618914142880907	22.741956068639684
180	VALENCE/PLEASANTNESS	41.30098460326313	22.42731069790491
180	BAKERY	2.6832601213006635	8.614829994154379
180	SWEET	7.114521104083731	16.46182151853416
180	FRUIT	1.5320774354524855	8.001220551905806
180	FISH	1.265091661612931	5.8275456170803
180	GARLIC	4.108365494095838	12.539927334606219
180	SPICES	6.188986183594867	14.096676694893098
180	COLD	5.407443391599039	15.655843049478257
180	SOUR	9.860262185335158	20.776862367708482
180	BURNT	4.409691752979931	13.376242721601612
180	ACID	8.5872865148953	17.60057967109127
180	WARM	4.530463239976324	13.96841605931009
180	MUSKY	9.218346248810738	18.5463681346738
180	SWEATY	4.982082414817767	12.970176973050423
180	AMMONIA/URINOUS	5.8185641914606	14.970575827761374
180	DECAYED	4.688055736478413	13.404001213948577
180	WOOD	3.4523332286245956	11.969582247144539
180	GRASS	3.2282499578196924	10.658599085664559
180	FLOWER	2.7861057442167345	10.926691365390504
180	CHEMICAL	18.481951592719945	26.473614198545878
262	INTENSITY/STRENGTH	23.154107302123183	25.42636510892231
262	VALENCE/PLEASANTNESS	37.60462921675525	23.476693116828432
262	BAKERY	2.466820349390291	7.02433376971673
262	SWEET	6.702622302850294	16.819246848011755
262	FRUIT	1.5585699870459735	9.437466830542272
262	FISH	0.9402818032356315	4.134812081295596
262	GARLIC	2.0518089722762864	9.096061443247715
262	SPICES	4.483385815588242	11.636387545704908
262	COLD	5.805690723327436	16.58283920871484
262	SOUR	10.77142868713933	20.59834028088132
262	BURNT	4.551518594732081	12.867519471458058
262	ACID	10.399016525064175	19.800101583246654
262	WARM	4.429279901608136	14.152268181313786
262	MUSKY	10.379016146572448	20.31741576609541
262	SWEATY	6.007584375329304	14.341600718494842
262	AMMONIA/URINOUS	8.075651928782463	19.39073393043952
262	DECAYED	5.670970732545732	16.15330062200697
262	WOOD	2.9617009040391675	10.699014290486746
262	GRASS	3.100471320914918	10.092248554801927
262	FLOWER	2.3393895373395983	10.357327712132816
262	CHEMICAL	24.8811283135286	31.062519411635375
264	INTENSITY/STRENGTH	37.6900339031879	27.823195586226493
264	VALENCE/PLEASANTNESS	26.46428649056335	21.80175348927534
264	BAKERY	1.8166578588978708	6.033289243428616
264	SWEET	4.523442924634079	12.533100617953226
264	FRUIT	2.358276684024966	9.270196697516601
264	FISH	3.0660066798918097	9.809798120327777
264	GARLIC	4.432328537280838	12.892521714524268
264	SPICES	4.4896220715962025	11.790481386735845
264	COLD	3.257797588281999	11.28135477655274
264	SOUR	22.573331837174045	31.776362747412
264	BURNT	4.780783468363213	14.598131062174506
264	ACID	8.1048765352794	16.68384877181263
264	WARM	6.156175563762973	17.71993191744258
264	MUSKY	19.954068940098445	31.631599629395303
264	SWEATY	14.808927742941725	27.637602768100084
264	AMMONIA/URINOUS	9.383213952183722	20.712549933885633
264	DECAYED	14.362837693520923	25.458979494455654
264	WOOD	2.4854849425005927	11.330324320073787
264	GRASS	2.0627258203067305	7.958284437364339
264	FLOWER	1.6182110621391224	7.689941281572207
264	CHEMICAL	15.00538882157206	24.224300271918093
323	INTENSITY/STRENGTH	39.66431048416882	28.604532361223637
323	VALENCE/PLEASANTNESS	54.50991176310339	25.467774328280196
323	BAKERY	8.454576068509635	20.574110912589063
323	SWEET	23.752128401969287	30.190799974377846
323	FRUIT	8.078871409464083	18.37941380435906
323	FISH	0.28993329429563036	1.3067378041968911
323	GARLIC	2.301874481786572	7.691973211535787
323	SPICES	9.137566717095316	20.631071612198397
323	COLD	5.662732616457915	17.010428228330575
323	SOUR	5.065549828682841	13.150484049149792
323	BURNT	6.153047685112256	14.926919597267071
323	ACID	5.3143776421036	13.839850830318674
323	WARM	8.11062020389504	20.726124706057124
323	MUSKY	5.891874331238767	15.340490671036076
323	SWEATY	1.1958885463120903	5.884824460789966
323	AMMONIA/URINOUS	4.158002356067301	11.263728960611038
323	DECAYED	2.2625917514752367	10.654858978746232
323	WOOD	3.5159576388819764	12.832602611260821
323	GRASS	3.145714239142129	11.87360280284543
323	FLOWER	7.757855589299074	18.094714444192068
323	CHEMICAL	16.914278806456476	25.05133751628909
702	INTENSITY/STRENGTH	11.756628539782422	21.943599959501963
702	VALENCE/PLEASANTNESS	41.9954129933684	22.381716971878962
702	BAKERY	3.4834686519640097	9.984323712402139
702	SWEET	7.599504760424005	15.99758642952048
702	FRUIT	1.7462983479519718	6.994347121124782
702	FISH	1.777822051146328	6.95941855215671
702	GARLIC	4.995800450808641	14.62051658715605
702	SPICES	6.1680372302915965	14.684981260527712
702	COLD	4.497592343880887	14.176770417300682
702	SOUR	11.080307504590252	21.971566609560274
702	BURNT	4.833435761685239	14.298076126103833
702	ACID	6.513497765575125	15.089500779990626
702	WARM	5.269062110355911	14.759083711355071
702	MUSKY	11.086138502427639	20.988242141532556
702	SWEATY	6.403972384785937	15.617834671095586
702	AMMONIA/URINOUS	5.10020348615943	13.92704805271596
702	DECAYED	5.676152019628433	14.714890384756703
702	WOOD	3.523482051691577	12.300638999834305
702	GRASS	3.1837876111453927	10.480435587393085
702	FLOWER	3.2670700274731748	11.878522807162284
702	CHEMICAL	12.650644361691775	23.131781994887753
750	INTENSITY/STRENGTH	16.364515547132825	23.787179589298024
750	VALENCE/PLEASANTNESS	41.91210680076775	23.31969829083152
750	BAKERY	4.7962971991182535	12.884805607238816
750	SWEET	9.8770883751857	18.515956115063513
750	FRUIT	2.2516351447906584	8.813453849050358
750	FISH	1.038975453734557	5.54092997920296
750	GARLIC	3.857908987384921	12.367491283532114
750	SPICES	6.1226260555032175	14.892098337495442
750	COLD	4.3070066922259915	13.62224105784851
750	SOUR	11.731056306364612	22.1002824973704
750	BURNT	6.429473323177291	15.951158134271132
750	ACID	6.1660270073584	14.618676345854988
750	WARM	6.2870589248315065	16.975946386177174
750	MUSKY	11.376134624619622	22.095330087011057
750	SWEATY	6.9298733489233	16.195447634140358
750	AMMONIA/URINOUS	5.028638293966636	14.616021301535696
750	DECAYED	5.502607013498002	14.99526924667628
750	WOOD	3.9561080026817677	13.216253010958097
750	GRASS	3.0930275309668884	10.010163381808386
750	FLOWER	3.5062366024307456	11.75918547849471
750	CHEMICAL	12.463162037819606	23.247961552029818
753	INTENSITY/STRENGTH	22.717673194738552	24.666974224919453
753	VALENCE/PLEASANTNESS	39.12679437986499	23.207131340273737
753	BAKERY	3.010537429138044	9.565979646726355
753	SWEET	7.243916648408893	16.36631236288325
753	FRUIT	1.9164174635124753	8.480461193133111
753	FISH	1.2972223310586806	5.835267469431058
753	GARLIC	3.5774695765234528	11.652125142374423
753	SPICES	6.5140501902449905	14.736956518057447
753	COLD	5.160335410701278	14.883073132046887
753	SOUR	9.190917889462247	20.09438026225308
753	BURNT	6.99724424189448	16.95286100646797
753	ACID	9.656067405428201	19.10560454365185
753	WARM	5.288690294628798	15.261396936866204
753	MUSKY	8.791863124651966	18.92439221259775
753	SWEATY	4.317882679003664	12.499145394972366
753	AMMONIA/URINOUS	7.185233805328598	17.964795303720983
753	DECAYED	4.437331960403443	14.314608202085937
753	WOOD	3.1269347450475857	11.893560948827451
753	GRASS	2.7312216401007374	9.38562463392641
753	FLOWER	2.1008559138230436	9.792424128426841
753	CHEMICAL	22.61009522827604	29.1436487480981
962	INTENSITY/STRENGTH	15.468039281275216	23.67494332265875
962	VALENCE/PLEASANTNESS	45.69171994423306	22.899665152245213
962	BAKERY	2.667151498316675	8.417272207137291
962	SWEET	11.07530388879196	19.093586439410135
962	FRUIT	3.7427560616819626	10.91203294072477
962	FISH	0.38320087681955806	3.4148857312428555
962	GARLIC	2.270743219468868	9.654035455504689
962	SPICES	5.454629749173	13.269784818050955
962	COLD	5.663616890983732	16.808424720507407
962	SOUR	8.66639256290704	19.281660560248746
962	BURNT	3.759251622217011	12.679946119212865
962	ACID	7.35094834651265	16.426991107012544
962	WARM	5.008322179317462	14.59433677489417
962	MUSKY	9.169345005948458	18.584863997693482
962	SWEATY	4.357410717001621	11.859293605202495
962	AMMONIA/URINOUS	5.210166964679947	14.584332819456716
962	DECAYED	3.277046023867988	12.019895404739671
962	WOOD	3.4707982103956567	11.832965115239412
962	GRASS	3.4231160962201934	10.533642904905967
962	FLOWER	5.576156346370313	14.70333343763602
962	CHEMICAL	17.669886952195817	26.9635131773625
1031	INTENSITY/STRENGTH	19.274995031883293	24.072787935124218
1031	VALENCE/PLEASANTNESS	37.61288472617153	22.71525408601511
1031	BAKERY	2.7627130392315666	7.706692672962145
1031	SWEET	6.938234410930858	15.423949990284262
1031	FRUIT	2.3132763511005914	8.44305368592259
1031	FISH	1.9214403481536741	6.610319791938862
1031	GARLIC	4.068295473419422	12.669213581804264
1031	SPICES	4.933216830679123	13.006408406372666
1031	COLD	4.721567450824336	14.838338681733797
1031	SOUR	12.659977169356456	22.83354382900661
1031	BURNT	4.108151032304269	12.65451581479987
1031	ACID	7.957175799778525	16.785734446802287
1031	WARM	4.748067627471253	14.220381787661122
1031	MUSKY	12.000906782235631	21.713361712104078
1031	SWEATY	7.839745548110273	17.353770049921096
1031	AMMONIA/URINOUS	6.807878334075201	16.977677007291696
1031	DECAYED	7.183398716816903	17.218762635683525
1031	WOOD	2.6991767759920853	10.28064450169401
1031	GRASS	2.8800054429017816	9.894279908017038
1031	FLOWER	2.65983545334765	10.46090747880432
1031	CHEMICAL	16.918292792750233	25.987421065373077
3102	INTENSITY/STRENGTH	30.399312022997393	25.820160318783987
3102	VALENCE/PLEASANTNESS	44.750854115197114	24.355326016760966
3102	BAKERY	2.493641100053896	8.322549985679107
3102	SWEET	12.415448990636271	21.822513286701945
3102	FRUIT	3.61153059141749	12.537026737906663
3102	FISH	0.46528005748872087	2.9464585751843004
3102	GARLIC	1.6328705798553536	6.646283062811281
3102	SPICES	6.215096913930953	14.533703715700952
3102	COLD	5.412010262380873	16.478197055114236
3102	SOUR	6.81148260436936	16.577200037138653
3102	BURNT	5.629882768404696	14.865588350901072
3102	ACID	8.741019453321176	18.88739899903962
3102	WARM	5.253226074223083	15.800573557887734
3102	MUSKY	7.580489814511346	16.828271138156754
3102	SWEATY	2.924144637793108	8.812455977191773
3102	AMMONIA/URINOUS	6.884722460061309	17.605272733094743
3102	DECAYED	2.750321134891593	11.553821504445333
3102	WOOD	2.77567776468508	11.589463399202828
3102	GRASS	2.60884403428119	10.163540662483069
3102	FLOWER	6.744194186576012	17.613548239431605
3102	CHEMICAL	23.366746591470072	30.5062349975211
3314	INTENSITY/STRENGTH	27.65881277433977	26.544337136995114
3314	VALENCE/PLEASANTNESS	47.67524049038546	24.39015091136132
3314	BAKERY	7.345979214031601	16.84459086145969
3314	SWEET	14.741422524296372	21.343767358775334
3314	FRUIT	3.601864228747542	10.160942057695515
3314	FISH	0.7828836032050565	3.446216334752301
3314	GARLIC	4.173714268235084	9.888487736763667
3314	SPICES	13.843070638029324	24.343877917751794
3314	COLD	4.501672601126369	14.254603890447779
3314	SOUR	5.712433808793619	14.73633617132242
3314	BURNT	8.42889316136736	20.213091741680934
3314	ACID	6.519006299121026	14.95659090506602
3314	WARM	8.350153094729373	20.244406010416565
3314	MUSKY	6.633182024783225	14.51877198483884
3314	SWEATY	1.8046273212946344	6.360301009275814
3314	AMMONIA/URINOUS	4.210926342755553	13.049762376857025
3314	DECAYED	2.8791811995324195	10.96836128291389
3314	WOOD	4.893129853309065	15.69105040842763
3314	GRASS	2.5524236936908804	9.499588581223136
3314	FLOWER	3.739686044580879	12.162016710454328
3314	CHEMICAL	17.040344998048848	24.459158444689848
5862	INTENSITY/STRENGTH	27.718239969744953	24.522141024419643
5862	VALENCE/PLEASANTNESS	37.93538757501185	23.671416457611
5862	BAKERY	5.241326366435127	15.217852467142663
5862	SWEET	9.565715104205617	16.849730174844744
5862	FRUIT	2.3476039927790566	7.779264301293117
5862	FISH	3.233110342503119	9.828757835925831
5862	GARLIC	7.517624733382014	16.514495507712834
5862	SPICES	7.119993874126867	17.10207835483747
5862	COLD	3.769256648621116	11.263168160591489
5862	SOUR	10.524302654677914	21.890686817915565
5862	BURNT	12.002178380075765	21.22545563947832
5862	ACID	5.67620673349925	14.450317269450855
5862	WARM	7.476658442824799	19.677553497089647
5862	MUSKY	9.675833975732392	21.245091696510563
5862	SWEATY	5.4093364629495095	15.047736735513432
5862	AMMONIA/URINOUS	5.736224528402076	16.440991411498732
5862	DECAYED	7.504047124779635	16.986000805049628
5862	WOOD	3.002109606003615	11.482739053349862
5862	GRASS	2.253136029547962	8.006593693719884
5862	FLOWER	2.808120816784033	9.462332191210741
5862	CHEMICAL	11.399105537761535	22.652338337779884
5962	INTENSITY/STRENGTH	26.86183329843219	25.07564617635811
5962	VALENCE/PLEASANTNESS	34.566939071251056	22.819791342566187
5962	BAKERY	3.9944776116408494	11.729304756792923
5962	SWEET	6.412474477431506	15.183858496695363
5962	FRUIT	1.4659586665401023	6.179620567329843
5962	FISH	2.0253594092866094	7.715344161876086
5962	GARLIC	3.799497591613224	12.877122262808237
5962	SPICES	5.632434772397605	13.95104010635732
5962	COLD	3.5862478338420782	11.146283736876137
5962	SOUR	14.908831463744907	25.332131929977407
5962	BURNT	7.82300663298487	18.216297350617793
5962	ACID	6.1237467186791505	14.57723963087582
5962	WARM	7.002943114306786	19.105015940618514
5962	MUSKY	15.541785774495438	27.430963961054438
5962	SWEATY	9.955273228919197	21.64154877445827
5962	AMMONIA/URINOUS	6.649684853851796	17.165495432401773
5962	DECAYED	8.605032271838605	19.504906787091926
5962	WOOD	4.603028011999743	15.442906908888014
5962	GRASS	3.0743885062958833	10.068180919609
5962	FLOWER	2.94048456556121	10.203941966083223
5962	CHEMICAL	12.047347376627533	22.43662812801514
6274	INTENSITY/STRENGTH	9.958271558915069	21.238616703952854
6274	VALENCE/PLEASANTNESS	48.44855774243066	22.167081331095655
6274	BAKERY	3.766441436388167	10.412677009260218
6274	SWEET	10.052340562401506	17.28495749196342
6274	FRUIT	2.0987478430365782	7.921135222010851
6274	FISH	0.2621888283549516	3.1664415751869575
6274	GARLIC	2.872144123092398	11.169230577707282
6274	SPICES	7.178473051866844	15.808748185665616
6274	COLD	5.817943995443787	16.15840789956536
6274	SOUR	9.456720271712726	20.660065167230837
6274	BURNT	5.368006800510433	14.515713323514607
6274	ACID	6.723607225077475	14.986583720171
6274	WARM	5.735699366291242	14.785443771249879
6274	MUSKY	9.217344367022243	18.49866406861702
6274	SWEATY	4.800258167309746	12.420250427484325
6274	AMMONIA/URINOUS	4.090123832225794	11.859232611092407
6274	DECAYED	2.7310707235508773	10.091539757314818
6274	WOOD	4.824612144999865	14.648843030719958
6274	GRASS	4.129621445854992	11.242751382735074
6274	FLOWER	4.536051522616452	13.06610371201532
6274	CHEMICAL	13.731353149754643	23.381076820482498
6322	INTENSITY/STRENGTH	7.340127361302911	20.6695289500276
6322	VALENCE/PLEASANTNESS	47.90286725533795	21.598477248462277
6322	BAKERY	3.611686160023599	9.882509926252277
6322	SWEET	9.294545185602146	16.588817093473963
6322	FRUIT	1.7065127921646406	6.703671199903095
6322	FISH	0.4242184489829368	3.9639294204764894
6322	GARLIC	3.159891656722858	11.87550757960081
6322	SPICES	6.54244074821677	15.039467697327252
6322	COLD	5.2928025639091825	15.25982923905278
6322	SOUR	10.240660965288399	21.557122190531814
6322	BURNT	5.246781750297045	13.80203564984507
6322	ACID	6.052473666412475	14.263521071276495
6322	WARM	5.692602575912285	14.849755484771714
6322	MUSKY	10.372611239277337	20.36469614385434
6322	SWEATY	5.864633871464144	14.247349346681426
6322	AMMONIA/URINOUS	3.9658423457294596	11.225957921445962
6322	DECAYED	3.281471590245404	11.083491695604032
6322	WOOD	5.220777326787516	15.34856271176913
6322	GRASS	4.472159185209604	12.019856663805454
6322	FLOWER	5.284308663852808	13.699794686258153
6322	CHEMICAL	11.637168255214148	22.1627310880678
6506	INTENSITY/STRENGTH	21.016245749879452	24.048989853435774
6506	VALENCE/PLEASANTNESS	42.49419356001254	22.3452776187999
6506	BAKERY	3.2901315780010982	9.908596811299857
6506	SWEET	11.288890697265813	16.910779416173686
6506	FRUIT	4.115707121922722	10.998758718415058
6506	FISH	1.5603250496961232	7.149478272955348
6506	GARLIC	4.697897666486655	13.216323322834691
6506	SPICES	6.043393106025613	14.836084450570782
6506	COLD	4.976081730499205	14.496560447682777
6506	SOUR	12.592899083967767	23.510619109901302
6506	BURNT	4.995388286454303	14.008984119221987
6506	ACID	6.689222369875225	14.761491554136759
6506	WARM	5.712701040741879	16.11518962652341
6506	MUSKY	10.0637843511642	19.895941677182993
6506	SWEATY	5.920190016095983	14.947061442165595
6506	AMMONIA/URINOUS	4.246608991175882	12.82950021671865
6506	DECAYED	5.002965893529883	13.0254760792673
6506	WOOD	3.419581322384977	11.899038626680694
6506	GRASS	3.128526469750426	9.906322501221645
6506	FLOWER	4.5178923827150275	12.696994034371846
6506	CHEMICAL	12.504605334117963	23.173848741081773
6544	INTENSITY/STRENGTH	35.76179280625132	26.878258187123613
6544	VALENCE/PLEASANTNESS	45.29642974062165	24.269704889800998
6544	BAKERY	1.188458267876757	7.086852055669457
6544	SWEET	11.103862967353438	21.695893850235052
6544	FRUIT	5.16528492902589	15.576501477668634
6544	FISH	1.102931517399957	4.050951652685722
6544	GARLIC	3.3077145563900134	8.911588780923605
6544	SPICES	6.327185533909767	15.80291904201581
6544	COLD	6.808233420633349	18.292153652437417
6544	SOUR	10.162535742927876	20.39227854057342
6544	BURNT	4.765794381347203	12.716794590253468
6544	ACID	6.96906937020165	16.289897127419703
6544	WARM	5.772144243075855	17.279652775049204
6544	MUSKY	9.375988342959417	18.252422902477175
6544	SWEATY	3.861245951127436	9.813761539764236
6544	AMMONIA/URINOUS	5.115364387631398	14.58016246150451
6544	DECAYED	3.349755258033317	12.783328732740925
6544	WOOD	4.023919588188386	13.805952748221458
6544	GRASS	5.939411200860631	18.081782042397094
6544	FLOWER	7.26389333540978	18.10172446417595
6544	CHEMICAL	19.777990749657118	27.76843906201292
6561	INTENSITY/STRENGTH	28.444317121894954	26.95412689227754
6561	VALENCE/PLEASANTNESS	36.746494234072436	23.574800666629233
6561	BAKERY	2.885162426073856	8.326351723852097
6561	SWEET	10.615598281511412	19.018800342932984
6561	FRUIT	4.6095249022902935	13.21482000574077
6561	FISH	1.54470250372828	5.949855862332249
6561	GARLIC	3.243346596385514	10.436710338273201
6561	SPICES	4.449780790473306	11.482143315630795
6561	COLD	4.4639377551419255	14.008101408250136
6561	SOUR	13.964171131235938	23.76702907908188
6561	BURNT	4.421631969359438	13.126395887361374
6561	ACID	9.011418265955776	18.629438978593267
6561	WARM	5.377271011607623	15.954878231692293
6561	MUSKY	11.734515243194496	21.41820320570151
6561	SWEATY	7.490850218926484	16.120724444316068
6561	AMMONIA/URINOUS	7.422631856054053	18.18488962987064
6561	DECAYED	7.513230278023616	17.759732663294233
6561	WOOD	2.247988550595214	9.29126304419985
6561	GRASS	2.1426611882258237	8.61625893048561
6561	FLOWER	3.0670261651925244	11.03759838918281
6561	CHEMICAL	20.49250526054414	28.676503162739934
6669	INTENSITY/STRENGTH	15.304251666601584	23.36610431443929
6669	VALENCE/PLEASANTNESS	54.767951268427154	22.386144962088505
6669	BAKERY	5.042036987682577	12.64341392641834
6669	SWEET	20.629715747565058	25.201040603806643
6669	FRUIT	5.145270104397582	12.968941179865503
6669	FISH	0.25541905701544365	3.0429212574095676
6669	GARLIC	2.602005705651788	9.866328911020252
6669	SPICES	4.2583945882902	12.902821398519135
6669	COLD	4.586845997123599	15.336623410348126
6669	SOUR	7.994581620669743	16.409709571162114
6669	BURNT	4.029377846085275	10.428637739694912
6669	ACID	3.603439884526375	11.208123138302126
6669	WARM	6.843066095037663	17.31140046760693
6669	MUSKY	10.293266122280968	19.73096643633328
6669	SWEATY	4.858218032334509	11.524946813188514
6669	AMMONIA/URINOUS	3.1971124671399473	9.139684541076242
6669	DECAYED	2.651763314081878	10.370877650631204
6669	WOOD	4.022907461569179	11.900404004038146
6669	GRASS	3.5236734501693423	10.866605925886699
6669	FLOWER	13.517501827815284	21.881277668448735
6669	CHEMICAL	8.752657634777659	20.697200069482808
7092	INTENSITY/STRENGTH	29.94351750286427	26.505491966264383
7092	VALENCE/PLEASANTNESS	50.18997341793753	24.125895385536904
7092	BAKERY	6.217580566697888	16.10207607939666
7092	SWEET	17.9432168404563	24.45250028343472
7092	FRUIT	5.588545384309007	14.221584091070683
7092	FISH	0.6168237032430836	2.67732690639671
7092	GARLIC	2.810309066996384	8.739781308237315
7092	SPICES	9.273770153197187	19.24374603924758
7092	COLD	5.026460887131107	15.186301257541535
7092	SOUR	6.144572671016895	15.395149753452468
7092	BURNT	5.73062101979643	15.25488129412782
7092	ACID	5.300754415137425	13.685556669503438
7092	WARM	7.007465658941521	18.301399607849095
7092	MUSKY	6.9154413461538295	16.246418809914456
7092	SWEATY	2.5674714370896705	7.773153021143663
7092	AMMONIA/URINOUS	3.8487933352589456	11.699109010799111
7092	DECAYED	2.655578283177258	10.74324007247423
7092	WOOD	3.800885908892126	13.20831234325727
7092	GRASS	2.929233634763438	10.90198239474162
7092	FLOWER	5.933436052306807	15.344211381548032
7092	CHEMICAL	14.698053240384361	23.652109074060387
7137	INTENSITY/STRENGTH	44.883263494808496	30.63268955351349
7137	VALENCE/PLEASANTNESS	64.12079855099151	24.551460607449666
7137	BAKERY	16.332831508301656	26.39478623905691
7137	SWEET	38.2707237206331	33.7809792909143
7137	FRUIT	10.098995679905975	20.330787044571135
7137	FISH	0.30107258700149153	1.8528374877075622
7137	GARLIC	2.1127506945127608	6.594749832785305
7137	SPICES	12.162066320110114	22.23002175146986
7137	COLD	3.1338769918627953	13.836781508772185
7137	SOUR	5.118886609980154	13.292928915320635
7137	BURNT	4.85341281595884	14.639982380928673
7137	ACID	2.9837494183863753	11.242532588473384
7137	WARM	10.402923572570716	21.91948844172612
7137	MUSKY	4.680521646831752	12.551876254025606
7137	SWEATY	1.8213460636823793	4.982464456492132
7137	AMMONIA/URINOUS	2.3430791641585444	7.463265363297812
7137	DECAYED	2.586558182125086	9.703712562936392
7137	WOOD	2.620118928546459	10.052685504319607
7137	GRASS	1.6932105560966197	6.935529196667816
7137	FLOWER	10.769569802543378	21.208180149952454
7137	CHEMICAL	9.403571541456191	20.668722189675886
7302	INTENSITY/STRENGTH	27.792946215881887	25.962856064183445
7302	VALENCE/PLEASANTNESS	44.77707544258643	24.828313230392666
7302	BAKERY	6.807550130281734	16.847952054134858
7302	SWEET	14.590155444065475	23.370098911863895
7302	FRUIT	3.388258950632165	11.408767997412788
7302	FISH	0.8737365207082847	4.165655659026417
7302	GARLIC	3.233428022269478	11.125309426567155
7302	SPICES	7.006752773845841	16.19958920330721
7302	COLD	4.835129209666482	14.028001676661383
7302	SOUR	7.3898606694015845	17.172727966648203
7302	BURNT	8.990209209675683	18.066268559217818
7302	ACID	6.889913337571275	15.477719222975617
7302	WARM	7.557007341761706	19.218038664463567
7302	MUSKY	7.320890805526542	17.751587504219827
7302	SWEATY	2.5665905746254163	9.726341443468671
7302	AMMONIA/URINOUS	4.9120464380830455	14.555111180344264
7302	DECAYED	3.5799889946688914	12.65346017040652
7302	WOOD	3.9248052628238335	13.56645896090621
7302	GRASS	2.9412153097598384	10.587022173464895
7302	FLOWER	3.6563497919427155	12.838377837385073
7302	CHEMICAL	16.91182646867415	25.244898628597575
7476	INTENSITY/STRENGTH	40.463465986637566	27.648854960022614
7476	VALENCE/PLEASANTNESS	59.64913832122252	24.114225873386975
7476	BAKERY	6.190189430507081	15.008923871247664
7476	SWEET	26.25011990044977	30.84790303308997
7476	FRUIT	8.346067230288005	19.474515396784117
7476	FISH	0.5257095742438452	1.674158568978388
7476	GARLIC	1.1992553057490145	5.659591500799141
7476	SPICES	6.634299645593197	16.21252587789545
7476	COLD	5.915722202455326	18.3271663729151
7476	SOUR	5.217342911731612	13.68872242471892
7476	BURNT	2.9883835362840365	9.79745861815308
7476	ACID	4.6517685055732505	13.368871904832957
7476	WARM	7.600183987146441	19.39273105595452
7476	MUSKY	6.454976462059445	14.897732767249728
7476	SWEATY	1.8948493479928201	5.3543758127645775
7476	AMMONIA/URINOUS	3.7055535782128417	10.844645828230165
7476	DECAYED	1.8539537256583536	8.699274005205902
7476	WOOD	2.1443805626373456	10.113391230607222
7476	GRASS	3.7228047208663795	12.610755241412706
7476	FLOWER	13.029919149435086	25.65028587681029
7476	CHEMICAL	14.788346159066423	24.683871729648097
7559	INTENSITY/STRENGTH	41.4862790778496	29.542275419041868
7559	VALENCE/PLEASANTNESS	53.16068087454046	25.62355560980265
7559	BAKERY	2.9061403817250464	9.885972462276026
7559	SWEET	24.671824592406235	29.399369014688098
7559	FRUIT	12.803820445059852	25.352092309424528
7559	FISH	0.5746690646991506	3.0657409366631563
7559	GARLIC	1.4829776159050305	6.021758403590104
7559	SPICES	4.42110425140204	13.69589037744871
7559	COLD	6.650574553464657	18.762436428101758
7559	SOUR	8.693328171752476	18.357977386269727
7559	BURNT	2.817894216702902	10.769266418288993
7559	ACID	8.2681143922465	17.784824237621255
7559	WARM	5.641799400008543	16.631624322322438
7559	MUSKY	6.298385821975247	15.757221465431067
7559	SWEATY	2.578498138491757	8.830865663213764
7559	AMMONIA/URINOUS	5.765359040349714	15.860467419513904
7559	DECAYED	2.9531219767938497	11.619994404220101
7559	WOOD	1.1444181563881013	7.094754974722518
7559	GRASS	3.281257002967286	10.746487097730746
7559	FLOWER	11.869970836069248	24.223307030690705
7559	CHEMICAL	22.063986426051155	30.46562230269055
7657	INTENSITY/STRENGTH	37.82775793852333	26.109621762039648
7657	VALENCE/PLEASANTNESS	39.390868274394926	23.785015858544217
7657	BAKERY	1.2717322939185827	6.139373800098115
7657	SWEET	8.862143385283437	17.479449233473343
7657	FRUIT	3.526560401988329	11.152659938398271
7657	FISH	2.12307691426896	6.740878498948202
7657	GARLIC	2.977746986105593	9.411380747404264
7657	SPICES	5.575019949146063	14.036899865011947
7657	COLD	4.853737377129897	15.358575891661058
7657	SOUR	10.074489593073935	20.374763710511708
7657	BURNT	5.6819087011473215	15.668305174132291
7657	ACID	9.105975925922376	18.83274858551791
7657	WARM	4.97511675673051	15.48399250386442
7657	MUSKY	10.1647011649037	20.796477779797222
7657	SWEATY	4.909818210594704	12.762098260558048
7657	AMMONIA/URINOUS	7.750333681702613	19.20139296605047
7657	DECAYED	4.257048900970903	13.879005463262848
7657	WOOD	2.829044174087971	11.414852049463848
7657	GRASS	5.28062391026603	15.041725194647512
7657	FLOWER	6.312375815990163	16.526323168383623
7657	CHEMICAL	21.560005060813246	29.50095914599041
7770	INTENSITY/STRENGTH	43.27497178637597	29.563829240473147
7770	VALENCE/PLEASANTNESS	53.363009011106804	25.31093175584767
7770	BAKERY	5.8526343711422175	14.496563410730001
7770	SWEET	32.11043980473078	31.798627448952804
7770	FRUIT	18.47672194747072	28.70725661036439
7770	FISH	0.5509404539156032	3.8615217160154165
7770	GARLIC	2.138719194340161	7.934472392307852
7770	SPICES	4.368954054282309	13.648167671696173
7770	COLD	4.6958070283554605	15.469507367003393
7770	SOUR	11.274325664276661	21.879090653697347
7770	BURNT	2.7535051226007345	9.49538705080817
7770	ACID	6.6242969994034	15.02713733893633
7770	WARM	6.5001338055430855	18.10198089182717
7770	MUSKY	7.20853273869392	15.836153142293163
7770	SWEATY	4.0277773402409265	11.206073395119082
7770	AMMONIA/URINOUS	4.601044271141286	13.524123612602555
7770	DECAYED	4.973834402792677	15.787672060754279
7770	WOOD	0.0896268428110451	3.0199670453036314
7770	GRASS	1.4598437235314576	6.429624291428837
7770	FLOWER	7.615933385232191	17.85557724004464
7770	CHEMICAL	16.296215892747014	26.178499034673813
7793	INTENSITY/STRENGTH	39.25071809460395	27.335970740287806
7793	VALENCE/PLEASANTNESS	53.439311755668186	25.502282894189854
7793	BAKERY	2.4765311636222744	7.539639830017706
7793	SWEET	19.604556004055343	26.67400768200054
7793	FRUIT	9.924198627203461	20.26644610691812
7793	FISH	0.567412303936139	1.5728188126604294
7793	GARLIC	1.7242664200130604	7.301803213445173
7793	SPICES	4.095729843675682	12.151049572524489
7793	COLD	6.267184452308509	17.217178435337747
7793	SOUR	7.763067383157145	17.577282643329387
7793	BURNT	3.33948516313516	12.713865013821053
7793	ACID	7.269104410495075	16.08526186642688
7793	WARM	5.543752887056937	15.714851660183468
7793	MUSKY	7.22202436599619	17.341030406417072
7793	SWEATY	3.5580388792524342	10.515951060108057
7793	AMMONIA/URINOUS	6.190014181658621	16.733475703669352
7793	DECAYED	2.961136633696549	9.636919013554914
7793	WOOD	2.076524596216026	10.012478052773675
7793	GRASS	4.704404124608308	15.28744730927375
7793	FLOWER	14.400348450178669	25.870952681070836
7793	CHEMICAL	20.84439507744567	29.023086363149538
7797	INTENSITY/STRENGTH	46.69272968364174	28.38373257337555
7797	VALENCE/PLEASANTNESS	67.19075202440656	24.16574648214267
7797	BAKERY	5.868771085215542	16.422221250619195
7797	SWEET	41.21500832440277	34.62641783376825
7797	FRUIT	26.780095053369656	35.0944749502041
7797	FISH	-0.3039248006016298	0.909315090411594
7797	GARLIC	0.6444860343183335	4.612545496991488
7797	SPICES	5.542476355252274	15.724068377835039
7797	COLD	5.3938680573559346	17.43694718112671
7797	SOUR	6.887842952248698	16.87194045429556
7797	BURNT	1.7362695447340275	7.409934242192444
7797	ACID	4.037846717983475	11.102352965118628
7797	WARM	7.049446492390782	18.57239043931959
7797	MUSKY	3.441371784640039	9.921946148735024
7797	SWEATY	1.4338953531114265	5.791960032301032
7797	AMMONIA/URINOUS	1.571684424765395	5.937491519632774
7797	DECAYED	2.676962755670347	11.136863451518318
7797	WOOD	0.8950791663813227	5.386630995807736
7797	GRASS	5.078868084303702	13.581884385038885
7797	FLOWER	12.28753732468771	23.02079446854594
7797	CHEMICAL	10.426962921412876	21.938045368064294
8025	INTENSITY/STRENGTH	28.318354465132497	26.619226749812732
8025	VALENCE/PLEASANTNESS	35.2548265737097	23.10361634309645
8025	BAKERY	2.2928151488190465	6.93285393927714
8025	SWEET	7.462793566309155	16.431558821166078
8025	FRUIT	2.635485002929716	10.134418323240403
8025	FISH	2.121935663659867	7.967770984355807
8025	GARLIC	4.904072100029987	13.06002887005804
8025	SPICES	5.003877619690614	12.153180512886058
8025	COLD	4.919258020622736	14.446988752948577
8025	SOUR	12.365492417791344	22.55483439680629
8025	BURNT	4.363205762085834	13.231679426195955
8025	ACID	10.517997933285576	20.93004626881012
8025	WARM	4.487677523430357	14.24062888924052
8025	MUSKY	9.84849378992452	19.83421214149163
8025	SWEATY	5.8320020303307505	13.626641778841087
8025	AMMONIA/URINOUS	8.22439746186137	19.83771795927524
8025	DECAYED	6.533885749189961	16.756648526343795
8025	WOOD	1.9873243282513648	9.154877791148927
8025	GRASS	2.007081276985872	8.745586042395056
8025	FLOWER	2.652682332726913	10.48249107152278
8025	CHEMICAL	24.018243894913365	30.975320302493223
8049	INTENSITY/STRENGTH	21.51597827290648	24.722866580249374
8049	VALENCE/PLEASANTNESS	52.13387706763321	23.311028194282212
8049	BAKERY	4.630801830293558	11.386686399944745
8049	SWEET	22.18239165185793	24.749689359788512
8049	FRUIT	11.249805006991924	19.119962342986035
8049	FISH	0.21487943329890377	3.149401679428447
8049	GARLIC	2.409270226908988	9.454417252631478
8049	SPICES	4.563740836258382	13.337380430580472
8049	COLD	4.770046980752883	15.177206054088963
8049	SOUR	8.588519329826019	19.545154098958843
8049	BURNT	4.356364137055904	11.651778777243166
8049	ACID	5.747386227760975	13.845434877612742
8049	WARM	6.179023993413861	16.384495491450156
8049	MUSKY	7.425450864232577	16.8427049402779
8049	SWEATY	3.5018084172735895	10.431115617760778
8049	AMMONIA/URINOUS	3.600363168865424	11.10690994822237
8049	DECAYED	3.3232896901400735	11.646124235171403
8049	WOOD	2.977400005037514	9.996403484993571
8049	GRASS	2.610352105119752	9.104335106778743
8049	FLOWER	7.723473366511875	17.512104843062023
8049	CHEMICAL	13.134970304923373	24.423103319789682
8094	INTENSITY/STRENGTH	46.5089240492954	27.277357422190686
8094	VALENCE/PLEASANTNESS	29.56944454632309	20.979488548025234
8094	BAKERY	1.5777460996763593	5.567109797184675
8094	SWEET	5.458006444288054	11.617875415163988
8094	FRUIT	4.275183197656579	10.170468053038219
8094	FISH	2.5003304625762266	8.291491650593695
8094	GARLIC	3.268849556893514	10.794207108496547
8094	SPICES	4.414132936270356	11.732354815231854
8094	COLD	4.129654789196845	12.764215728134362
8094	SOUR	18.056898618922947	28.573149819765135
8094	BURNT	7.253101867680619	17.421795445772666
8094	ACID	7.963871742997851	17.74662188776902
8094	WARM	7.12477283021237	18.59248357772144
8094	MUSKY	16.906457081967456	27.826015817388985
8094	SWEATY	11.253600354705526	22.418053547876205
8094	AMMONIA/URINOUS	7.350854601711026	16.838910123731093
8094	DECAYED	11.894039816356093	21.949392002587732
8094	WOOD	4.761882191496746	15.65836469152791
8094	GRASS	3.5197657705371297	10.33990842544688
8094	FLOWER	1.7254849358097244	7.463134725009047
8094	CHEMICAL	17.449891880725097	26.578737583596368
8419	INTENSITY/STRENGTH	46.311238559793765	28.505629163654334
8419	VALENCE/PLEASANTNESS	63.82422849149442	22.729696671619386
8419	BAKERY	16.837369299043605	24.18438663258041
8419	SWEET	35.08035483421884	30.86661058020326
8419	FRUIT	7.52340509741625	17.786678130993955
8419	FISH	0.19391669798357664	1.047915463181225
8419	GARLIC	1.029821304161509	4.921760331046974
8419	SPICES	9.462074269122926	19.77932372382458
8419	COLD	4.657147859606023	16.373252646640065
8419	SOUR	4.202472741852494	11.880505197898714
8419	BURNT	6.191354463903231	14.869074446279935
8419	ACID	4.7693306846278	12.504360380119499
8419	WARM	11.05837538938029	22.608283027321953
8419	MUSKY	4.354686673010617	11.20744385363851
8419	SWEATY	1.2322559765916739	3.15348424123123
8419	AMMONIA/URINOUS	3.008612435311077	8.949845853910196
8419	DECAYED	2.022723165448817	6.437771054969419
8419	WOOD	2.736545143534938	11.017975879338003
8419	GRASS	2.4913689989758305	9.056641499607252
8419	FLOWER	9.420393569313939	20.57705904762953
8419	CHEMICAL	13.315055835721717	22.472701137320467
8438	INTENSITY/STRENGTH	41.10926185561338	27.68743730894972
8438	VALENCE/PLEASANTNESS	56.98690778909301	24.307701631749616
8438	BAKERY	10.33319959909538	20.3361017150632
8438	SWEET	27.23865785098723	30.594989423272033
8438	FRUIT	7.690781223405644	18.82213455289393
8438	FISH	0.33684177635559687	1.5437773034250606
8438	GARLIC	1.397459814539216	6.412714214513769
8438	SPICES	8.17914779878155	18.143554486538164
8438	COLD	4.920491247761	16.76816227175083
8438	SOUR	5.209586827790139	13.10702393158926
8438	BURNT	5.2208685938801	13.529952584105162
8438	ACID	5.1343662398202	13.433259745146527
8438	WARM	8.549235734352587	20.152443885360423
8438	MUSKY	5.826564655758693	14.582872920114482
8438	SWEATY	1.6994198173051598	5.468816140850021
8438	AMMONIA/URINOUS	3.6622660811990424	10.38618884209183
8438	DECAYED	2.0237159536086886	9.043684141536977
8438	WOOD	2.864700077269917	11.203521158336127
8438	GRASS	2.622829290465524	9.953224268738806
8438	FLOWER	9.12368707067291	20.571820700795776
8438	CHEMICAL	15.522213271730669	24.59524350886343
8468	INTENSITY/STRENGTH	20.43875795659275	24.883289007359608
8468	VALENCE/PLEASANTNESS	49.41436585190623	23.605796190455973
8468	BAKERY	6.527473380545668	15.598035481988505
8468	SWEET	15.476543538113813	22.741881863358937
8468	FRUIT	3.6323545895124414	10.977934745238782
8468	FISH	0.2590201288393628	2.336317181334492
8468	GARLIC	2.6569583348888015	9.739229031244957
8468	SPICES	9.044022306582061	18.722086177026938
8468	COLD	5.114707965892518	15.151295973146123
8468	SOUR	6.430481752639083	16.30536302501495
8468	BURNT	7.23767837699575	17.432600276998294
8468	ACID	6.4185285674674	14.791128938161888
8468	WARM	7.4484265946689625	18.33294911663192
8468	MUSKY	6.93677258562652	15.601232841610823
8468	SWEATY	2.2221533115398784	7.602069176750228
8468	AMMONIA/URINOUS	4.133179346099485	12.55583280636252
8468	DECAYED	2.5843202154750395	9.88745433318521
8468	WOOD	4.429724235576363	14.583160059004186
8468	GRASS	3.3604718188968965	10.258184281819238
8468	FLOWER	5.045902685302738	14.5619554938839
8468	CHEMICAL	15.744033856055548	24.001337853818256
8815	INTENSITY/STRENGTH	37.14795809280417	25.456248921406893
8815	VALENCE/PLEASANTNESS	43.67161907048432	23.016088785460994
8815	BAKERY	4.4663853411842664	11.69259742945965
8815	SWEET	10.817158672947235	18.129831827108067
8815	FRUIT	4.717107390004269	11.794931130236488
8815	FISH	1.8433855280370683	6.479584203400876
8815	GARLIC	5.086142809217418	10.284962207169587
8815	SPICES	10.258697045351367	20.267855533765108
8815	COLD	4.549260920581581	13.96477981356884
8815	SOUR	8.281853635612213	18.021074619070127
8815	BURNT	6.607267007839914	16.657882144288017
8815	ACID	6.7196921578475255	14.73682876273349
8815	WARM	6.20528110780251	16.64982851319311
8815	MUSKY	8.173027723064601	17.074640434506723
8815	SWEATY	3.499753110199449	9.396684592043567
8815	AMMONIA/URINOUS	4.506480146199463	12.315084132889584
8815	DECAYED	3.988601118658782	12.492643298760429
8815	WOOD	4.097715171580748	13.592791670423125
8815	GRASS	4.89195453805952	13.739468191993478
8815	FLOWER	4.185324186054236	12.677369025232753
8815	CHEMICAL	15.45886029043789	23.94082703542621
8878	INTENSITY/STRENGTH	39.56510631805251	27.97322249166844
8878	VALENCE/PLEASANTNESS	60.25564598580474	24.371110655370302
8878	BAKERY	6.116300165019113	14.791796172636714
8878	SWEET	35.419782131095005	31.94211868006734
8878	FRUIT	20.808894581148884	30.917845214222442
8878	FISH	0.21492420910860377	2.211364430441107
8878	GARLIC	1.1814004053365224	6.198796931496253
8878	SPICES	5.379656713121277	14.98352458171702
8878	COLD	4.935686223708502	16.148622744322324
8878	SOUR	9.503353042570454	19.52243029035039
8878	BURNT	2.231503215067208	8.894787577859377
8878	ACID	4.321666540844101	11.94410132176108
8878	WARM	7.186311681219856	18.5365407470771
8878	MUSKY	6.078289782123362	14.313406171999262
8878	SWEATY	3.281709922455406	8.242523047862447
8878	AMMONIA/URINOUS	2.209451381117093	8.206496609415286
8878	DECAYED	4.045041619933074	12.790145870819515
8878	WOOD	1.4712936696175436	6.328467002182584
8878	GRASS	3.010026311721669	9.147156089338129
8878	FLOWER	9.563526125057862	19.922940010661538
8878	CHEMICAL	10.703482160280837	22.551467175155008
9012	INTENSITY/STRENGTH	52.06052793497242	25.987446396781944
9012	VALENCE/PLEASANTNESS	23.68716090425405	22.08151064959377
9012	BAKERY	2.2558452037805306	9.341306637741818
9012	SWEET	1.278795524299273	6.556838185547163
9012	FRUIT	1.1408610776350239	2.78040619211146
9012	FISH	6.184260235776641	15.987296808014449
9012	GARLIC	11.30381146813119	21.502890359069582
9012	SPICES	7.671423970588473	18.250950921234246
9012	COLD	2.444192824054381	9.02555761632739
9012	SOUR	13.499563377312008	26.553267205403763
9012	BURNT	15.574631936696104	27.323089224265757
9012	ACID	8.999601858002801	19.90906602016091
9012	WARM	7.573893236353029	20.383947610814225
9012	MUSKY	13.477475197837324	25.774108251477113
9012	SWEATY	7.026849074422235	19.51768119764652
9012	AMMONIA/URINOUS	8.966029182076444	21.092478584198947
9012	DECAYED	11.928499249209242	24.047905896908183
9012	WOOD	3.664278621315596	14.14942908482462
9012	GRASS	3.410309437731769	10.9963852147826
9012	FLOWER	1.774960778572624	5.767509552492321
9012	CHEMICAL	17.047775568583134	27.449757994825493
10886	INTENSITY/STRENGTH	34.71503067563989	27.813950045145386
10886	VALENCE/PLEASANTNESS	55.083063184082704	24.253918212991348
10886	BAKERY	3.86407954540201	11.384084856571873
10886	SWEET	28.517314585508867	28.799039462716618
10886	FRUIT	18.307015233927103	27.837933489525124
10886	FISH	0.5277457811209968	3.2967648535480203
10886	GARLIC	1.558732956784352	7.796036897363391
10886	SPICES	4.480981392596942	13.80569512780572
10886	COLD	4.724415147095995	15.70226971882774
10886	SOUR	9.854092100006575	20.28851461682619
10886	BURNT	3.2336711661547852	9.925686917919627
10886	ACID	5.22404738834925	13.03114010989878
10886	WARM	6.240505721250205	17.470124909230627
10886	MUSKY	6.624239764419759	14.844520918437441
10886	SWEATY	3.7574326722616505	10.414010829825013
10886	AMMONIA/URINOUS	3.292969592846924	10.442482103587423
10886	DECAYED	4.315490877488616	13.41597315706757
10886	WOOD	1.4188354802331382	7.003578835594162
10886	GRASS	4.820719310400627	12.391018931858309
10886	FLOWER	10.216760618531168	20.876895183472012
10886	CHEMICAL	12.042223206415748	23.22681004341245
11567	INTENSITY/STRENGTH	42.50531449097231	27.41686280291853
11567	VALENCE/PLEASANTNESS	41.65170674977526	24.768149633152017
11567	BAKERY	3.084961258961977	7.7578588857820865
11567	SWEET	9.189373424622055	18.990323540180732
11567	FRUIT	2.8842719349217205	11.509049905594283
11567	FISH	0.3150526696029096	2.9933771780746867
11567	GARLIC	1.2929095163977131	7.089654683163947
11567	SPICES	6.714608072234763	14.86013962034223
11567	COLD	7.8949212303314384	19.24159934405492
11567	SOUR	7.420368901907014	17.27635442152712
11567	BURNT	6.549072862887852	15.792328438619162
11567	ACID	12.799192752156927	23.041733717850274
11567	WARM	5.817335927196539	16.88642353937966
11567	MUSKY	6.393060830374682	16.55241901441662
11567	SWEATY	1.7717577568587974	7.890026567065435
11567	AMMONIA/URINOUS	9.869563885033113	21.375979007953646
11567	DECAYED	3.218969437958902	13.16158580683769
11567	WOOD	3.913999494414979	13.336960677033687
11567	GRASS	3.7442495332371197	11.995454368465246
11567	FLOWER	3.4463245556082263	11.054930669452233
11567	CHEMICAL	37.1430575510604	36.08399243549617
12020	INTENSITY/STRENGTH	38.40209922889577	27.18806966305572
12020	VALENCE/PLEASANTNESS	32.551698195345075	23.049654072259496
12020	BAKERY	1.8850789866990423	4.985981700347147
12020	SWEET	5.589445729725761	13.705737575251083
12020	FRUIT	2.238276060624329	9.854891579856881
12020	FISH	2.033356002512127	7.98319477230083
12020	GARLIC	3.757836564818416	11.340649007451942
12020	SPICES	6.0229183993649205	14.259364505731188
12020	COLD	5.407921149066859	15.671564822874428
12020	SOUR	11.33176431976117	22.348358203210445
12020	BURNT	5.498479346839744	15.480440328767417
12020	ACID	12.706764148814326	22.728766843054952
12020	WARM	4.3072315910123375	14.161712649331767
12020	MUSKY	9.208271159693599	20.132974310053214
12020	SWEATY	5.344945604114655	14.137824323426265
12020	AMMONIA/URINOUS	10.019385579973445	22.46206283251659
12020	DECAYED	6.336974665589089	17.276646208649474
12020	WOOD	1.8992829374947227	9.228895519457174
12020	GRASS	3.147262217280271	10.196749937680893
12020	FLOWER	1.6078418229261089	8.32721285027519
12020	CHEMICAL	28.95534040773762	32.44641173031498
12265	INTENSITY/STRENGTH	31.689913413919047	25.853161760276404
12265	VALENCE/PLEASANTNESS	32.414273647695204	22.972862429114368
12265	BAKERY	1.714068164890391	5.730739534332597
12265	SWEET	4.4767722514171995	13.619175444677445
12265	FRUIT	1.1908905222204302	7.905695779577677
12265	FISH	2.169226416836736	8.068581831400031
12265	GARLIC	3.253698282929669	11.234429233063295
12265	SPICES	5.004921083512872	12.453155666441171
12265	COLD	5.150346431544487	14.934698351932562
12265	SOUR	9.947547911888048	21.434824018079883
12265	BURNT	7.003216176312764	17.43179620063842
12265	ACID	13.103901594877225	23.614581296869677
12265	WARM	4.47082199387275	14.820811485944473
12265	MUSKY	9.344470952727091	20.283377381364144
12265	SWEATY	4.7951469339785096	13.33484961656924
12265	AMMONIA/URINOUS	10.943060532212254	23.585616386734642
12265	DECAYED	6.043713393820675	16.836541124248697
12265	WOOD	2.791660834462223	11.246624992349929
12265	GRASS	3.4613636581932634	10.729304033092374
12265	FLOWER	1.597295347196238	8.20656413526899
12265	CHEMICAL	30.72264775368995	33.77418048849105
12377	INTENSITY/STRENGTH	47.129757849276885	25.153532282208253
12377	VALENCE/PLEASANTNESS	30.286598594253395	22.100242525875366
12377	BAKERY	2.381162370020072	7.322639449311134
12377	SWEET	5.483195374937756	7.596542032176159
12377	FRUIT	2.0715283534231603	4.103311130968923
12377	FISH	7.2930518458498135	15.740487473378654
12377	GARLIC	17.444325234200235	24.171242992321897
12377	SPICES	10.745258913874993	21.46017702274292
12377	COLD	2.039377189238633	9.684142918227677
12377	SOUR	14.042316147536965	25.451252627221447
12377	BURNT	6.7860053659093476	18.380124247627542
12377	ACID	7.849774083920876	16.88470974132632
12377	WARM	6.544851098922973	18.872412092985403
12377	MUSKY	11.104479680422479	21.122233978510845
12377	SWEATY	5.690974197793919	17.416046340225293
12377	AMMONIA/URINOUS	5.853098362684231	13.538538177225703
12377	DECAYED	12.454840747772565	24.557885797756054
12377	WOOD	3.080262255477479	11.883799164547245
12377	GRASS	3.054016115363703	10.963512549867145
12377	FLOWER	4.3223355624662485	9.28171854251821
12377	CHEMICAL	13.919944127555404	24.709508122035416
15654	INTENSITY/STRENGTH	25.099549281657904	24.707575056113992
15654	VALENCE/PLEASANTNESS	39.814551452055866	22.850496626666423
15654	BAKERY	5.879540430806466	15.88448475625639
15654	SWEET	9.55137385640821	18.415563264308005
15654	FRUIT	1.7376187989781997	6.856398523195247
15654	FISH	2.2270303378079785	7.34875545383955
15654	GARLIC	4.778205801998158	14.66401697892077
15654	SPICES	7.459774000433964	16.45451021219514
15654	COLD	3.412350032663193	10.077002809130825
15654	SOUR	9.453021653413016	19.870950200268005
15654	BURNT	9.422195763612242	19.991610787539205
15654	ACID	5.2838132317577005	13.375833391811147
15654	WARM	7.334350950812118	19.31710628453661
15654	MUSKY	10.973311226598646	22.86516379858202
15654	SWEATY	4.77496336036849	14.413218760378568
15654	AMMONIA/URINOUS	5.4581642672419415	14.597292770066188
15654	DECAYED	6.07106496413637	15.641675901412505
15654	WOOD	4.594864272254544	15.506488511350268
15654	GRASS	3.7127209900883904	11.0779013722584
15654	FLOWER	3.0105715849153083	10.835208880303895
15654	CHEMICAL	11.719832999333693	20.84058935443589
16537	INTENSITY/STRENGTH	31.068273539315452	26.1249130157822
16537	VALENCE/PLEASANTNESS	56.65107994883674	23.588715460258943
16537	BAKERY	2.8230491624889877	10.974727305882103
16537	SWEET	23.649340431559715	26.79222437491796
16537	FRUIT	14.336026436095121	24.897267177262826
16537	FISH	0.3048071281072846	2.2477454865550155
16537	GARLIC	2.4010194117229253	8.437214975463265
16537	SPICES	6.16215140986178	15.77445514104381
16537	COLD	6.938120597305513	19.241091211766314
16537	SOUR	8.926660018893976	18.485880911523996
16537	BURNT	3.402800208071622	10.2651050707585
16537	ACID	6.183659657835951	14.128892462051342
16537	WARM	5.95562965665181	16.702024457120885
16537	MUSKY	5.773709468128089	13.43254581709891
16537	SWEATY	3.0419495789378366	8.663034406757784
16537	AMMONIA/URINOUS	3.0498850205913044	9.666538548476213
16537	DECAYED	3.1694905508109663	9.845771895180315
16537	WOOD	2.5526930943522315	9.417488940638098
16537	GRASS	6.451965393209303	16.270366800363906
16537	FLOWER	10.90077958158824	21.21782449372837
16537	CHEMICAL	11.927423622103637	24.06509559417281
17898	INTENSITY/STRENGTH	50.879256319634685	26.007465468668673
17898	VALENCE/PLEASANTNESS	33.46497352514881	24.22611981019691
17898	BAKERY	5.699120458204113	14.84605267628983
17898	SWEET	6.692749955371455	18.355631245819183
17898	FRUIT	1.1180553102552464	6.97420393047298
17898	FISH	1.8688624342591944	6.678386602869273
17898	GARLIC	2.77864247062711	10.296680216509518
17898	SPICES	6.130530142445952	14.086942100594595
17898	COLD	3.6545112331128937	11.679433922378017
17898	SOUR	10.549857654433312	21.38966157201426
17898	BURNT	12.380961668734644	23.35897830143915
17898	ACID	9.016898593732275	18.667310564051782
17898	WARM	7.640716442040026	19.36061288107463
17898	MUSKY	11.525848398314533	23.457018704140793
17898	SWEATY	4.996374090468225	14.605197624631465
17898	AMMONIA/URINOUS	7.709833923727261	18.139596144663237
17898	DECAYED	6.801191086082569	17.76600671062857
17898	WOOD	6.99509300269815	20.04686655405926
17898	GRASS	4.469163917143865	12.758106434935716
17898	FLOWER	1.5446090565427382	7.820057474372737
17898	CHEMICAL	20.892748159391534	27.59713238466636
18467	INTENSITY/STRENGTH	35.53022293898524	24.75665432401019
18467	VALENCE/PLEASANTNESS	37.26961647918051	23.60562579690867
18467	BAKERY	5.438642851396891	14.122834519429285
18467	SWEET	7.981567131304421	18.105764561133
18467	FRUIT	1.3975367918766992	6.768291430638467
18467	FISH	1.8283234495884584	6.35061831862912
18467	GARLIC	3.7113883793841267	11.977698827806526
18467	SPICES	6.376999291827393	14.529122398999537
18467	COLD	3.878553348362609	11.915021110632738
18467	SOUR	8.613668152079049	19.175406164521547
18467	BURNT	10.421103049297695	21.05152547095479
18467	ACID	7.9076609441212	17.005338347294494
18467	WARM	7.072995498731136	18.565473960392787
18467	MUSKY	10.069181805959847	21.22301136084605
18467	SWEATY	3.942913137975014	12.649255629242624
18467	AMMONIA/URINOUS	6.661119073629374	16.76701162629602
18467	DECAYED	5.545098913301285	15.48476628084643
18467	WOOD	5.172562764485097	16.543123961126184
18467	GRASS	3.576980339351641	11.068224632129446
18467	FLOWER	2.2000839286686014	9.630784106446221
18467	CHEMICAL	18.720391864504094	26.076535282562435
21363	INTENSITY/STRENGTH	28.46703342950031	26.57049872216641
21363	VALENCE/PLEASANTNESS	28.798089283796795	22.15160649893595
21363	BAKERY	1.3139275099776293	4.438861833851643
21363	SWEET	4.2395978156691765	11.350742397436512
21363	FRUIT	2.3152046731773543	7.625111023135855
21363	FISH	2.575002417625065	7.852720989156449
21363	GARLIC	3.6798212743817427	11.40978948542536
21363	SPICES	3.3733178793792673	11.035291306254663
21363	COLD	4.0372758058521425	12.840204761266762
21363	SOUR	20.655726872862736	30.928807479046174
21363	BURNT	5.240384221076949	15.724252090868964
21363	ACID	7.859599058117175	17.108638101373376
21363	WARM	5.932894089301661	17.751524028996034
21363	MUSKY	20.413687710765192	32.84105998018519
21363	SWEATY	14.972036360718647	28.714895624908067
21363	AMMONIA/URINOUS	9.759258493781076	22.410904499406566
21363	DECAYED	13.384148856358845	25.604165932125106
21363	WOOD	3.1711653863288762	12.538440886507653
21363	GRASS	2.6024217823786215	8.346912624438996
21363	FLOWER	2.427132521148586	7.986665814953984
21363	CHEMICAL	15.56562484067249	25.551663431474132
27440	INTENSITY/STRENGTH	47.021738601061	26.674548035544674
27440	VALENCE/PLEASANTNESS	30.31999081861989	23.57095947429371
27440	BAKERY	3.3506881102104176	10.770635853565585
27440	SWEET	4.665197357852346	14.70262951217722
27440	FRUIT	1.5757313933125139	7.407475969480879
27440	FISH	3.5925666719538993	10.632271388526888
27440	GARLIC	5.265080039536067	13.706626145622534
27440	SPICES	6.403319891364761	14.722226916555933
27440	COLD	3.3469477313252862	11.108028155499932
27440	SOUR	11.940260289556965	23.35969006086723
27440	BURNT	11.309167382060252	22.45941677105783
27440	ACID	9.775398884500776	20.10959550403269
27440	WARM	6.677638146290283	18.62118813819201
27440	MUSKY	12.25790384611107	23.27437041057497
27440	SWEATY	5.693518045979237	15.586536098572559
27440	AMMONIA/URINOUS	8.619510374963271	20.22228341936226
27440	DECAYED	8.450199905782926	20.162904738917124
27440	WOOD	5.502608914156337	17.328207397366274
27440	GRASS	6.553086239497456	17.351296691922304
27440	FLOWER	2.015678001486708	8.47120352225698
27440	CHEMICAL	21.508196321048853	29.4381927595445
31219	INTENSITY/STRENGTH	42.40254335092384	28.62488888332733
31219	VALENCE/PLEASANTNESS	55.53244147046624	24.871935812882754
31219	BAKERY	3.1681350336656307	10.635579234843139
31219	SWEET	26.63756120911481	29.66766495828471
31219	FRUIT	14.72096186045405	26.80310220796953
31219	FISH	0.30585065339675854	1.9209844237862532
31219	GARLIC	1.2159757845282173	5.104270482874219
31219	SPICES	4.867250951525287	13.887283676791188
31219	COLD	5.987204704270758	18.55727171047953
31219	SOUR	8.186051255736047	17.257501060846394
31219	BURNT	2.777955577385662	10.05066768084113
31219	ACID	7.5084220085825	16.445721199774294
31219	WARM	5.67714878690278	16.387221799135208
31219	MUSKY	5.543601379862846	14.096233391461814
31219	SWEATY	2.6920052637745164	7.891027843656159
31219	AMMONIA/URINOUS	4.4229072667658205	12.93912225313331
31219	DECAYED	3.2862888692345917	11.325158141441758
31219	WOOD	1.5595023867839715	7.707257512879703
31219	GRASS	3.275640256749161	10.443693345634061
31219	FLOWER	12.070350895109383	23.992330270592934
31219	CHEMICAL	19.769296643180468	28.79229008335385
31276	INTENSITY/STRENGTH	38.87352878480885	29.987112948542773
31276	VALENCE/PLEASANTNESS	53.65197605849549	25.641086374631797
31276	BAKERY	4.601504339816715	12.583708216458529
31276	SWEET	29.724148987817877	31.736479469496857
31276	FRUIT	16.36992921481087	28.036163941596445
31276	FISH	0.1788331901988564	2.744910856297726
31276	GARLIC	1.9601251919184908	6.777222158497442
31276	SPICES	4.0603363137265065	13.233646733093442
31276	COLD	5.657935527079986	17.42198286748359
31276	SOUR	9.71345805177776	20.025334902827975
31276	BURNT	1.9508219751319997	8.427150874040231
31276	ACID	8.922538693462101	18.984225551126254
31276	WARM	5.541402239205258	16.919364918429494
31276	MUSKY	4.661603018811169	12.817034045919403
31276	SWEATY	1.9682403096175107	7.855364514410796
31276	AMMONIA/URINOUS	5.5077714733779315	15.288660503236532
31276	DECAYED	4.014929356718681	13.722176082165097
31276	WOOD	0.45612719952625314	3.590891184338403
31276	GRASS	1.8552619340071683	7.707109744893847
31276	FLOWER	7.072010082395164	19.001022942748488
31276	CHEMICAL	23.447709163427326	30.53331329956564
31283	INTENSITY/STRENGTH	19.416913279682483	23.82614751836089
31283	VALENCE/PLEASANTNESS	49.92026576616447	22.603233984604937
31283	BAKERY	4.085375235979301	10.676272421626498
31283	SWEET	18.199570841521073	20.753638146301306
31283	FRUIT	7.466712843619805	14.146636148653695
31283	FISH	0.484833410745724	4.504173771940415
31283	GARLIC	3.415300115473985	11.064042890217015
31283	SPICES	4.521817725383887	13.643620293056891
31283	COLD	4.743696885188867	14.027935189337528
31283	SOUR	8.48349341191734	19.09194414128008
31283	BURNT	6.390440493213862	14.578899397770556
31283	ACID	5.5628326322351	13.747262476510231
31283	WARM	6.940112071740224	17.636651050642538
31283	MUSKY	8.8822362044006	19.456079912423867
31283	SWEATY	4.174175047470873	11.963988490830538
31283	AMMONIA/URINOUS	3.5886419154703457	11.25672917494307
31283	DECAYED	4.255222462982453	12.494003974287498
31283	WOOD	4.1986532244320784	13.102047680144173
31283	GRASS	2.333185504427784	8.906117181850217
31283	FLOWER	8.060318825361504	16.45269452150832
31283	CHEMICAL	12.08510987126824	24.160430959127627
60998	INTENSITY/STRENGTH	28.68683123301828	27.493414520290454
60998	VALENCE/PLEASANTNESS	44.17193573895597	25.264881676768592
60998	BAKERY	2.8122346993750487	7.742977935055323
60998	SWEET	13.98547332708954	22.605719397007277
60998	FRUIT	5.032786290741594	14.201315908422709
60998	FISH	1.613778492866087	5.679681803079499
60998	GARLIC	2.52287376062505	9.794410774261804
60998	SPICES	4.632112065293106	12.576268399521283
60998	COLD	4.138360970743185	12.858669136771722
60998	SOUR	11.949519033048198	22.623192241332703
60998	BURNT	4.696888200482543	14.359995652167788
60998	ACID	6.5634513007743	15.13045858620959
60998	WARM	5.972336254945986	17.06726987412997
60998	MUSKY	11.455472266991169	23.281559572105536
60998	SWEATY	6.452114287364691	16.83865416254001
60998	AMMONIA/URINOUS	6.781116947531686	17.85238722309328
60998	DECAYED	5.14721800706216	13.739059431313779
60998	WOOD	2.442553859019413	10.308439993461196
60998	GRASS	2.5017993014930364	10.238387442577288
60998	FLOWER	11.263910512561354	22.693972919766466
60998	CHEMICAL	14.55010419745956	25.455516869279297
61523	INTENSITY/STRENGTH	36.899670800253865	27.110816005969607
61523	VALENCE/PLEASANTNESS	43.15255884599717	25.30912122249755
61523	BAKERY	1.7481125189687634	6.507450074513874
61523	SWEET	10.236487985155469	19.63754813082086
61523	FRUIT	6.0390898111273925	14.47706719010442
61523	FISH	1.7304225445450305	5.6289384240372975
61523	GARLIC	3.296652656744096	10.257868645749324
61523	SPICES	5.457937319156882	14.250864710025422
61523	COLD	5.100563452907614	15.196571216187632
61523	SOUR	10.348578405398762	21.660811922023807
61523	BURNT	5.1771483485187355	16.010132556424146
61523	ACID	7.549717862691176	16.824093163249735
61523	WARM	5.1989518478286145	15.720437341802448
61523	MUSKY	9.381238914325655	20.469546448731446
61523	SWEATY	4.843502658241915	13.827618728774521
61523	AMMONIA/URINOUS	6.0791351087391305	16.590876821811214
61523	DECAYED	4.223258930724066	13.459719750926839
61523	WOOD	3.5214905747084733	13.7482116272619
61523	GRASS	7.990258937018983	20.96495289241734
61523	FLOWER	9.579119109913057	20.366414425782292
61523	CHEMICAL	17.78846160905701	27.329374946159966
62089	INTENSITY/STRENGTH	37.03000688048904	26.850710568448925
62089	VALENCE/PLEASANTNESS	28.51302407343759	21.045365526511397
62089	BAKERY	1.6000726928645548	5.222499021586328
62089	SWEET	4.758050510880574	10.742319848047531
62089	FRUIT	3.061446186929492	8.37279970699728
62089	FISH	2.6434041769172993	8.222004160395185
62089	GARLIC	3.708586137695753	11.664422313562216
62089	SPICES	3.921093784786148	11.169958260633395
62089	COLD	3.9616731944827794	12.315271300870531
62089	SOUR	18.765112662876845	29.619198877288778
62089	BURNT	7.210274445159059	17.660700701106983
62089	ACID	8.108693361282326	17.978964761282697
62089	WARM	6.8237584631856025	18.82684923866816
62089	MUSKY	18.23610356676348	29.157823016500718
62089	SWEATY	12.266814132176673	24.06620926329918
62089	AMMONIA/URINOUS	8.26185243576765	18.453368278297614
62089	DECAYED	12.38330562133339	23.111215720361248
62089	WOOD	4.257470818980432	14.770511206312358
62089	GRASS	2.694516282713739	8.485169405142805
62089	FLOWER	1.721035584078534	7.249981837187235
62089	CHEMICAL	16.946320788055623	26.484936011481263
62351	INTENSITY/STRENGTH	41.589933900634975	26.928254627404446
62351	VALENCE/PLEASANTNESS	27.63014868315659	22.409792060367717
62351	BAKERY	2.3903941579196655	9.843046741136254
62351	SWEET	3.6491010074013546	9.763657145086462
62351	FRUIT	2.9003991342126	6.865825273450116
62351	FISH	5.46340263791178	15.079348447171736
62351	GARLIC	9.921549036292925	20.24101816730284
62351	SPICES	7.548397268721387	18.095755058247043
62351	COLD	2.756643543351136	9.38381340676402
62351	SOUR	14.695408376570056	27.125837322226253
62351	BURNT	12.147957729441748	23.412344127767263
62351	ACID	7.36662628395215	17.625396665345338
62351	WARM	7.142695581659358	19.739088345840987
62351	MUSKY	13.336753397812531	24.985022975838795
62351	SWEATY	7.309261573079416	19.273126779009115
62351	AMMONIA/URINOUS	7.53160318359732	18.575266579318594
62351	DECAYED	11.479099432804727	23.289749966987994
62351	WOOD	3.2010818183769634	13.156743090756965
62351	GRASS	4.424284066518988	12.658551866592552
62351	FLOWER	2.6559006365258973	8.605836619441968
62351	CHEMICAL	12.98851194253559	24.466298260203434
62465	INTENSITY/STRENGTH	29.22172098187594	27.203130542130918
62465	VALENCE/PLEASANTNESS	42.418052382918184	25.143392300461066
62465	BAKERY	7.007954538344027	16.839301590286386
62465	SWEET	12.337807494546846	20.514554154365833
62465	FRUIT	3.2699165204465293	9.547738809688578
62465	FISH	1.0225297924199093	4.111728819688737
62465	GARLIC	3.0971245236106175	9.757083496664453
62465	SPICES	12.60263107700276	23.58456186963991
62465	COLD	4.382790617883724	14.214769964157844
62465	SOUR	5.916826951438957	14.619313494611545
62465	BURNT	11.345591211805505	24.127039027729225
62465	ACID	8.2196220755577	17.070997892315894
62465	WARM	8.762114416683323	21.691340088919222
62465	MUSKY	7.413659220471774	16.267414992280656
62465	SWEATY	1.9359177308866389	7.731694409221151
62465	AMMONIA/URINOUS	6.1464812494814325	16.793981756616155
62465	DECAYED	3.5396108520216996	12.301306299909678
62465	WOOD	5.288823388582067	17.031531285581917
62465	GRASS	2.6917286087405747	9.16454569872408
62465	FLOWER	2.7893837709789584	11.268192288419371
62465	CHEMICAL	21.307466877337006	26.935524575502527
251531	INTENSITY/STRENGTH	19.4578360011122	23.67421285650398
251531	VALENCE/PLEASANTNESS	49.22842280150003	23.07657961576406
251531	BAKERY	2.7505782696568244	8.127596296909209
251531	SWEET	13.652608741833383	21.406965236015605
251531	FRUIT	4.300677212628505	12.07552968449607
251531	FISH	0.5796206715915809	2.8924555116801076
251531	GARLIC	2.077472427049534	8.595929670668896
251531	SPICES	5.45409864141679	13.280858598630969
251531	COLD	5.002771805048668	15.321499148033366
251531	SOUR	7.211200270254167	16.93644303045917
251531	BURNT	3.6596369907563693	12.184963099531856
251531	ACID	6.192896355475676	15.07261145671349
251531	WARM	5.237524415946656	14.782170233671998
251531	MUSKY	7.673036317717541	17.035354820462686
251531	SWEATY	3.56325132151442	9.707312026595973
251531	AMMONIA/URINOUS	4.773408429697136	13.304195220434222
251531	DECAYED	2.6601902586740107	9.779777881168975
251531	WOOD	2.8117856106370556	11.0765933814319
251531	GRASS	3.9824647696121858	11.830034748951453
251531	FLOWER	9.524596721905702	20.59842325287156
251531	CHEMICAL	15.837381104541643	25.5852362337521
440917	INTENSITY/STRENGTH	33.493496945144074	25.35825613640215
440917	VALENCE/PLEASANTNESS	50.22119710936366	24.51114215150902
440917	BAKERY	1.2971624851362666	7.714582891370982
440917	SWEET	11.401848028178957	19.009064156276114
440917	FRUIT	5.221968551016555	15.049636586273035
440917	FISH	-0.49829979180880485	1.0232582410234508
440917	GARLIC	3.2904860665006224	9.12618621522697
440917	SPICES	10.349256728667696	21.187369207510837
440917	COLD	10.988437747816295	23.734612207156303
440917	SOUR	7.430767148224082	18.35562199536146
440917	BURNT	4.141529118680184	16.1520662380508
440917	ACID	14.467187332255499	24.37627962149466
440917	WARM	5.192713888492249	15.466376258192744
440917	MUSKY	2.9426835378228233	8.666509673445912
440917	SWEATY	1.169269818485508	6.49082357771859
440917	AMMONIA/URINOUS	9.419092554599029	19.180026590946664
440917	DECAYED	1.2174914701608683	7.463929132207549
440917	WOOD	3.952382423483245	13.223889764877208
440917	GRASS	3.4791377920726645	14.62459145832651
440917	FLOWER	4.462500715871194	12.141287481708446
440917	CHEMICAL	33.31054519472373	33.907075729536984
637758	INTENSITY/STRENGTH	37.935397394370675	29.968200864787732
637758	VALENCE/PLEASANTNESS	51.967644556262215	25.81646107971393
637758	BAKERY	6.417590587991488	14.802010219578206
637758	SWEET	24.49098078693658	30.17908202298059
637758	FRUIT	7.699590797702113	19.96371098315908
637758	FISH	0.1216947837056048	1.1821268820404014
637758	GARLIC	0.8079250341420585	5.662085149251973
637758	SPICES	7.144665251821242	15.727669833519546
637758	COLD	4.6617567379342395	15.4860765621676
637758	SOUR	6.31553885141698	15.179031125026796
637758	BURNT	4.130236628560385	10.815511748794576
637758	ACID	4.628072146858475	13.327768694990443
637758	WARM	6.051163882470053	16.28710528806277
637758	MUSKY	6.945408668433309	17.17580980281969
637758	SWEATY	2.8724363055412616	8.632694985112078
637758	AMMONIA/URINOUS	3.9939000960439435	11.899021141469262
637758	DECAYED	2.7483435690269893	11.87479045748788
637758	WOOD	2.2167779745278753	9.51465058414097
637758	GRASS	2.4806358704794578	8.09942478962856
637758	FLOWER	12.256272037392044	23.631460722950102
637758	CHEMICAL	13.335999038119384	24.33715365785272
853433	INTENSITY/STRENGTH	37.55480232556771	28.00808964349513
853433	VALENCE/PLEASANTNESS	52.351590440296185	24.620838704546845
853433	BAKERY	10.623151680347032	20.350163062103295
853433	SWEET	21.71573517116002	26.082944228387113
853433	FRUIT	4.935633217326433	13.581076584996312
853433	FISH	0.5291563743232676	2.5581646979340347
853433	GARLIC	3.67553022782347	7.891180358645072
853433	SPICES	13.740214836922975	24.281720759047683
853433	COLD	3.8209504220124195	14.459137415910027
853433	SOUR	5.031517069601669	13.210380906552546
853433	BURNT	7.6613645431946455	18.647121181905398
853433	ACID	5.1970529769148	13.331501731076395
853433	WARM	8.973717012666265	20.384956056145235
853433	MUSKY	5.522724470652199	13.1970429862861
853433	SWEATY	1.7753705477142376	4.904507472959256
853433	AMMONIA/URINOUS	3.5427828971296513	10.698918346654654
853433	DECAYED	2.994405124669081	10.431907361324201
853433	WOOD	4.14572713587095	13.835075628123386
853433	GRASS	2.312744560495289	8.459157909160279
853433	FLOWER	5.602449620223539	14.888797466373488
853433	CHEMICAL	14.269349123820623	23.1868595638045
1549025	INTENSITY/STRENGTH	28.590054851188217	27.743435658258036
1549025	VALENCE/PLEASANTNESS	52.80388662821434	24.304296818104024
1549025	BAKERY	4.474835656198296	12.324757735958274
1549025	SWEET	24.356808923660385	26.704107917395188
1549025	FRUIT	13.290076192019438	23.773121088278558
1549025	FISH	0.30241314686925375	3.4019695480831573
1549025	GARLIC	2.187388351862038	8.9757361218548
1549025	SPICES	5.256288844572291	14.911453326925997
1549025	COLD	5.1098824273740435	15.328210722603746
1549025	SOUR	11.160510360299918	21.951336513513056
1549025	BURNT	3.966706075230421	11.878291163774824
1549025	ACID	5.555453630430351	12.420090469526393
1549025	WARM	6.373544328662025	17.35271814457348
1549025	MUSKY	7.240452912483133	16.1646798265677
1549025	SWEATY	3.9310354262678944	11.613829820621714
1549025	AMMONIA/URINOUS	3.145789763890201	10.631016039824969
1549025	DECAYED	3.94999340858442	12.19663150096542
1549025	WOOD	2.3913157130686575	8.592135679543524
1549025	GRASS	4.002438119271333	10.92323751112394
1549025	FLOWER	10.521382477620357	20.97877149553335
1549025	CHEMICAL	11.0949054935127	23.19069798375452
2733294	INTENSITY/STRENGTH	43.89910674312366	28.64429118923253
2733294	VALENCE/PLEASANTNESS	50.189789362493286	25.202575319524595
2733294	BAKERY	3.466500370913254	10.755318530302354
2733294	SWEET	22.005426708869237	26.026414923360125
2733294	FRUIT	16.62969711016031	27.246419419031433
2733294	FISH	1.346999331516149	5.426299938809146
2733294	GARLIC	2.9059969826523435	8.48717631027837
2733294	SPICES	4.880272396097959	15.01789145368729
2733294	COLD	5.209054015294455	16.422064694538175
2733294	SOUR	12.673043069138506	23.247429844716244
2733294	BURNT	3.221084846829856	11.619723268283007
2733294	ACID	5.904745842729275	13.998912441291958
2733294	WARM	5.193751709982978	16.594736389773207
2733294	MUSKY	7.785693792635297	17.081650775138353
2733294	SWEATY	4.983931591157732	13.294183817232891
2733294	AMMONIA/URINOUS	3.854367999359949	11.846593286734992
2733294	DECAYED	4.911286329318339	14.65133107568105
2733294	WOOD	1.9122607544954986	8.612645127586028
2733294	GRASS	8.890050660656826	19.13162372747928
2733294	FLOWER	8.604473796227703	19.275444784666956
2733294	CHEMICAL	12.049945416486672	22.856598754462144
5281167	INTENSITY/STRENGTH	44.379451484356956	28.326304657322698
5281167	VALENCE/PLEASANTNESS	44.95830155328185	25.35310191678503
5281167	BAKERY	2.5674489215922187	7.965558842609398
5281167	SWEET	12.086945478948754	21.651267852489376
5281167	FRUIT	9.912222066704286	21.08276089775501
5281167	FISH	1.5707811111397463	5.346754449574135
5281167	GARLIC	2.511453117481855	8.609570792046176
5281167	SPICES	5.794918737885255	14.644012389985422
5281167	COLD	5.540137197463907	16.6944192270758
5281167	SOUR	11.788581003406023	22.525919542971252
5281167	BURNT	3.9788417099993634	13.510100349905887
5281167	ACID	6.933328722204475	15.810599037470556
5281167	WARM	5.031918201131282	15.721700864481896
5281167	MUSKY	9.089940867622076	19.15274451908254
5281167	SWEATY	5.26382188900329	12.947480371298262
5281167	AMMONIA/URINOUS	4.917248943820579	14.197808451719991
5281167	DECAYED	5.031461210455736	14.98983262060799
5281167	WOOD	3.2998059716064785	11.977801853013505
5281167	GRASS	10.613283513125404	23.93117423232411
5281167	FLOWER	6.687721149429015	17.75973563210468
5281167	CHEMICAL	15.147210845014861	25.944678321479024
5281168	INTENSITY/STRENGTH	50.039493402134894	28.494375415232255
5281168	VALENCE/PLEASANTNESS	27.078866301055346	22.13430584692369
5281168	BAKERY	1.3034321535548072	4.354425515175658
5281168	SWEET	3.7478348152841754	10.162479752568938
5281168	FRUIT	4.278369383794826	10.072478927331499
5281168	FISH	3.663207672106089	10.924087632102081
5281168	GARLIC	4.516332034402251	13.563251153043726
5281168	SPICES	5.580007185732227	13.756958622974144
5281168	COLD	3.9675070316728953	12.74306430242936
5281168	SOUR	17.787278562568215	29.17741725583013
5281168	BURNT	7.9955318989802056	19.469487676320533
5281168	ACID	9.641688104186725	20.239369680574942
5281168	WARM	6.606408403818354	18.254967171662184
5281168	MUSKY	15.640695510437524	27.578039939925315
5281168	SWEATY	10.07449118331784	21.673988903862686
5281168	AMMONIA/URINOUS	8.577442128211246	20.275507693873276
5281168	DECAYED	11.425436594124314	23.871982024253555
5281168	WOOD	4.54579935781114	16.100848961002765
5281168	GRASS	6.704536852351623	16.820870278734265
5281168	FLOWER	1.9711299984837072	8.052373828966173
5281168	CHEMICAL	19.26897618973679	28.467475485578596
5318599	INTENSITY/STRENGTH	54.849942791044874	27.912683976820585
5318599	VALENCE/PLEASANTNESS	40.811832350551285	24.297583393868262
5318599	BAKERY	2.832405516181378	6.983598682994285
5318599	SWEET	10.280112570814055	18.846956614521865
5318599	FRUIT	8.388653947018492	17.35589943881824
5318599	FISH	1.0554713075329267	4.213225388071365
5318599	GARLIC	1.4727010317935068	8.340936011942365
5318599	SPICES	5.19653508664657	13.128465038428978
5318599	COLD	5.645198776318786	16.588806883446892
5318599	SOUR	11.781994661003901	22.575422321247864
5318599	BURNT	6.5887206902309154	17.12662531328897
5318599	ACID	7.959670254162375	17.534284129466318
5318599	WARM	6.227869757040653	16.976637063373836
5318599	MUSKY	10.09706638749429	20.668818811476285
5318599	SWEATY	5.030287867190217	13.488274961327836
5318599	AMMONIA/URINOUS	5.57894124463199	15.692695181018816
5318599	DECAYED	4.918584111479236	14.766962046836042
5318599	WOOD	4.739558764084432	15.408592781985023
5318599	GRASS	8.759967583399375	21.252142002298182
5318599	FLOWER	5.0651478909927805	14.574313847402786
5318599	CHEMICAL	19.62813251522181	28.240919778733577
5352837	INTENSITY/STRENGTH	45.49010233967714	27.24493435090188
5352837	VALENCE/PLEASANTNESS	46.93950203212455	24.887851100133037
5352837	BAKERY	3.039384173835095	8.379942256928546
5352837	SWEET	12.994262839432489	21.673042166123643
5352837	FRUIT	9.649702165046095	20.09792569320372
5352837	FISH	0.9433291205643645	3.546656824527226
5352837	GARLIC	1.9796682568730768	7.93490339438423
5352837	SPICES	5.667366533064604	13.894832080849717
5352837	COLD	5.8349478037989835	17.196848623821097
5352837	SOUR	9.806899036463967	20.391697282628794
5352837	BURNT	4.716535029666728	14.698062032131311
5352837	ACID	7.0129291287490245	15.760719968846843
5352837	WARM	5.394126205639986	15.661277058240332
5352837	MUSKY	8.130305447120577	17.810750307802955
5352837	SWEATY	3.9478152570137177	10.46614073412306
5352837	AMMONIA/URINOUS	4.568489689379918	13.495937319199873
5352837	DECAYED	3.665118988470308	12.869322568256681
5352837	WOOD	3.9556837073220428	13.367106768387458
5352837	GRASS	9.614035312340855	22.862015017301378
5352837	FLOWER	6.793737770746572	17.669383314781165
5352837	CHEMICAL	16.6347214792115	26.55733995931149
5364231	INTENSITY/STRENGTH	43.61759924080554	27.53433387420583
5364231	VALENCE/PLEASANTNESS	45.743654024758	24.547055241263745
5364231	BAKERY	3.0721161157560695	10.01812980960308
5364231	SWEET	13.791133122150612	21.637351746499963
5364231	FRUIT	10.71449298155838	21.51700419491481
5364231	FISH	1.1982122676780889	5.149975229767006
5364231	GARLIC	2.4311628712638362	8.053292665591172
5364231	SPICES	5.628665112285102	14.842063500732035
5364231	COLD	5.15234061441338	15.76654954688047
5364231	SOUR	11.787208428756765	22.258938627150272
5364231	BURNT	4.238791663275647	13.731402385147254
5364231	ACID	6.438441681010376	14.599368244839566
5364231	WARM	5.2638021231965695	15.82747464600631
5364231	MUSKY	8.56519124834851	18.143582728532042
5364231	SWEATY	5.108925217341269	12.332487581066207
5364231	AMMONIA/URINOUS	4.252516956999882	12.390867195494168
5364231	DECAYED	4.8376541714449965	14.308878139031128
5364231	WOOD	3.3986346358460433	11.854141675064817
5364231	GRASS	9.552797212178655	20.727552089211017
5364231	FLOWER	6.079430542562302	16.530240837764666
5364231	CHEMICAL	13.663065010798814	24.531793905324598
5371102	INTENSITY/STRENGTH	32.006033198131355	25.194021711568357
5371102	VALENCE/PLEASANTNESS	44.864214278440485	23.529566377230882
5371102	BAKERY	2.0141624051137543	6.534489587038512
5371102	SWEET	11.313236048563962	19.63364649969122
5371102	FRUIT	3.974772794841861	12.421302907292036
5371102	FISH	0.9921107067525458	4.03578185891564
5371102	GARLIC	2.509028792212338	7.470573904980713
5371102	SPICES	6.837954123227914	15.764495043602532
5371102	COLD	5.735102527690684	16.358008386370194
5371102	SOUR	8.065021170006265	17.548011496112224
5371102	BURNT	5.2003430742390115	13.765832892528163
5371102	ACID	7.901056323732626	17.365285305968353
5371102	WARM	5.15313524795882	15.258668337259964
5371102	MUSKY	7.759286718780607	16.699561039787557
5371102	SWEATY	3.780870645063062	9.707304034365768
5371102	AMMONIA/URINOUS	6.247656058520065	15.959214921796125
5371102	DECAYED	3.5869760091216674	11.662109938776055
5371102	WOOD	2.970937729403158	11.392697891543989
5371102	GRASS	3.7889427268264253	11.973199426276796
5371102	FLOWER	7.221818679376769	17.099012538243525
5371102	CHEMICAL	20.009620332036693	27.378368699853755
10857465	INTENSITY/STRENGTH	21.086485030395615	26.439710805377246
10857465	VALENCE/PLEASANTNESS	48.98128685140046	23.58605581265277
10857465	BAKERY	1.070981117525869	7.145144962703192
10857465	SWEET	13.855640783498329	21.303339934659736
10857465	FRUIT	6.122668693443884	13.942546764399353
10857465	FISH	0.4355043874866548	2.629179559021666
10857465	GARLIC	0.7436735582957724	4.2070132443621375
10857465	SPICES	4.025211403521109	14.188313483775097
10857465	COLD	7.200244316728046	19.9336949133
10857465	SOUR	9.110531410260231	19.22174869383804
10857465	BURNT	3.9676965833926676	10.754991548508933
10857465	ACID	6.461280531116875	15.009857820419308
10857465	WARM	6.271778686249507	17.758233426100844
10857465	MUSKY	10.77246375598983	21.759315545909512
10857465	SWEATY	4.528610811435734	12.149999823194802
10857465	AMMONIA/URINOUS	6.321182247251263	15.276991291000785
10857465	DECAYED	5.7776680432392755	14.155015116361715
10857465	WOOD	4.670510626134641	13.534625701132036
10857465	GRASS	7.477685457199614	17.549181652473223
10857465	FLOWER	12.817283728848311	21.670841803704214
10857465	CHEMICAL	18.811409527442265	28.689328414249413
