oID	descriptor	value	sigma
180	INTENSITY/STRENGTH	0.1344353993024145	0.5251509589808327
264	INTENSITY/STRENGTH	0.3144476520163672	0.6033365045275006
702	INTENSITY/STRENGTH	0.09763446130922862	0.4730927561010633
1031	INTENSITY/STRENGTH	0.10103750654629298	0.49038741844041006
3102	INTENSITY/STRENGTH	0.3464534751006535	0.5821131212370736
3314	INTENSITY/STRENGTH	0.2292719440800803	0.5971546002796718
6506	INTENSITY/STRENGTH	0.17139221940721786	0.5591773050171989
6544	INTENSITY/STRENGTH	0.34238538571766447	0.6057214907237461
6561	INTENSITY/STRENGTH	0.18827097969395773	0.5483749508857727
7092	INTENSITY/STRENGTH	0.40220249550683157	0.6322263308933803
7302	INTENSITY/STRENGTH	0.3008310454232352	0.5612766657556806
7476	INTENSITY/STRENGTH	0.35845615182604107	0.6359632100377764
7559	INTENSITY/STRENGTH	0.432597530739648	0.6792822735650199
7657	INTENSITY/STRENGTH	0.322388972554888	0.5988917776516506
7770	INTENSITY/STRENGTH	0.442648355449949	0.6573331356048584
7793	INTENSITY/STRENGTH	0.3368915489741734	0.608660740511758
7797	INTENSITY/STRENGTH	0.4267086556979588	0.6140470334461757
8025	INTENSITY/STRENGTH	0.2363479882478714	0.5947010857718331
8049	INTENSITY/STRENGTH	0.21345661580562592	0.5452695574079242
8094	INTENSITY/STRENGTH	0.4084316108907972	0.6187771729060582
8419	INTENSITY/STRENGTH	0.2508796730211803	0.6071583798953465
8438	INTENSITY/STRENGTH	0.30589690591607777	0.6079910312380109
8468	INTENSITY/STRENGTH	0.11159372542585645	0.50446817278862
8815	INTENSITY/STRENGTH	0.27923292560236795	0.5925099849700928
8878	INTENSITY/STRENGTH	0.4734018657888685	0.6396729009492057
9012	INTENSITY/STRENGTH	0.44984276379857746	0.537138147013528
10886	INTENSITY/STRENGTH	0.316971412726811	0.6185423731803894
11567	INTENSITY/STRENGTH	0.564376814024789	0.6387647645814079
12020	INTENSITY/STRENGTH	0.14956532950912202	0.5245523708207267
12265	INTENSITY/STRENGTH	0.14081551134586334	0.5192797950335911
12377	INTENSITY/STRENGTH	0.41610907656805857	0.5858185120991298
16537	INTENSITY/STRENGTH	0.2925788483449391	0.6536207113947187
17898	INTENSITY/STRENGTH	0.296983818922724	0.586226395198277
18467	INTENSITY/STRENGTH	0.19177582221371786	0.5482008116585868
21363	INTENSITY/STRENGTH	0.39238010134015766	0.6213391167776925
27440	INTENSITY/STRENGTH	0.4442320849214281	0.6115127716745649
31219	INTENSITY/STRENGTH	0.4400717445782253	0.7044357912881034
31276	INTENSITY/STRENGTH	0.4754624792507717	0.6896273153168815
31283	INTENSITY/STRENGTH	0.16111035964318685	0.49983974014009747
60998	INTENSITY/STRENGTH	0.3209764340094158	0.6569252525057111
61523	INTENSITY/STRENGTH	0.41960005675043377	0.6546550052506583
62351	INTENSITY/STRENGTH	0.4623359186308725	0.5925263251577105
62465	INTENSITY/STRENGTH	0.3472661759172167	0.5588063512529645
251531	INTENSITY/STRENGTH	0.13774349966219493	0.5867440019335065
440917	INTENSITY/STRENGTH	0.38208054644720896	0.5702065782887595
637758	INTENSITY/STRENGTH	0.4355292660849435	0.7053238238607135
1549025	INTENSITY/STRENGTH	0.28174933791160583	0.6114456483295986
2733294	INTENSITY/STRENGTH	0.4757030648844583	0.6741347568375724
5281167	INTENSITY/STRENGTH	0.4085724098341806	0.6738327656473432
5281168	INTENSITY/STRENGTH	0.4594466856547764	0.6847008892468044
5318599	INTENSITY/STRENGTH	0.5093973193849836	0.6580072215625218
5352837	INTENSITY/STRENGTH	0.47976590054375784	0.6603824922016689
5364231	INTENSITY/STRENGTH	0.3534218158040728	0.6230420640536717
262	INTENSITY/STRENGTH	0.13542463736874716	0.4895930417946407
323	INTENSITY/STRENGTH	0.4607095164912088	0.6457458223615374
750	INTENSITY/STRENGTH	0.11508954848561968	0.4166945091315678
753	INTENSITY/STRENGTH	0.099919962563685	0.48128664067813326
962	INTENSITY/STRENGTH	0.1164122958268438	0.49517304982457844
5862	INTENSITY/STRENGTH	0.22477135275091445	0.4375113163675581
5962	INTENSITY/STRENGTH	0.28416724715914043	0.5175847666604179
6274	INTENSITY/STRENGTH	0.08276780002883502	0.4748026600905827
6322	INTENSITY/STRENGTH	0.012471824352230345	0.42506458503859385
6669	INTENSITY/STRENGTH	0.047798984817096164	0.3937020003795624
7137	INTENSITY/STRENGTH	0.6580163368156978	0.6865847621645246
15654	INTENSITY/STRENGTH	0.21090332099369594	0.5433500579425267
62089	INTENSITY/STRENGTH	0.500040990965707	0.6159063151904515
853433	INTENSITY/STRENGTH	0.3192316932337625	0.6552418555532183
5371102	INTENSITY/STRENGTH	0.302172526717186	0.6430087259837559
10857465	INTENSITY/STRENGTH	0.34387360513210297	0.6869911466326032
180	VALENCE/PLEASANTNESS	0.417768086705889	0.5949804186820984
264	VALENCE/PLEASANTNESS	0.2912182722772871	0.5192136168479919
702	VALENCE/PLEASANTNESS	0.46111621601240976	0.5714200139045715
1031	VALENCE/PLEASANTNESS	0.45341403569493977	0.5756959574563163
3102	VALENCE/PLEASANTNESS	0.4150127981390272	0.599931640284402
3314	VALENCE/PLEASANTNESS	0.5774011867386954	0.6029649376869202
6506	VALENCE/PLEASANTNESS	0.4205164100442614	0.5851796610014779
6544	VALENCE/PLEASANTNESS	0.5014305923666272	0.6235612119947161
6561	VALENCE/PLEASANTNESS	0.39584232228142874	0.5865846020834786
7092	VALENCE/PLEASANTNESS	0.5614750896181379	0.6159856830324445
7302	VALENCE/PLEASANTNESS	0.39389047026634216	0.5959490282194955
7476	VALENCE/PLEASANTNESS	0.5955832515444074	0.6382479752813067
7559	VALENCE/PLEASANTNESS	0.5944702540125165	0.7101612516811916
7657	VALENCE/PLEASANTNESS	0.4036590542112078	0.6094747952052525
7770	VALENCE/PLEASANTNESS	0.6188352448599679	0.6484026142529079
7793	VALENCE/PLEASANTNESS	0.6208900724138532	0.6127694164003644
7797	VALENCE/PLEASANTNESS	0.7574365649904523	0.5823655043329511
8025	VALENCE/PLEASANTNESS	0.4134228655270168	0.5989524722099304
8049	VALENCE/PLEASANTNESS	0.5625829441206796	0.5742696693965367
8094	VALENCE/PLEASANTNESS	0.29546896261828287	0.5260420782225472
8419	VALENCE/PLEASANTNESS	0.5341095413480487	0.6304744482040405
8438	VALENCE/PLEASANTNESS	0.598598735673087	0.6228589245251247
8468	VALENCE/PLEASANTNESS	0.49737949882234844	0.5924803870064872
8815	VALENCE/PLEASANTNESS	0.528033584356308	0.6209599120276315
8878	VALENCE/PLEASANTNESS	0.6706848229680743	0.6104776263237
9012	VALENCE/PLEASANTNESS	0.2863115497997829	0.563300473349435
10886	VALENCE/PLEASANTNESS	0.622635543346405	0.6201475773538861
11567	VALENCE/PLEASANTNESS	0.40870740158217295	0.6725608365876334
12020	VALENCE/PLEASANTNESS	0.43686293278421673	0.5655761531421116
12265	VALENCE/PLEASANTNESS	0.4291871658393315	0.5826235839298793
12377	VALENCE/PLEASANTNESS	0.32015381114823477	0.5902021782738822
16537	VALENCE/PLEASANTNESS	0.5608135844979968	0.6321943913187299
17898	VALENCE/PLEASANTNESS	0.4144405041422163	0.6288631728717259
18467	VALENCE/PLEASANTNESS	0.407292229788644	0.6058225291115897
21363	VALENCE/PLEASANTNESS	0.38463261297770907	0.599070702280317
27440	VALENCE/PLEASANTNESS	0.3528343141078949	0.6351005179541451
31219	VALENCE/PLEASANTNESS	0.618834742477962	0.7145915627479553
31276	VALENCE/PLEASANTNESS	0.6178414736475263	0.688491267817361
31283	VALENCE/PLEASANTNESS	0.5048769499574389	0.5520374008587429
60998	VALENCE/PLEASANTNESS	0.4602644741535187	0.655628502368927
61523	VALENCE/PLEASANTNESS	0.4482350008828299	0.6070573244776044
62351	VALENCE/PLEASANTNESS	0.33244915093694416	0.5843716604369027
62465	VALENCE/PLEASANTNESS	0.4447491637298039	0.6335973143577576
251531	VALENCE/PLEASANTNESS	0.4607293350355966	0.5911494152886527
440917	VALENCE/PLEASANTNESS	0.5773958393505642	0.6075672847884042
637758	VALENCE/PLEASANTNESS	0.6523426856313433	0.6934968658855983
1549025	VALENCE/PLEASANTNESS	0.5685702817780631	0.6101424268313816
2733294	VALENCE/PLEASANTNESS	0.5698978304862976	0.6574053679193769
5281167	VALENCE/PLEASANTNESS	0.4645414182118007	0.6368986793926784
5281168	VALENCE/PLEASANTNESS	0.317350264106478	0.5764301078660148
5318599	VALENCE/PLEASANTNESS	0.415447222334998	0.6175838794027056
5352837	VALENCE/PLEASANTNESS	0.455348151070731	0.6286595719201225
5364231	VALENCE/PLEASANTNESS	0.464840292930603	0.604326707976205
262	VALENCE/PLEASANTNESS	0.4553682974406651	0.5928035548755101
323	VALENCE/PLEASANTNESS	0.5673774055072239	0.6335355809756688
750	VALENCE/PLEASANTNESS	0.45558626311165945	0.5591827886445182
753	VALENCE/PLEASANTNESS	0.4663368804114206	0.5802362305777413
962	VALENCE/PLEASANTNESS	0.49315035343170166	0.5795456000736782
5862	VALENCE/PLEASANTNESS	0.39887799109731403	0.5826905795506069
5962	VALENCE/PLEASANTNESS	0.3515650672572	0.5704473171915326
6274	VALENCE/PLEASANTNESS	0.499858911548342	0.6050367951393127
6322	VALENCE/PLEASANTNESS	0.4820204036576407	0.5658458897045681
6669	VALENCE/PLEASANTNESS	0.6120900767190116	0.5659846493176052
7137	VALENCE/PLEASANTNESS	0.6563158290726798	0.6887073857443673
15654	VALENCE/PLEASANTNESS	0.4486170879432133	0.5968792268208095
62089	VALENCE/PLEASANTNESS	0.24119868448802403	0.4987485238483974
853433	VALENCE/PLEASANTNESS	0.6261284010750907	0.6215326700891767
5371102	VALENCE/PLEASANTNESS	0.5116161022867475	0.6077859231403896
10857465	VALENCE/PLEASANTNESS	0.5599130817822048	0.6868237767900739
180	BAKERY	0.04360064039272921	0.21599745324679784
264	BAKERY	0.01537562268120902	0.18362187487738474
702	BAKERY	0.06262835594160217	0.2872506912265505
1031	BAKERY	0.05021658539772034	0.24766698905399867
3102	BAKERY	0.036147459010992734	0.19439488649368286
3314	BAKERY	0.19005501057420457	0.5026524024350303
6506	BAKERY	0.04537553074104445	0.22628215381077357
6544	BAKERY	0.018298514453428134	0.1562989673444203
6561	BAKERY	0.033533199557236264	0.20661176315375737
7092	BAKERY	0.10263407443250928	0.31211376190185547
7302	BAKERY	0.06647035692419324	0.2647268601826259
7476	BAKERY	0.08970062753983907	0.3401043713092804
7559	BAKERY	0.06449789580489908	0.28898372820445467
7657	BAKERY	0.017570066398807933	0.1561416153396879
7770	BAKERY	0.1025973420057978	0.38642188906669617
7793	BAKERY	0.13094050969396318	0.3053315452166966
7797	BAKERY	0.12465376300471169	0.4234784756387983
8025	BAKERY	0.03560575443719115	0.20252176693507604
8049	BAKERY	0.10325238960129875	0.354508957692555
8094	BAKERY	0.012904821495924677	0.14179132825561933
8419	BAKERY	0.1723780706524849	0.4624182071004595
8438	BAKERY	0.13794245996645518	0.4373786449432373
8468	BAKERY	0.06526560762098857	0.28039733852658955
8815	BAKERY	0.09120534466845649	0.29663304133074625
8878	BAKERY	0.11352862949882235	0.4042426816054753
9012	BAKERY	0.056511921009847095	0.23640527256897517
10886	BAKERY	0.07699478204761233	0.32995003036090303
11567	BAKERY	0.048047532992703576	0.21593893212931498
12020	BAKERY	0.04870121340666499	0.24111850559711456
12265	BAKERY	0.0585445910692215	0.2660508858306067
12377	BAKERY	0.057329708976405006	0.2542154937982559
16537	BAKERY	0.017703856341540813	0.1869078427553177
17898	BAKERY	0.10940875645194735	0.37710629190717426
18467	BAKERY	0.0789412334561348	0.3047189159052713
21363	BAKERY	0.04363021733505385	0.2271688027041299
27440	BAKERY	0.11116314785821098	0.39603441102164133
31219	BAKERY	0.051285081409982274	0.25243285085473743
31276	BAKERY	0.07610437061105456	0.30758446880749296
31283	BAKERY	0.06676272515739713	0.31120691554886953
60998	BAKERY	0.03734741173684597	0.23990405670234136
61523	BAKERY	0.00732437867139067	0.14834045618772507
62351	BAKERY	0.05338333547115326	0.24510191168103898
62465	BAKERY	0.12555913840021407	0.3833144136837551
251531	BAKERY	0.031857475106205256	0.18197654400553023
440917	BAKERY	0.025532915922147886	0.15735545328685216
637758	BAKERY	0.12204122543334961	0.38066896370479036
1549025	BAKERY	0.03725754150322506	0.2413606494665146
2733294	BAKERY	0.05244902627808707	0.2711798463548933
5281167	BAKERY	0.04478217235633305	0.21050446161202022
5281168	BAKERY	0.03663980694753783	0.10977799445390701
5318599	BAKERY	0.029854207166603634	0.17497935678277696
5352837	BAKERY	0.03752722857253892	0.20589909170355117
5364231	BAKERY	0.055033505495105474	0.24780413508415222
262	BAKERY	0.07317627114909035	0.263618671468326
323	BAKERY	0.12836497170584543	0.39094417435782297
750	BAKERY	0.09169610323650497	0.34712608797209604
753	BAKERY	0.0788951867393085	0.29409443054880413
962	BAKERY	0.05450459782566343	0.2359981323991503
5862	BAKERY	0.0908292303127902	0.35923092705862864
5962	BAKERY	0.06345541775226593	0.27996758265154703
6274	BAKERY	0.07726647491965975	0.31190996510641916
6322	BAKERY	0.06840281933546066	0.29250697578702656
6669	BAKERY	0.10972799573625837	0.4232666109289442
7137	BAKERY	0.2629754883902414	0.6037560445921761
15654	BAKERY	0.12860089859792165	0.4468344194548471
62089	BAKERY	0.02094740340752261	0.12655572114246233
853433	BAKERY	0.2383943157536643	0.5809016483170646
5371102	BAKERY	0.01667864540857928	0.15434619784355164
10857465	BAKERY	0.02412010303565434	0.20356168065752303
180	SWEET	0.08706554823688098	0.40672140036310467
264	SWEET	0.07400464160101754	0.31287260140691486
702	SWEET	0.12988377256052835	0.43697229453495573
1031	SWEET	0.11415113189390727	0.41745544757161823
3102	SWEET	0.13670168391295842	0.4422506902899061
3314	SWEET	0.24415293335914612	0.568844369479588
6506	SWEET	0.11484647861548833	0.4229495865958078
6544	SWEET	0.14597318853650773	0.49859393920217243
6561	SWEET	0.08122985916478294	0.3821819935526167
7092	SWEET	0.23514259925910405	0.5716604036944253
7302	SWEET	0.07335704565048218	0.3840990662574768
7476	SWEET	0.3192725692476545	0.7236465300832476
7559	SWEET	0.3362739682197571	0.7697154538972037
7657	SWEET	0.11426775051014763	0.4097042126314981
7770	SWEET	0.45567850129944937	0.7795494369098118
7793	SWEET	0.31807475430624826	0.6895694306918553
7797	SWEET	0.521339442048754	0.8206417645726886
8025	SWEET	0.11441983601876668	0.4630144536495209
8049	SWEET	0.29176114073821474	0.6311929907117572
8094	SWEET	0.047732047204460414	0.2810569852590561
8419	SWEET	0.2575136550835201	0.6196850453104291
8438	SWEET	0.3034348785877228	0.7102723206792559
8468	SWEET	0.12126687914133072	0.4290737339428493
8815	SWEET	0.18353531616074698	0.5138063728809357
8878	SWEET	0.4749185655798231	0.7607188650539943
9012	SWEET	0.03939722797700337	0.23588616507393972
10886	SWEET	0.3827703467437199	0.7253168395587376
11567	SWEET	0.10396194351570946	0.4624690200601305
12020	SWEET	0.09791609644889832	0.40750403915132793
12265	SWEET	0.11228653362819127	0.4349112723554884
12377	SWEET	0.05000298896006176	0.21721138272966659
16537	SWEET	0.2184669545718602	0.6270908457892281
17898	SWEET	0.10238526229347501	0.4643748572894505
18467	SWEET	0.08940538657563073	0.42617668424333843
21363	SWEET	0.10496038624218532	0.42609145811625887
27440	SWEET	0.08604918154222625	0.40342425874301363
31219	SWEET	0.37124949267932345	0.7834096550941467
31276	SWEET	0.4096514880657196	0.8110170619828361
31283	SWEET	0.19442492936338698	0.49921841280800955
60998	SWEET	0.2241962935243334	0.5840582592146737
61523	SWEET	0.138689324259758	0.45991251724106924
62351	SWEET	0.03225882404616901	0.2618387682097299
62465	SWEET	0.1403362261397498	0.4288217340196882
251531	SWEET	0.12807254599673407	0.44362770659582956
440917	SWEET	0.19679956776755198	0.5084441346781594
637758	SWEET	0.39875465631484985	0.8022011944225856
1549025	SWEET	0.2609710374048778	0.6241376910890851
2733294	SWEET	0.3246712940079825	0.6912246942520142
5281167	SWEET	0.13288934848138265	0.483524535383497
5281168	SWEET	0.0532783605158329	0.2990461928503854
5318599	SWEET	0.13976483472755977	0.44347003953797476
5352837	SWEET	0.1593711801937648	0.4954302225794111
5364231	SWEET	0.1463266515306064	0.46317983525139944
262	SWEET	0.11747550857918602	0.4402350868497576
323	SWEET	0.2708121623311724	0.6423033390726361
750	SWEET	0.10434778992618833	0.4169894882610866
753	SWEET	0.12129562135253634	0.44161040016583036
962	SWEET	0.11213770828076772	0.41486493604523794
5862	SWEET	0.08504519451941762	0.3688670439379556
5962	SWEET	0.05800106642501695	0.34127028712204527
6274	SWEET	0.08569164414490972	0.41766669920512606
6322	SWEET	0.07437267207673617	0.38423372166497366
6669	SWEET	0.2757211263690676	0.6244563800948006
7137	SWEET	0.41920182534626554	0.8086557047707694
15654	SWEET	0.13600407860108785	0.49547774876867023
62089	SWEET	0.005114536200250898	0.21303961426019669
853433	SWEET	0.3169208381857191	0.6638749071529934
5371102	SWEET	0.14123351339782989	0.48293179273605347
10857465	SWEET	0.21231038229806082	0.5688374553407941
180	FRUIT	0.04132654278406075	0.18702376527445658
264	FRUIT	0.062172399035521915	0.20017458711351668
702	FRUIT	0.07499123098594802	0.20710416776793344
1031	FRUIT	0.07662840027894292	0.22079751746995108
3102	FRUIT	0.0867008353982653	0.25841506251267027
3314	FRUIT	0.05825545292879854	0.23168496574674333
6506	FRUIT	0.10152520345790046	0.28590768362794605
6544	FRUIT	0.10253046985183444	0.32500372188431875
6561	FRUIT	0.060152574841465266	0.21745940830026353
7092	FRUIT	0.11826687731913157	0.3232666254043579
7302	FRUIT	0.04030324678335871	0.1844440826347896
7476	FRUIT	0.2103187824998583	0.4679913435663496
7559	FRUIT	0.2613828203507832	0.5769285304205758
7657	FRUIT	0.08404314571193286	0.25596904328891207
7770	FRUIT	0.4290873536041805	0.6457640273230416
7793	FRUIT	0.18449669437749044	0.46875347409929546
7797	FRUIT	0.5369030662945339	0.7272534029824393
8025	FRUIT	0.07718140152948243	0.26800831726619173
8049	FRUIT	0.22594038929258073	0.43210540499006
8094	FRUIT	0.06526391633919307	0.22627477560724532
8419	FRUIT	0.09529679854001318	0.296953661101205
8438	FRUIT	0.154156071799142	0.3869067643369947
8468	FRUIT	0.05302729191524642	0.187208748289517
8815	FRUIT	0.0910919111754213	0.275547274521419
8878	FRUIT	0.49892682688576834	0.6848444598061698
9012	FRUIT	0.041400611134512086	0.12217190755265099
10886	FRUIT	0.3727055532591684	0.610250643321446
11567	FRUIT	0.055958724447659085	0.26206244954041075
12020	FRUIT	0.06750378598059927	0.2164498950753893
12265	FRUIT	0.04869647430522101	0.2036936261824199
12377	FRUIT	0.04735794823084559	0.13001453131437302
16537	FRUIT	0.2204399130174092	0.498642589364733
17898	FRUIT	0.03937505345259394	0.19043983731951034
18467	FRUIT	0.03267177540276732	0.1868319192102977
21363	FRUIT	0.05008511724216597	0.2374755016395024
27440	FRUIT	0.04473248975617545	0.16151223863874162
31219	FRUIT	0.332686185836792	0.6395472458430699
31276	FRUIT	0.37075122552258627	0.6354713014193943
31283	FRUIT	0.1317556511078562	0.2974466936928885
60998	FRUIT	0.1703462621995381	0.4121000000408718
61523	FRUIT	0.12606597798211233	0.33766924483435495
62351	FRUIT	0.050536898630005975	0.15536238253116608
62465	FRUIT	0.04384615086019039	0.14999502258641378
251531	FRUIT	0.054641298417534144	0.2271334571497781
440917	FRUIT	0.1482450898204531	0.39205266748155865
637758	FRUIT	0.27632987924984526	0.5380026910986219
1549025	FRUIT	0.21766658340181624	0.5087942183017731
2733294	FRUIT	0.349031537771225	0.6032194835799081
5281167	FRUIT	0.148869127035141	0.37502333521842957
5281168	FRUIT	0.06935104355216026	0.23405178317001887
5318599	FRUIT	0.1512915939092636	0.3634274559361594
5352837	FRUIT	0.16792314393179758	0.3920251727104187
5364231	FRUIT	0.14896598884037562	0.373083485024316
262	FRUIT	0.05217079498938152	0.1992066012961524
323	FRUIT	0.1436138323375157	0.368007447038378
750	FRUIT	0.025574623740145137	0.14058639534882136
753	FRUIT	0.05873649301273482	0.18863605388573237
962	FRUIT	0.07594967633485794	0.20369373900549753
5862	FRUIT	0.03529267864567893	0.13075374066829681
5962	FRUIT	0.015227845736912318	0.13586942638669694
6274	FRUIT	0.023285709055406705	0.1378242682133402
6322	FRUIT	0.02160602541906493	0.1294640153646469
6669	FRUIT	0.06734559684991837	0.23387908722673142
7137	FRUIT	0.19628601840564183	0.43779910036495756
15654	FRUIT	0.05371134728193283	0.20324759185314178
62089	FRUIT	0.030592860920088633	0.15078769198485784
853433	FRUIT	0.07629499265125819	0.27551638015678953
5371102	FRUIT	0.11691008029239518	0.31456831310476574
10857465	FRUIT	0.138877343918596	0.3900264288697924
180	FISH	0.049218393197017055	0.13926334572689875
264	FISH	0.16035661420651845	0.2980618668454034
702	FISH	0.07494967750140599	0.16773195351873124
1031	FISH	0.06739065583263125	0.16151076980999537
3102	FISH	0.05691442957946232	0.14112716806786402
3314	FISH	0.07248115752424512	0.18057825097015925
6506	FISH	0.08218653766172272	0.17968052625656128
6544	FISH	0.03473527117499283	0.08877415795411382
6561	FISH	0.061976484422172816	0.15866995283535548
7092	FISH	0.02646156001303877	0.09436242175953728
7302	FISH	0.05885834300092289	0.14734941720962524
7476	FISH	0.032583225784557204	0.0879208967089653
7559	FISH	0.04031930597765105	0.1083759952868734
7657	FISH	0.08409832737275533	0.18074854356901987
7770	FISH	0.0425855637128864	0.10922326679740633
7793	FISH	0.03610382229089737	0.09163840540817805
7797	FISH	0.02997718458729131	0.07255897670984268
8025	FISH	0.06429764521973473	0.15329456755093165
8049	FISH	0.05374773857848985	0.12164889382464546
8094	FISH	0.09662547015718051	0.21800204047134944
8419	FISH	0.06458401520337377	0.16381043940782547
8438	FISH	0.03427299777311938	0.09916843473911285
8468	FISH	0.0578951532287257	0.12947627902030945
8815	FISH	0.06520219200423785	0.1716481042759759
8878	FISH	0.03455500730446407	0.10561796064887728
9012	FISH	0.24619453293936594	0.4195743032864162
10886	FISH	0.03999213129281998	0.10533450331006732
11567	FISH	0.022438597466264452	0.07914157211780548
12020	FISH	0.060805437288114	0.1491988663162504
12265	FISH	0.08336196254406657	0.2009861980165754
12377	FISH	0.3422267309256962	0.5329150685242244
16537	FISH	0.06273283809423447	0.13269649020263127
17898	FISH	0.08799596024411065	0.19758120604923793
18467	FISH	0.08155921527317592	0.18649609599794661
21363	FISH	0.09857838920184545	0.18793031679732458
27440	FISH	0.16825986760003225	0.3376369433743613
31219	FISH	0.03131298201956919	0.10107027739286423
31276	FISH	0.03619239798613957	0.08023492246866226
31283	FISH	0.05908029792564256	0.13859784177371434
60998	FISH	0.09589633452040809	0.19912291211741312
61523	FISH	0.12749283760786057	0.2079534466777529
62351	FISH	0.277190808738981	0.4308826838220869
62465	FISH	0.12030963599681854	0.23213452526501246
251531	FISH	0.08204246472035136	0.15663125898156846
440917	FISH	0.00959453625338418	0.026563754571335658
637758	FISH	0.024296992857541357	0.07735383031623703
1549025	FISH	0.059015555307269096	0.14182280429771968
2733294	FISH	0.049820457718202045	0.11405148463589805
5281167	FISH	0.12500283973557608	0.2189363752092634
5281168	FISH	0.135741511625903	0.2678484150341579
5318599	FISH	0.0738099462219647	0.15717261816774095
5352837	FISH	0.08399937940495354	0.15819214284420013
5364231	FISH	0.08255574266825404	0.15087435713836125
262	FISH	0.041912472540778775	0.11632990624223437
323	FISH	0.022478598835212842	0.07401447344039168
750	FISH	0.05345927764262472	0.13136484686817443
753	FISH	0.04904262827975409	0.1306052165372031
962	FISH	0.022412486374378204	0.09094846887247902
5862	FISH	0.1395167921270643	0.24829235247203282
5962	FISH	0.10348473702158247	0.20188846119812556
6274	FISH	0.03387186849223716	0.0913296224815505
6322	FISH	0.03608480415173939	0.09617770303572927
6669	FISH	0.018741857526557788	0.1366007083228656
7137	FISH	0.05695982649922371	0.11314658927065986
15654	FISH	0.11857252035822187	0.24957684959684098
62089	FISH	0.11415823655469078	0.25099773705005646
853433	FISH	0.04088005370327404	0.13639894553593226
5371102	FISH	0.0504954175225326	0.1058928370475769
10857465	FISH	0.044463660301906724	0.07430455620799746
180	GARLIC	0.08745503957782473	0.2731638103723526
264	GARLIC	0.12376595607825688	0.3576660283974239
702	GARLIC	0.09895912770714078	0.30526553307260784
1031	GARLIC	0.0918095133134297	0.29402715819222586
3102	GARLIC	0.06408372893929482	0.22363495826721191
3314	GARLIC	0.10485000269753593	0.28809199801513125
6506	GARLIC	0.0948301191840853	0.28508926928043365
6544	GARLIC	0.06423758129988398	0.18845440660204207
6561	GARLIC	0.08271250554493495	0.2901243780340467
7092	GARLIC	0.07111776833023344	0.1923288745539529
7302	GARLIC	0.09210984195981707	0.27615991660526823
7476	GARLIC	0.03978035439338003	0.17028126333441054
7559	GARLIC	0.04187649488449097	0.17775879800319672
7657	GARLIC	0.0798373988696507	0.257649689912796
7770	GARLIC	0.046248839902026315	0.1705778411456517
7793	GARLIC	0.0498733962220805	0.1736309038741248
7797	GARLIC	0.026288768542664393	0.12262307746069771
8025	GARLIC	0.09269553529364723	0.2784900835582188
8049	GARLIC	0.06389219047767776	0.21783072182110377
8094	GARLIC	0.07635379901954106	0.2870550900697708
8419	GARLIC	0.061210564736809046	0.23734607228210994
8438	GARLIC	0.053554440183298926	0.19748703283923014
8468	GARLIC	0.07923591030495507	0.2575810147183282
8815	GARLIC	0.08478167759520668	0.2557572147675923
8878	GARLIC	0.027204533772809163	0.1474489633526121
9012	GARLIC	0.25939843484333586	0.4681904103074755
10886	GARLIC	0.04094538731234414	0.1845756939479283
11567	GARLIC	0.053190884845597405	0.16475521134478704
12020	GARLIC	0.08761574966566903	0.2793955313307898
12265	GARLIC	0.10039371358496803	0.2932023597615106
12377	GARLIC	0.41388063771384104	0.616665610245296
16537	GARLIC	0.06715396685259682	0.214958342058318
17898	GARLIC	0.07658559722559792	0.27054124644824434
18467	GARLIC	0.08280859355415617	0.26292392185756136
21363	GARLIC	0.0702717522425311	0.28350596129894257
27440	GARLIC	0.1688255156789507	0.3837352693080902
31219	GARLIC	0.036589219101837704	0.17663229363305227
31276	GARLIC	0.03739838568227632	0.1500101089477539
31283	GARLIC	0.078121332185609	0.25649689989430563
60998	GARLIC	0.0878704275403704	0.27177358099392485
61523	GARLIC	0.09300602546760015	0.2801979524748666
62351	GARLIC	0.2926716847079141	0.5217816531658173
62465	GARLIC	0.10321898332663945	0.29774422304970877
251531	GARLIC	0.09136461360113961	0.26006982581956045
440917	GARLIC	0.03736755943724087	0.12935876207692282
637758	GARLIC	0.023226942334856306	0.16520490390913828
1549025	GARLIC	0.07603369919317109	0.23582881476197923
2733294	GARLIC	0.04564865359238216	0.1796199721949441
5281167	GARLIC	0.07953478289502007	0.27502581051417757
5281168	GARLIC	0.09793626623494285	0.3236907294818333
5318599	GARLIC	0.06279015807168824	0.24027800347123826
5352837	GARLIC	0.062317864171096256	0.2367503387587411
5364231	GARLIC	0.06343997695616313	0.24529922008514404
262	GARLIC	0.07852551553930555	0.24642067509038107
323	GARLIC	0.045662522315979004	0.16489090876919882
750	GARLIC	0.07818946348769325	0.2873193323612213
753	GARLIC	0.08876468666962214	0.2704738293375288
962	GARLIC	0.06831801044089454	0.22592023653643473
5862	GARLIC	0.17448226043156215	0.3838686602456229
5962	GARLIC	0.09448189181940896	0.312978059053421
6274	GARLIC	0.08566517595733915	0.2453821897506714
6322	GARLIC	0.08241777760641915	0.2644205114671162
6669	GARLIC	0.051623743027448654	0.2331404196364539
7137	GARLIC	0.05631006509065628	0.1695924305490085
15654	GARLIC	0.13859969590391433	0.34193546005657743
62089	GARLIC	0.08509383563484464	0.30142161675861906
853433	GARLIC	0.08834308918033328	0.2474897184542247
5371102	GARLIC	0.059348155345235555	0.1949991817985262
10857465	GARLIC	0.017407589458993504	0.12403622109975133
180	SPICES	0.11527947229998452	0.35017027599470957
264	SPICES	0.11651102772780828	0.3369571396282741
702	SPICES	0.1559081290449415	0.3722600681441171
1031	SPICES	0.1565899465765272	0.36829004117420744
3102	SPICES	0.12969401691641128	0.3686415042196001
3314	SPICES	0.3943867172513689	0.6521778787885394
6506	SPICES	0.13523040179695403	0.3660747706890106
6544	SPICES	0.22221836021968297	0.45990156275885447
6561	SPICES	0.13789094345910208	0.36542509709085735
7092	SPICES	0.3117274173668453	0.5603686017649514
7302	SPICES	0.15688862545149668	0.39409336021968294
7476	SPICES	0.16329798528126307	0.4067609650748117
7559	SPICES	0.14588910128389085	0.378773386989321
7657	SPICES	0.11552392904247556	0.3393140605517796
7770	SPICES	0.11238971671887807	0.3665318489074707
7793	SPICES	0.12459784959043775	0.31975085394723074
7797	SPICES	0.12140757696969169	0.3753287025860378
8025	SPICES	0.12760953498738153	0.332836036171232
8049	SPICES	0.12697158647435053	0.35827005335262846
8094	SPICES	0.1019470893910953	0.3173120192119053
8419	SPICES	0.24733562554631913	0.5032192681516919
8438	SPICES	0.21332843175956182	0.4604309414114271
8468	SPICES	0.18878238115991866	0.4396973805768149
8815	SPICES	0.31134216700281414	0.550440102815628
8878	SPICES	0.11588795589549201	0.39341611521584646
9012	SPICES	0.1985406449862889	0.44861164689064026
10886	SPICES	0.1167630712900843	0.35739380546978544
11567	SPICES	0.16003364005259105	0.39782520277159555
12020	SPICES	0.16277791133948735	0.38796937465667725
12265	SPICES	0.14666965390954698	0.3710020056792668
12377	SPICES	0.3065282234123775	0.5724403602736337
16537	SPICES	0.12436312330620629	0.36346309951373507
17898	SPICES	0.14702215365001134	0.3956831140177591
18467	SPICES	0.1261679774948529	0.36459751214299885
21363	SPICES	0.12327920751912254	0.37062524046216694
27440	SPICES	0.2213433257171086	0.45984339714050293
31219	SPICES	0.1264319366642407	0.35345364042690824
31276	SPICES	0.09868181283984866	0.32038772106170654
31283	SPICES	0.11406121935163226	0.3193344473838806
60998	SPICES	0.1285558609025819	0.34074603234018597
61523	SPICES	0.09680459541933877	0.31735876202583313
62351	SPICES	0.2865042005266462	0.5320874197142464
62465	SPICES	0.39024063519069124	0.6428965585572379
251531	SPICES	0.1143593681710107	0.3188008538314274
440917	SPICES	0.24216870963573456	0.5012951024941036
637758	SPICES	0.19027198638234818	0.42493987934929983
1549025	SPICES	0.0971353751208101	0.2959709422928946
2733294	SPICES	0.10366458871534892	0.35411596298217773
5281167	SPICES	0.18737142426627024	0.42352984632764545
5281168	SPICES	0.17092392487185343	0.40531182289123535
5318599	SPICES	0.12327500752040318	0.352425570998873
5352837	SPICES	0.14169990164893015	0.3749554284981319
5364231	SPICES	0.15088372996875218	0.36210728543145315
262	SPICES	0.10957006471497673	0.3360908159187862
323	SPICES	0.22549086596284593	0.4794098564556667
750	SPICES	0.146454923919269	0.37992314781461445
753	SPICES	0.13464743324688502	0.36795663833618164
962	SPICES	0.17421540830816543	0.41203679357256207
5862	SPICES	0.17878504310335433	0.4201592803001404
5962	SPICES	0.12083042093685695	0.3558913086141859
6274	SPICES	0.14140987609113967	0.40942744272095816
6322	SPICES	0.13483938574790955	0.3865922178540911
6669	SPICES	0.06981626898050308	0.3610462801797049
7137	SPICES	0.31951395528657095	0.6027280007089887
15654	SPICES	0.18216068191187723	0.420265861919948
62089	SPICES	0.10371655119316918	0.32271853515080046
853433	SPICES	0.4008942076138088	0.6719363161495754
5371102	SPICES	0.13389966104711806	0.3617930923189436
10857465	SPICES	0.17493828173194612	0.4577654259545462
180	COLD	0.26759844379765646	0.44985070398875643
264	COLD	0.13535712552922113	0.3145686515739986
702	COLD	0.210233564887728	0.3972101424421583
1031	COLD	0.2279388861996787	0.41491621306964327
3102	COLD	0.24328824877738953	0.4391307362488338
3314	COLD	0.1550411241395133	0.3394288037504469
6506	COLD	0.23123929968902043	0.4096784847123282
6544	COLD	0.35248744062014986	0.5378998560564858
6561	COLD	0.2189115583896637	0.41901212504931856
7092	COLD	0.2994550381387983	0.5032491385936737
7302	COLD	0.25191341766289305	0.4394408677305494
7476	COLD	0.2459136460508619	0.4541752508708409
7559	COLD	0.25694060751370024	0.47937119007110596
7657	COLD	0.22747627113546645	0.41854470542498995
7770	COLD	0.21513729010309493	0.4155858371938978
7793	COLD	0.22684176904814585	0.4287508172648294
7797	COLD	0.246995747089386	0.4473383000918797
8025	COLD	0.2177510687283107	0.4042496510914394
8049	COLD	0.2113247173173087	0.3907879250390189
8094	COLD	0.18053064601761953	0.3676649715219225
8419	COLD	0.16707738169601985	0.35252367172922405
8438	COLD	0.22227962527956283	0.41474919659750803
8468	COLD	0.25435551575251986	0.44034394196101595
8815	COLD	0.2333920385156359	0.41883818592344013
8878	COLD	0.2266356817313603	0.4431833497115544
9012	COLD	0.12172919511795044	0.2706284054688045
10886	COLD	0.2288032685007368	0.42542371579578947
11567	COLD	0.36620604566165377	0.561464181968144
12020	COLD	0.23131719444479262	0.41193134444100515
12265	COLD	0.19289763484682357	0.3707640426499503
12377	COLD	0.13409448840788432	0.32961725762912203
16537	COLD	0.2934195952756064	0.4817435358251844
17898	COLD	0.17228337483746664	0.36566873107637676
18467	COLD	0.1995197981595993	0.38716672573770794
21363	COLD	0.18483283477170126	0.38651077662195477
27440	COLD	0.1190613614661353	0.28238187943186077
31219	COLD	0.2637436198336737	0.4877615145274571
31276	COLD	0.2603262811899185	0.4751561667237963
31283	COLD	0.18526117077895574	0.3560544891016824
60998	COLD	0.169384343283517	0.37094198380197796
61523	COLD	0.2362966729061944	0.4059695856911795
62351	COLD	0.13046280401093618	0.3158113275255476
62465	COLD	0.18118165646280562	0.37271298255239216
251531	COLD	0.19947594617094314	0.37518621342522757
440917	COLD	0.5461062278066363	0.6951907788004194
637758	COLD	0.24288189198289598	0.43007914083344595
1549025	COLD	0.17156205858503068	0.35108443243162973
2733294	COLD	0.24111095922333853	0.44562074542045593
5281167	COLD	0.21062430952276504	0.3905742381300245
5281168	COLD	0.1699647775718144	0.35859218665531706
5318599	COLD	0.24524817722184317	0.437407055071422
5352837	COLD	0.24226642932210649	0.43108916708401274
5364231	COLD	0.22963967280728476	0.421184058700289
262	COLD	0.3059045076370239	0.475645329271044
323	COLD	0.2868940532207489	0.49288441453661236
750	COLD	0.19618257454463414	0.38135976025036405
753	COLD	0.25765354718480793	0.43165440218789236
962	COLD	0.309452018567494	0.4913251485143389
5862	COLD	0.1528056263923645	0.33670088223048616
5962	COLD	0.15028827850307738	0.34309832964624676
6274	COLD	0.29018491932324003	0.46120833499091013
6322	COLD	0.2559571159737451	0.42798958505902973
6669	COLD	0.15910975422177995	0.31884095072746277
7137	COLD	0.2041329209293638	0.4220038822719029
15654	COLD	0.1448744460940361	0.31675746611186434
62089	COLD	0.14957470553261892	0.3469669946602413
853433	COLD	0.1689317226409912	0.3515248213495527
5371102	COLD	0.32712556208883015	0.5071856932980674
10857465	COLD	0.36348279884883333	0.5781497614724296
180	SOUR	0.2637774092810495	0.4875947875635965
264	SOUR	0.6233579431261335	0.7507113303456988
702	SOUR	0.2710968000548227	0.4885863321168082
1031	SOUR	0.2854778383459364	0.5021356429372515
3102	SOUR	0.26427610218524933	0.4801115606512342
3314	SOUR	0.1794040905577796	0.40471522297178
6506	SOUR	0.37826091051101685	0.5711586049624852
6544	SOUR	0.18055464859519685	0.3937389297144754
6561	SOUR	0.3341129549912044	0.5517744081360954
7092	SOUR	0.18950708210468292	0.39688865201813833
7302	SOUR	0.2757874131202698	0.5093740054539272
7476	SOUR	0.17997971177101135	0.3981974593230656
7559	SOUR	0.23697790716375625	0.4615232007844107
7657	SOUR	0.30003643461636137	0.519708343914577
7770	SOUR	0.26482774104390827	0.483728642974581
7793	SOUR	0.16167444629328592	0.3996447835649763
7797	SOUR	0.20292005581515177	0.4020976722240448
8025	SOUR	0.3221098908356258	0.5559979166303363
8049	SOUR	0.23603891049112594	0.44404167788369314
8094	SOUR	0.4393716922828129	0.6319915056228638
8419	SOUR	0.20006912520953588	0.4276092265333448
8438	SOUR	0.17232040848050797	0.37012407183647156
8468	SOUR	0.23566977679729462	0.4569273718765804
8815	SOUR	0.22058367729187012	0.4374070295265743
8878	SOUR	0.26733858457633425	0.46759707161358427
9012	SOUR	0.37268283537455965	0.6369846633502415
10886	SOUR	0.2587847411632538	0.465192334992545
11567	SOUR	0.20599595138004848	0.4158193937369755
12020	SOUR	0.2596130073070526	0.4792375223977225
12265	SOUR	0.24885080116135733	0.4638842046260834
12377	SOUR	0.3677468257290976	0.6675199525696891
16537	SOUR	0.2619139722415379	0.47386094076292856
17898	SOUR	0.2642368333680289	0.4940385137285505
18467	SOUR	0.2677401048796518	0.48624231134142193
21363	SOUR	0.40140356762068613	0.5853462644985744
27440	SOUR	0.29124953917094637	0.540696212223598
31219	SOUR	0.2514637751238687	0.4829732818262918
31276	SOUR	0.23676715791225433	0.4621423738343375
31283	SOUR	0.2389448561838695	0.44294184020587374
60998	SOUR	0.3426124027797154	0.5825558730534145
61523	SOUR	0.31406513282230925	0.5384526125022343
62351	SOUR	0.4046609742300851	0.6522287130355835
62465	SOUR	0.17243588609354837	0.4373378540788378
251531	SOUR	0.3069746196269989	0.5198431951659066
440917	SOUR	0.20511794090270996	0.41291785665920805
637758	SOUR	0.21504460062299455	0.4408253771918161
1549025	SOUR	0.28021671942302157	0.49841828857149395
2733294	SOUR	0.2807038979870932	0.48578137585095
5281167	SOUR	0.32249879837036133	0.5338113733700344
5281168	SOUR	0.4780253384794508	0.6683543069022042
5318599	SOUR	0.28695358974593027	0.5141391796725137
5352837	SOUR	0.2604116691010339	0.48573768564632963
5364231	SOUR	0.3065741402762277	0.5245577224663326
262	SOUR	0.22247789374419621	0.43439034479004995
323	SOUR	0.17663318344524928	0.4055151343345642
750	SOUR	0.25397600659302305	0.4613640180655888
753	SOUR	0.24684646938528335	0.45377865859440397
962	SOUR	0.23797583792890822	0.4471018484660557
5862	SOUR	0.28556540395532337	0.5206779284136636
5962	SOUR	0.37185061829430716	0.5757739543914795
6274	SOUR	0.25164833664894104	0.4750180074146816
6322	SOUR	0.2738360656159265	0.4827845479760851
6669	SOUR	0.16975119284221105	0.33497704352651325
7137	SOUR	0.17283898379121507	0.3573274740150997
15654	SOUR	0.24752656051090785	0.4740478183541979
62089	SOUR	0.49426805121558054	0.7004622306142535
853433	SOUR	0.15609978778021677	0.37566603081566946
5371102	SOUR	0.22423721424170903	0.4368659555912018
10857465	SOUR	0.21078311119760787	0.45815071037837435
180	BURNT	0.10898402439696449	0.370517692395619
264	BURNT	0.09855967972959791	0.3589261472225189
702	BURNT	0.10742256364652089	0.35277409638677326
1031	BURNT	0.09123559721878596	0.32979522006852285
3102	BURNT	0.1255949895296778	0.39630105665751864
3314	BURNT	0.1423890654529844	0.47133014457566397
6506	BURNT	0.08264831666435514	0.333780254636492
6544	BURNT	0.062006197071501186	0.303878447839192
6561	BURNT	0.1117399228470666	0.3883342615195683
7092	BURNT	0.09071264203105654	0.35731010351862225
7302	BURNT	0.1771803413118635	0.47049848096711294
7476	BURNT	0.041537887549826076	0.26016934641769957
7559	BURNT	0.04168586619198322	0.25838659916605267
7657	BURNT	0.11287295392581395	0.3804407630647932
7770	BURNT	0.02619247351373945	0.22985015596662248
7793	BURNT	0.06188280348266874	0.2999852853161948
7797	BURNT	0.016079384833574295	0.17136940572943007
8025	BURNT	0.09457100821392876	0.35702321359089445
8049	BURNT	0.06496053987315722	0.27864485553332735
8094	BURNT	0.12443940873656954	0.42653886335236685
8419	BURNT	0.1143871396780014	0.3864575113568987
8438	BURNT	0.07460025059325355	0.31701170972415377
8468	BURNT	0.11527552881411143	0.39624304856572834
8815	BURNT	0.07932396605610847	0.3675537237099239
8878	BURNT	0.03205333570284503	0.22094783825533731
9012	BURNT	0.2685123554297856	0.5885779857635498
10886	BURNT	0.03255399316549301	0.21323122935635702
11567	BURNT	0.17176947104079382	0.45995509198733736
12020	BURNT	0.10635475920779365	0.36829126306942533
12265	BURNT	0.12991799201284135	0.3970323843615396
12377	BURNT	0.20531071722507477	0.4931234930242811
16537	BURNT	0.053596610469477515	0.2894020804337093
17898	BURNT	0.20830205934388296	0.533407198531287
18467	BURNT	0.16880664229393005	0.4667417917932783
21363	BURNT	0.11396729839699608	0.3743390611239842
27440	BURNT	0.2834524576153074	0.6331274339130947
31219	BURNT	0.037147311227662225	0.2571389845439366
31276	BURNT	0.023048017706189836	0.2193272433110646
31283	BURNT	0.11441882167543684	0.3741339828286852
60998	BURNT	0.08460806735924312	0.3246063547474997
61523	BURNT	0.0840746888092586	0.32276833057403564
62351	BURNT	0.18918360344001225	0.5267612848963056
62465	BURNT	0.25998840587479727	0.6170216373034886
251531	BURNT	0.10533654051167625	0.32069413151059833
440917	BURNT	0.05769590873803411	0.2590009442397526
637758	BURNT	0.020478522138936178	0.21015230459826334
1549025	BURNT	0.08978204748460225	0.332162652696882
2733294	BURNT	0.053599076345562935	0.25676543584891726
5281167	BURNT	0.08188972835029874	0.3545622910772051
5281168	BURNT	0.12868179168019975	0.4588552245071956
5318599	BURNT	0.11281636144433703	0.4096206171172006
5352837	BURNT	0.09743338929755348	0.3753009821687426
5364231	BURNT	0.09920518100261688	0.3309845413480486
262	BURNT	0.11654895011867795	0.36568840060915264
323	BURNT	0.1300906017422676	0.38816347292491366
750	BURNT	0.16320302763155528	0.4563638525349753
753	BURNT	0.1167259109871728	0.3792801925114223
962	BURNT	0.08689096250704356	0.3485626918928964
5862	BURNT	0.2196471244096756	0.5252224845545632
5962	BURNT	0.18431691186768667	0.4801101343972342
6274	BURNT	0.13800027327878134	0.4267005962984903
6322	BURNT	0.12465884217194148	0.4141045766217368
6669	BURNT	0.10497647417443139	0.36508395416396006
7137	BURNT	0.1519744438784463	0.4458248657839639
15654	BURNT	0.20191789312022074	0.503393258367266
62089	BURNT	0.17868570131914957	0.504986469234739
853433	BURNT	0.12787757707493647	0.4521136837346213
5371102	BURNT	0.06952561012336186	0.27931335142680574
10857465	BURNT	0.032741974240967205	0.23707114585808345
180	ACID	0.34441687379564556	0.5631594232150486
264	ACID	0.2328032957656043	0.44792269383158
702	ACID	0.2186438547713416	0.42063379287719727
1031	ACID	0.24582257441111974	0.4444381424358913
3102	ACID	0.38830200263432096	0.5830191033227103
3314	ACID	0.15663173156125204	0.364308272089277
6506	ACID	0.2796296200581959	0.48365617224148344
6544	ACID	0.32197083107062746	0.5347896260874612
6561	ACID	0.33094762904303415	0.5364386396748679
7092	ACID	0.25319417459624155	0.46549933723040987
7302	ACID	0.3602291856493269	0.5580177136829921
7476	ACID	0.2000382457460676	0.39528018661907743
7559	ACID	0.2810876454625811	0.5040716741766248
7657	ACID	0.3851490914821625	0.5963316644941058
7770	ACID	0.20245649133409774	0.41143281970705303
7793	ACID	0.18041034468582698	0.40354180761746
7797	ACID	0.11595288664102554	0.31036167059625897
8025	ACID	0.3352488321917398	0.5448645864214215
8049	ACID	0.17281125911644526	0.35604147400174824
8094	ACID	0.29190559898103985	0.5119165522711617
8419	ACID	0.17862908329282487	0.36848142743110657
8438	ACID	0.1741787280355181	0.3564579742295401
8468	ACID	0.24367010380540574	0.457241062607084
8815	ACID	0.2735994415623801	0.4631031538758959
8878	ACID	0.14914709010294505	0.34329844798360554
9012	ACID	0.3285811586039407	0.5361171960830688
10886	ACID	0.15498765238693782	0.35314315983227323
11567	ACID	0.5342216278825488	0.7217827269009182
12020	ACID	0.2771860233375004	0.47300832186426434
12265	ACID	0.2801504688603537	0.4777990366731371
12377	ACID	0.23997715541294642	0.47802690523011343
16537	ACID	0.27736012637615204	0.48311613712991985
17898	ACID	0.2979741713830403	0.5087363379342216
18467	ACID	0.30194197595119476	0.5083883064133781
21363	ACID	0.21585384437016078	0.43075411660330637
27440	ACID	0.30161230691841673	0.513458958693913
31219	ACID	0.2880903674023492	0.5157502208437238
31276	ACID	0.33090889879635405	0.5587606089455741
31283	ACID	0.19036519953182765	0.38111578140939983
60998	ACID	0.23783456001962935	0.45983453733580454
61523	ACID	0.26998527773789	0.5001603364944458
62351	ACID	0.2621285766363144	0.4849968893187387
62465	ACID	0.2796340159007481	0.4894851659025465
251531	ACID	0.24202366173267365	0.4618285596370697
440917	ACID	0.4605800679751805	0.6521840521267482
637758	ACID	0.1944634701524462	0.39766751868384226
1549025	ACID	0.17025923090321676	0.3974434222493853
2733294	ACID	0.23455844819545746	0.45361633385930744
5281167	ACID	0.23834540375641414	0.4530546622616904
5281168	ACID	0.3226085901260376	0.5468649438449315
5318599	ACID	0.31086317130497526	0.5203847544533866
5352837	ACID	0.2851855456829071	0.4882520522390093
5364231	ACID	0.22588582124028886	0.41125995346478056
262	ACID	0.3247782588005066	0.5391519239970616
323	ACID	0.24710709282330104	0.4590548872947693
750	ACID	0.24152437491076334	0.44366516385759625
753	ACID	0.27303767842905863	0.48996359535626005
962	ACID	0.2938986378056662	0.5039903776986259
5862	ACID	0.21182588381426676	0.4315009457724435
5962	ACID	0.27454920538834165	0.48244091868400574
6274	ACID	0.27188655095441	0.5022400915622711
6322	ACID	0.2761560635907309	0.491793760231563
6669	ACID	0.1824246006352561	0.35301247239112854
7137	ACID	0.20963147708347865	0.4426448345184326
15654	ACID	0.1708446964621544	0.38784994397844585
62089	ACID	0.35367491841316223	0.5710677249091012
853433	ACID	0.13704841051782882	0.34213004793439594
5371102	ACID	0.29924464225769043	0.5085655791418893
10857465	ACID	0.35340690187045504	0.5458102652004787
180	WARM	0.22268626732485636	0.42240213070596966
264	WARM	0.3181569916861398	0.5225732454231807
702	WARM	0.23728232511452266	0.4396973507744925
1031	WARM	0.21547578062329972	0.4185248741081783
3102	WARM	0.2809765317610332	0.49474177190235685
3314	WARM	0.4456454430307661	0.6141897695405143
6506	WARM	0.2698490789958409	0.46659766350473675
6544	WARM	0.28292708311762127	0.511599566255297
6561	WARM	0.22972720861434937	0.44127990518297466
7092	WARM	0.34438937050955637	0.5495393531663078
7302	WARM	0.2884220097746168	0.49703024114881245
7476	WARM	0.3201856485434941	0.527033805847168
7559	WARM	0.29986742990357534	0.5180754278387342
7657	WARM	0.26441764192921774	0.47751715779304504
7770	WARM	0.30882294688905987	0.5269666271550315
7793	WARM	0.3757966714245932	0.551619257245745
7797	WARM	0.36440976176943096	0.5298029014042446
8025	WARM	0.236705020070076	0.43491852283477783
8049	WARM	0.31574362090655733	0.4872019290924072
8094	WARM	0.2981711838926588	0.5208914875984192
8419	WARM	0.4054805168083736	0.6085865582738604
8438	WARM	0.3567674287727901	0.5567140068326678
8468	WARM	0.3075624108314514	0.517495436327798
8815	WARM	0.3127738322530474	0.5110883925642286
8878	WARM	0.354738576071603	0.5668418407440186
9012	WARM	0.339606089251382	0.5683233993394035
10886	WARM	0.2782839259931019	0.4811439173562186
11567	WARM	0.3275501344885145	0.5413528893675122
12020	WARM	0.2354365438222885	0.4362832563264029
12265	WARM	0.2579253103051867	0.45307617102350506
12377	WARM	0.3008614480495453	0.5585731012480599
16537	WARM	0.24064897426537105	0.46189757330077036
17898	WARM	0.3618286337171282	0.5747516070093427
18467	WARM	0.30808846013886587	0.5150449531418937
21363	WARM	0.33443822605269297	0.5463139797960009
27440	WARM	0.4019523007529123	0.6206964594977242
31219	WARM	0.26444883005959646	0.4982122140271323
31276	WARM	0.2603367694786617	0.4718695282936096
31283	WARM	0.30708060945783344	0.49169333066259113
60998	WARM	0.30618406193596975	0.5470727128641946
61523	WARM	0.24763936230114528	0.46140696321214947
62351	WARM	0.3170238307544163	0.55093571969441
62465	WARM	0.45599737763404846	0.660232595035008
251531	WARM	0.29093184428555624	0.4798570658479418
440917	WARM	0.21766229186739242	0.465635929788862
637758	WARM	0.344052003962653	0.5353382400103978
1549025	WARM	0.2698320150375366	0.4697983648095812
2733294	WARM	0.2677456246955054	0.4879550848688398
5281167	WARM	0.25915703390325817	0.47116684913635254
5281168	WARM	0.3215616260256086	0.5227509949888501
5318599	WARM	0.2938299562249865	0.5004567078181675
5352837	WARM	0.27436731329986025	0.4841327539512089
5364231	WARM	0.28125291637011934	0.4747575010572161
262	WARM	0.23554138839244843	0.4328294481549944
323	WARM	0.39276911105428425	0.6004584601947239
750	WARM	0.30077044878687176	0.5056492856570652
753	WARM	0.2571192979812622	0.4593952936785562
962	WARM	0.23344283444540842	0.44701364636421204
5862	WARM	0.32880121895245146	0.5465699093682426
5962	WARM	0.3191533514431545	0.521251516682761
6274	WARM	0.32030883005687166	0.5418058037757874
6322	WARM	0.2734118912901197	0.4887018544333322
6669	WARM	0.3673597403935024	0.5850350345884051
7137	WARM	0.5375177775110517	0.7211708767073495
15654	WARM	0.3537697196006775	0.5600912570953369
62089	WARM	0.3226469968046461	0.5491984401430402
853433	WARM	0.49887176922389437	0.6675557919910976
5371102	WARM	0.24577426697526658	0.4536251425743103
10857465	WARM	0.3275986782142094	0.5571111696107047
180	MUSKY	0.22414622562272207	0.4727225516523634
264	MUSKY	0.5518235266208649	0.7793592384883335
702	MUSKY	0.24950308246271952	0.4888995247227805
1031	MUSKY	0.2561108448675701	0.4897655504090445
3102	MUSKY	0.25868562928267885	0.5225538270814079
3314	MUSKY	0.18284096675259726	0.4014273158141545
6506	MUSKY	0.29932878060000284	0.5480569175311497
6544	MUSKY	0.15919848212174006	0.39899311321122305
6561	MUSKY	0.2932442320244653	0.5405055837971824
7092	MUSKY	0.14740486762353353	0.3638476473944528
7302	MUSKY	0.26007185876369476	0.5183412517820086
7476	MUSKY	0.18538289197853633	0.44091317483357023
7559	MUSKY	0.2011972176177161	0.47705836806978497
7657	MUSKY	0.28484294031347546	0.539705868278231
7770	MUSKY	0.1428775212594441	0.3903390509741647
7793	MUSKY	0.17044101442609513	0.40653424177850994
7797	MUSKY	0.09773702493735723	0.2867823285715921
8025	MUSKY	0.26532217860221863	0.5130550478185926
8049	MUSKY	0.18469270638057164	0.4087873910154615
8094	MUSKY	0.4459821283817291	0.7110280564853123
8419	MUSKY	0.2406392672232219	0.5030403350080762
8438	MUSKY	0.18381736321108683	0.42575566257749287
8468	MUSKY	0.233582718031747	0.48663086550576345
8815	MUSKY	0.16269213919128692	0.4114076111997877
8878	MUSKY	0.14742801231997354	0.3809344044753483
9012	MUSKY	0.3453279307910374	0.6410468305860247
10886	MUSKY	0.1519966572523117	0.3951336656297956
11567	MUSKY	0.18112719058990479	0.459095116172518
12020	MUSKY	0.2303730994462967	0.4735697720732008
12265	MUSKY	0.23587223035948618	0.4895637972014291
12377	MUSKY	0.27943851905209677	0.5873658657073975
16537	MUSKY	0.16220250725746155	0.42595987234796795
17898	MUSKY	0.29026887246540617	0.5822885973112923
18467	MUSKY	0.29063382744789124	0.5587633337293353
21363	MUSKY	0.42953174454825266	0.6571412512234279
27440	MUSKY	0.3050872598375593	0.6162487353597369
31219	MUSKY	0.18298334096159255	0.46016667996134075
31276	MUSKY	0.10057957683290754	0.35268481714384897
31283	MUSKY	0.23311669485909597	0.49773667965616497
60998	MUSKY	0.32139740671430317	0.5990855268069676
61523	MUSKY	0.27362373897007536	0.5263590940407344
62351	MUSKY	0.34176998904773165	0.6258917365755353
62465	MUSKY	0.23273420120988572	0.5121371746063232
251531	MUSKY	0.28663874523980276	0.5290856148515429
440917	MUSKY	0.08242921052234513	0.2622373934303011
637758	MUSKY	0.1739344745874405	0.4442341242517744
1549025	MUSKY	0.1934442094394139	0.4629628232547215
2733294	MUSKY	0.17239436081477574	0.42036967618124826
5281167	MUSKY	0.25570198042052134	0.4950995019504002
5281168	MUSKY	0.4364862782614572	0.6889498829841614
5318599	MUSKY	0.27751669713429045	0.5537363971982684
5352837	MUSKY	0.22992650313036783	0.4916193868432726
5364231	MUSKY	0.253166458436421	0.4941558710166386
262	MUSKY	0.19293173296110971	0.4352310129574367
323	MUSKY	0.17336212950093405	0.41313912187303814
750	MUSKY	0.25954852785382954	0.5114156178065709
753	MUSKY	0.21616032932485854	0.4542025923728943
962	MUSKY	0.1991866614137377	0.425242726291929
5862	MUSKY	0.2985494775431497	0.5723244888441903
5962	MUSKY	0.39546999335289	0.6461648600442069
6274	MUSKY	0.23971613815852574	0.5012786047799247
6322	MUSKY	0.240373072879655	0.48033384340150015
6669	MUSKY	0.2464980206319264	0.5007510312965938
7137	MUSKY	0.16074143775871821	0.3621027597359249
15654	MUSKY	0.2718980759382248	0.5554602742195129
62089	MUSKY	0.5201620842729296	0.7921537756919861
853433	MUSKY	0.15477860825402395	0.35255524090358187
5371102	MUSKY	0.17083485850266047	0.40137157695634024
10857465	MUSKY	0.2665598477636065	0.5431646278926304
180	SWEATY	0.10796130821108818	0.28157711029052734
264	SWEATY	0.42242660905633655	0.6164808145591191
702	SWEATY	0.13021413130419596	0.29706157531057087
1031	SWEATY	0.13110641815832683	0.30467855078833445
3102	SWEATY	0.12126720803124565	0.30351850603307995
3314	SWEATY	0.03647879564336368	0.16195314696856908
6506	SWEATY	0.1799337842634746	0.35837324602263315
6544	SWEATY	0.043618115463427136	0.17423742530601366
6561	SWEATY	0.16125891464097158	0.34181858386312214
7092	SWEATY	0.03975090916667666	0.16008489898272923
7302	SWEATY	0.1218083341206823	0.30638899547713144
7476	SWEATY	0.05589973820107324	0.20615001022815704
7559	SWEATY	0.07366624847054482	0.23223579568522318
7657	SWEATY	0.13555066926138742	0.32897780197007315
7770	SWEATY	0.07805737214429039	0.19430741242000035
7793	SWEATY	0.06516312648143087	0.1904495166880744
7797	SWEATY	0.012696547699826104	0.12491944219384875
8025	SWEATY	0.13112727020468032	0.3144135815756662
8049	SWEATY	0.08448965208871025	0.20843614850725448
8094	SWEATY	0.29666527254240854	0.5176123252936772
8419	SWEATY	0.06540308147668839	0.23323409259319305
8438	SWEATY	0.044269257092050145	0.17098215435232436
8468	SWEATY	0.08178926365716117	0.23062736647469656
8815	SWEATY	0.04057231013263975	0.2176729610988072
8878	SWEATY	0.06855197836245809	0.21267767250537872
9012	SWEATY	0.17685758641787938	0.4236688699041094
10886	SWEATY	0.06447859800287656	0.21921168267726898
11567	SWEATY	0.07296381358589445	0.22175851464271545
12020	SWEATY	0.11171873446021761	0.2723476013966969
12265	SWEATY	0.10646952795130867	0.27930855112416403
12377	SWEATY	0.13035202664988382	0.3887639769486019
16537	SWEATY	0.05951091806803431	0.21966582536697388
17898	SWEATY	0.11775407195091248	0.3204855706010546
18467	SWEATY	0.12718926795891353	0.30784107957567486
21363	SWEATY	0.26512929797172546	0.41978634681020466
27440	SWEATY	0.12796105231557572	0.3737646383898599
31219	SWEATY	0.06458520144224167	0.22336405302797044
31276	SWEATY	0.044999071529933383	0.13765165848391397
31283	SWEATY	0.11554671611104693	0.2789725533553532
60998	SWEATY	0.1811972430774144	0.3697173680577959
61523	SWEATY	0.15477198575224196	0.36368800699710846
62351	SWEATY	0.19439719404493058	0.4214773007801601
62465	SWEATY	0.043160121355737956	0.20119369668619974
251531	SWEATY	0.14168525700058257	0.3172725566795894
440917	SWEATY	-0.0036906381802899496	0.07299166545271873
637758	SWEATY	0.06958035060337611	0.22790923076016562
1549025	SWEATY	0.09225413628986903	0.27971017573560986
2733294	SWEATY	0.07934321995292391	0.24813623087746756
5281167	SWEATY	0.13238481964383805	0.32482713035174776
5281168	SWEATY	0.26229276188782286	0.47875515477997915
5318599	SWEATY	0.1350785100034305	0.33860637886183603
5352837	SWEATY	0.10537429366792951	0.2949930301734379
5364231	SWEATY	0.13667512897934234	0.341463212456022
262	SWEATY	0.0893315098115376	0.24218098393508367
323	SWEATY	0.0445546241743224	0.16630337813070842
750	SWEATY	0.12935412781579153	0.29260143637657166
753	SWEATY	0.09840690238135201	0.25203282279627665
962	SWEATY	0.0779468763087477	0.22992787190846034
5862	SWEATY	0.15044339852673666	0.34155196377209257
5962	SWEATY	0.24028803621019637	0.4442383859838758
6274	SWEATY	0.09876371813671929	0.2509979265076773
6322	SWEATY	0.10909387043544225	0.26816829826150623
6669	SWEATY	0.06692870067698616	0.20330597460269928
7137	SWEATY	0.02803900066230978	0.13257520965167455
15654	SWEATY	0.11601268712963377	0.30252501368522644
62089	SWEATY	0.34637075662612915	0.5912013649940491
853433	SWEATY	0.01812608353793621	0.1321498304605484
5371102	SWEATY	0.06247922618474279	0.21870032165731704
10857465	SWEATY	0.051073565014771054	0.20062455534934998
180	AMMONIA/URINOUS	0.2943328022956848	0.4529569745063782
264	AMMONIA/URINOUS	0.34634932024138315	0.49898251465388704
702	AMMONIA/URINOUS	0.18506941625050136	0.345718903200967
1031	AMMONIA/URINOUS	0.21384299440043314	0.37500561135155813
3102	AMMONIA/URINOUS	0.35029893687793184	0.4944565381322588
3314	AMMONIA/URINOUS	0.08585611251848084	0.25484306045940947
6506	AMMONIA/URINOUS	0.24436210095882416	0.4063275797026498
6544	AMMONIA/URINOUS	0.28466747062546865	0.43157454473631723
6561	AMMONIA/URINOUS	0.2811045391219003	0.4448694714478084
7092	AMMONIA/URINOUS	0.1772305816411972	0.33358771886144367
7302	AMMONIA/URINOUS	0.3132072857448033	0.4695352017879486
7476	AMMONIA/URINOUS	0.18404989476714814	0.3305651673248836
7559	AMMONIA/URINOUS	0.2764493908200945	0.4509565106460026
7657	AMMONIA/URINOUS	0.376703679561615	0.5207508291516986
7770	AMMONIA/URINOUS	0.13654181414416858	0.28692972872938427
7793	AMMONIA/URINOUS	0.21142861885683878	0.36704602411815096
7797	AMMONIA/URINOUS	0.020212775894573758	0.14862816035747528
8025	AMMONIA/URINOUS	0.29231807589530945	0.4508251632962908
8049	AMMONIA/URINOUS	0.11148995480367116	0.25068882959229605
8094	AMMONIA/URINOUS	0.30859123383249554	0.47883426291602
8419	AMMONIA/URINOUS	0.1787447546209608	0.3340726239340646
8438	AMMONIA/URINOUS	0.13071406526224955	0.26604373114449636
8468	AMMONIA/URINOUS	0.20083285761731012	0.36152221475328716
8815	AMMONIA/URINOUS	0.19122082420757838	0.3471341090542929
8878	AMMONIA/URINOUS	0.06266989878245763	0.201546705194882
9012	AMMONIA/URINOUS	0.3810206140790667	0.525356833423887
10886	AMMONIA/URINOUS	0.09274167886802129	0.24571857920714787
11567	AMMONIA/URINOUS	0.48708646638052805	0.6139144897460938
12020	AMMONIA/URINOUS	0.22340726852416992	0.37529794233185904
12265	AMMONIA/URINOUS	0.25362626782485415	0.4078009341444288
12377	AMMONIA/URINOUS	0.29419997334480286	0.44637384159224375
16537	AMMONIA/URINOUS	0.21605321764945984	0.35805921469415936
17898	AMMONIA/URINOUS	0.28736724172319683	0.44956024629729135
18467	AMMONIA/URINOUS	0.30795171005385263	0.45502292258398874
21363	AMMONIA/URINOUS	0.2991886053766523	0.45706731506756376
27440	AMMONIA/URINOUS	0.2912817895412445	0.4794902503490448
31219	AMMONIA/URINOUS	0.23782848034586226	0.417918677840914
31276	AMMONIA/URINOUS	0.2356791283403124	0.4009378211838858
31283	AMMONIA/URINOUS	0.14252606885773794	0.28227816947868895
60998	AMMONIA/URINOUS	0.31341139333588736	0.47738576361111235
61523	AMMONIA/URINOUS	0.3303707923207964	0.44591629930904936
62351	AMMONIA/URINOUS	0.2933943441935948	0.44367375544139315
62465	AMMONIA/URINOUS	0.2537922135421208	0.4355721260820116
251531	AMMONIA/URINOUS	0.27618770727089476	0.42296522855758667
440917	AMMONIA/URINOUS	0.3169246656554086	0.46534385851451326
637758	AMMONIA/URINOUS	0.17577171751431056	0.3387127050331661
1549025	AMMONIA/URINOUS	0.19112790482384817	0.3389992245606014
2733294	AMMONIA/URINOUS	0.19134322234562465	0.33178785017558504
5281167	AMMONIA/URINOUS	0.23124181372778757	0.36358886531421114
5281168	AMMONIA/URINOUS	0.306276764188494	0.5011014555181775
5318599	AMMONIA/URINOUS	0.2773820970739637	0.43942603043147493
5352837	AMMONIA/URINOUS	0.24981327142034257	0.3915142033781324
5364231	AMMONIA/URINOUS	0.19784148356744222	0.3390579436506544
262	AMMONIA/URINOUS	0.2805320620536804	0.4223947397300175
323	AMMONIA/URINOUS	0.21077309335981095	0.3562305356775011
750	AMMONIA/URINOUS	0.20113716380936758	0.3483231408255441
753	AMMONIA/URINOUS	0.2195994108915329	0.3680493576186044
962	AMMONIA/URINOUS	0.214472234249115	0.3675223078046526
5862	AMMONIA/URINOUS	0.23327667159693583	0.3900294303894043
5962	AMMONIA/URINOUS	0.3058776685169765	0.45076726164136616
6274	AMMONIA/URINOUS	0.21936742109911783	0.37367652569498333
6322	AMMONIA/URINOUS	0.2017440242426736	0.3484018998486655
6669	AMMONIA/URINOUS	0.16531363768236979	0.2432162208216531
7137	AMMONIA/URINOUS	0.15569527872971126	0.3045029767921993
15654	AMMONIA/URINOUS	0.17643712035247258	0.34855314663478304
62089	AMMONIA/URINOUS	0.37777310609817505	0.5480940852846418
853433	AMMONIA/URINOUS	0.07044236734509468	0.2313434417758669
5371102	AMMONIA/URINOUS	0.25959485343524386	0.39285979100636076
10857465	AMMONIA/URINOUS	0.3653255062443869	0.5189185014792851
180	DECAYED	0.07039891236594745	0.32051470024245127
264	DECAYED	0.2698452664273126	0.5568497223513467
702	DECAYED	0.08041045229349818	0.31951058336666655
1031	DECAYED	0.08150002839309829	0.32347115661416737
3102	DECAYED	0.08531044955764498	0.34099423459597994
3314	DECAYED	0.0509892643562385	0.2888730083193098
6506	DECAYED	0.1131695317370551	0.3571950835841043
6544	DECAYED	0.046425199402230125	0.27934334107807707
6561	DECAYED	0.09374434713806425	0.3491272968905313
7092	DECAYED	0.03866640292108059	0.26434377687317984
7302	DECAYED	0.0810964150088174	0.3091822458165033
7476	DECAYED	0.044789195859006474	0.2837613501719066
7559	DECAYED	0.05950320033090455	0.3385587079184396
7657	DECAYED	0.09352299251726695	0.35919852341924396
7770	DECAYED	0.07505220068352562	0.31151313866887775
7793	DECAYED	0.051890632403748374	0.22491888914789473
7797	DECAYED	0.043998848380787034	0.2241053921835763
8025	DECAYED	0.09544768503734044	0.36617524709020344
8049	DECAYED	0.06732478684612683	0.2707796309675489
8094	DECAYED	0.16230835765600204	0.4577210077217647
8419	DECAYED	0.07894237020186015	0.3462987797600882
8438	DECAYED	0.05030291846820286	0.2712483193193163
8468	DECAYED	0.0557141551481826	0.2679377411093031
8815	DECAYED	0.045483505353331566	0.309265456029347
8878	DECAYED	0.07050945929118566	0.2903558909893036
9012	DECAYED	0.20441815895693644	0.5257467414651599
10886	DECAYED	0.0721704193523952	0.2868941383702414
11567	DECAYED	0.08063831233552524	0.32683652213641573
12020	DECAYED	0.06968277426702636	0.29443094985825674
12265	DECAYED	0.07690222774233137	0.3281390837260655
12377	DECAYED	0.2447795229298728	0.6169701133455548
16537	DECAYED	0.0532589139682906	0.2638097533157894
17898	DECAYED	0.12050735631159373	0.38029269661222187
18467	DECAYED	0.10460362583398819	0.36092245153018404
21363	DECAYED	0.1675519198179245	0.4515640267304012
27440	DECAYED	0.13589375678982055	0.461752040045602
31219	DECAYED	0.051124385957206996	0.3456552156380245
31276	DECAYED	0.061496409454516	0.3129946844918387
31283	DECAYED	0.07457292931420463	0.3018918676035745
60998	DECAYED	0.1314927488565445	0.4273472343172346
61523	DECAYED	0.10901264952761787	0.35084569454193115
62351	DECAYED	0.2116091591971261	0.526993385383061
62465	DECAYED	0.09699194452592305	0.34938082098960876
251531	DECAYED	0.09112663354192461	0.35273688605853487
440917	DECAYED	0.002890558381165777	0.21550524021897996
637758	DECAYED	0.04810075355427606	0.3323706899370466
1549025	DECAYED	0.09376829330410276	0.307929413659232
2733294	DECAYED	0.08197481610945292	0.3363661255155291
5281167	DECAYED	0.10172594232218606	0.3631985144955771
5281168	DECAYED	0.17225462198257446	0.4843035170010158
5318599	DECAYED	0.1030145308801106	0.349320581981114
5352837	DECAYED	0.08402009201901299	0.31229536873953684
5364231	DECAYED	0.1027015011225428	0.3366069623402187
262	DECAYED	0.059742875929389684	0.27409920522144865
323	DECAYED	0.04830596489565713	0.22764832420008524
750	DECAYED	0.07660888241870063	0.2746401514325823
753	DECAYED	0.062431558434452326	0.26822876717363087
962	DECAYED	0.053209464730960984	0.24992347615105764
5862	DECAYED	0.1395400134580476	0.3974556710038866
5962	DECAYED	0.14457277953624725	0.41111984848976135
6274	DECAYED	0.057438653494630544	0.2566665347133364
6322	DECAYED	0.05866953996675355	0.24716195038386754
6669	DECAYED	0.062477895457829745	0.30197840503283907
7137	DECAYED	0.07098899888140815	0.28845586095537457
15654	DECAYED	0.1060796028801373	0.37254314763205393
62089	DECAYED	0.1897492174591337	0.5064888341086251
853433	DECAYED	0.03934718987771443	0.2637062541076115
5371102	DECAYED	0.04603735676833561	0.2727817531142916
10857465	DECAYED	0.07369443348475865	0.34722779052598135
180	WOOD	0.22218344679900578	0.38598449741091045
264	WOOD	0.12807748466730118	0.27714623510837555
702	WOOD	0.23818672341959818	0.3802843987941742
1031	WOOD	0.21614035538264684	0.3570090276854379
3102	WOOD	0.17438965822969163	0.3399518387658255
3314	WOOD	0.3094785852091653	0.44994828956467764
6506	WOOD	0.20166572715554917	0.3551624800477709
6544	WOOD	0.23630148385252273	0.3913104108401707
6561	WOOD	0.22186759540012904	0.3794266794409071
7092	WOOD	0.21775899401732854	0.401378401688167
7302	WOOD	0.2905551620892116	0.46439910360745024
7476	WOOD	0.11967488378286362	0.26383119182927267
7559	WOOD	0.09738802909851074	0.22311480981963022
7657	WOOD	0.15962890642029898	0.2949398713452475
7770	WOOD	0.0637047929423196	0.1772360418524061
7793	WOOD	0.15893390348979405	0.2897171676158905
7797	WOOD	0.09114489597933632	0.19123345613479614
8025	WOOD	0.15827744347708567	0.30446524705205646
8049	WOOD	0.1563944731439863	0.28839760593005587
8094	WOOD	0.2641230395862034	0.45967981219291687
8419	WOOD	0.2039993852376938	0.35632499200957163
8438	WOOD	0.18291694351605006	0.33773517182895113
8468	WOOD	0.3400249310902187	0.5202783516475132
8815	WOOD	0.20312559391771043	0.35756275057792664
8878	WOOD	0.10275139446769442	0.21293544343539647
9012	WOOD	0.2051337276186262	0.3443263726575034
10886	WOOD	0.11199180888278144	0.22068239535604203
11567	WOOD	0.22804305170263564	0.3977439360959189
12020	WOOD	0.23314403210367476	0.39680000288145884
12265	WOOD	0.2179308214357921	0.36739284225872587
12377	WOOD	0.15296193957328796	0.28338658596788135
16537	WOOD	0.2201869594199317	0.3990381232329777
17898	WOOD	0.34788348419325693	0.5163401876177106
18467	WOOD	0.3005656216825758	0.4547368586063385
21363	WOOD	0.20845810430390493	0.38899265016828266
27440	WOOD	0.350294577223914	0.5269480305058616
31219	WOOD	0.0788610934146813	0.21493914936270034
31276	WOOD	0.07034088192241532	0.18445042627198355
31283	WOOD	0.2527835156236376	0.4216819873877934
60998	WOOD	0.13263118054185594	0.27043728956154417
61523	WOOD	0.18377567401954106	0.3470394994531359
62351	WOOD	0.2208856748683112	0.4069520788533347
62465	WOOD	0.3886776438781193	0.5561485035078866
251531	WOOD	0.1706084076847349	0.30258913551058086
440917	WOOD	0.3280682648931231	0.48500230056898935
637758	WOOD	0.07896117653165545	0.19073356688022614
1549025	WOOD	0.1707777295793806	0.31785182441983906
2733294	WOOD	0.12792276271751948	0.2611338879380907
5281167	WOOD	0.20930725974696024	0.3817720115184784
5281168	WOOD	0.30566064374787466	0.5039580506937844
5318599	WOOD	0.24492227605410985	0.45277776036943707
5352837	WOOD	0.20443518672670638	0.40211727363722666
5364231	WOOD	0.20514777089868272	0.3414216637611389
262	WOOD	0.22424485853740148	0.38490412490708487
323	WOOD	0.24903187581471034	0.4211951919964382
750	WOOD	0.3377504348754883	0.5052391460963658
753	WOOD	0.269963447536741	0.44206167118889944
962	WOOD	0.2896933768476759	0.4639132193156651
5862	WOOD	0.3055914640426636	0.46359068155288696
5962	WOOD	0.3199111095496586	0.49248425023896353
6274	WOOD	0.4295873088496072	0.6183648790631976
6322	WOOD	0.395174252135413	0.5869092260088239
6669	WOOD	0.21216083850179399	0.41641989776066374
7137	WOOD	0.2759962167058672	0.4106075039931706
15654	WOOD	0.30199090923581806	0.45576414465904236
62089	WOOD	0.33046956998961313	0.5146480798721313
853433	WOOD	0.2838973786149706	0.42202213406562805
5371102	WOOD	0.21526831601347243	0.3789730497768947
10857465	WOOD	0.3206855569566999	0.4657401314803532
180	GRASS	0.08120850367205483	0.27325392195156645
264	GRASS	0.07040847678269659	0.22875960171222687
702	GRASS	0.11097790939467293	0.2794026391846793
1031	GRASS	0.10285053295748574	0.2765063707317625
3102	GRASS	0.046922892065984864	0.2244702854326793
3314	GRASS	0.11281119819198336	0.2841367380959647
6506	GRASS	0.0921368705374854	0.2885834148951939
6544	GRASS	0.12102480339152473	0.3666581426348005
6561	GRASS	0.06261635039533887	0.25854286551475525
7092	GRASS	0.09443133111510958	0.2924445612089975
7302	GRASS	0.0689021423459053	0.25907171411173685
7476	GRASS	0.0965704077056476	0.2560286372900009
7559	GRASS	0.06290834929261889	0.2273391612938472
7657	GRASS	0.10235802190644401	0.2966409772634506
7770	GRASS	0.06209057489676135	0.23947514167853765
7793	GRASS	0.11036688089370728	0.30530534046036856
7797	GRASS	0.148255997470447	0.32043542180742535
8025	GRASS	0.0759432635137013	0.25084102366651806
8049	GRASS	0.0812548239316259	0.2679648505789893
8094	GRASS	0.08873600725616727	0.28226082239832195
8419	GRASS	0.09569139299648148	0.26131124581609455
8438	GRASS	0.09548942957605634	0.25848520014967236
8468	GRASS	0.1198080490742411	0.31410624725478037
8815	GRASS	0.12381983974150249	0.3217683604785374
8878	GRASS	0.13955535420349666	0.32565461312021526
9012	GRASS	0.08054777554103307	0.2477409350020545
10886	GRASS	0.13108069875410625	0.32116925716400146
11567	GRASS	0.04380498320928642	0.2243100106716156
12020	GRASS	0.11108111270836421	0.3065049818583897
12265	GRASS	0.11877787113189697	0.31121971351759775
12377	GRASS	0.10864914847271782	0.27166000434330534
16537	GRASS	0.2089473924466542	0.45015543699264526
17898	GRASS	0.11246430341686521	0.31009373920304434
18467	GRASS	0.09986082570893424	0.2986341544560024
21363	GRASS	0.08947802547897611	0.28541623055934906
27440	GRASS	0.16749398836067744	0.3773673432213919
31219	GRASS	0.05082157041345324	0.21788492585931504
31276	GRASS	0.052150064813239236	0.23064590777669633
31283	GRASS	0.10914910584688187	0.28196055974279133
60998	GRASS	0.07389868582998003	0.255722490804536
61523	GRASS	0.2289650567940303	0.468985663993018
62351	GRASS	0.13005717737334116	0.3358912936278752
62465	GRASS	0.0871445398245539	0.2739616802760533
251531	GRASS	0.08304357528686523	0.2791379711457661
440917	GRASS	0.13896339067390986	0.3905466709818159
637758	GRASS	0.06234811565705708	0.2142879899059023
1549025	GRASS	0.1185326459152358	0.3091444330556052
2733294	GRASS	0.17062594848019735	0.3702414333820343
5281167	GRASS	0.28294387459754944	0.5189159299646106
5281168	GRASS	0.16579276749065944	0.3929527359349387
5318599	GRASS	0.16492837241717748	0.40041545033454895
5352837	GRASS	0.20772602941308702	0.4504800396306174
5364231	GRASS	0.23761053809097835	0.42633876630238127
262	GRASS	0.07980866410902568	0.26266898214817047
323	GRASS	0.09186636922614914	0.26985261908599306
750	GRASS	0.0721100430403437	0.22573871910572052
753	GRASS	0.08887495845556259	0.27111694642475676
962	GRASS	0.09059925377368927	0.2727743663958141
5862	GRASS	0.07443507122141975	0.24404198782784597
5962	GRASS	0.07189220456140381	0.24996918652738845
6274	GRASS	0.11789259633847646	0.2993902393749782
6322	GRASS	0.10535845799105507	0.2663093975612095
6669	GRASS	0.0637011852647577	0.17491779369967325
7137	GRASS	0.07079793459602765	0.2634277173451015
15654	GRASS	0.12154786395175117	0.29925599694252014
62089	GRASS	0.050079881878835816	0.22839986852237157
853433	GRASS	0.1013699865766934	0.27266960058893475
5371102	GRASS	0.16809420394045965	0.38157525658607483
10857465	GRASS	0.21083762603146688	0.41511512654168264
180	FLOWER	0.06895932980946132	0.28453425211565836
264	FLOWER	0.0370460008936269	0.21119035567556108
702	FLOWER	0.11128294467926025	0.34443850602422443
1031	FLOWER	0.09551268709557396	0.33931825842176166
3102	FLOWER	0.13507482409477234	0.34840334739003864
3314	FLOWER	0.15022629180124827	0.3926309645175934
6506	FLOWER	0.0945194246513503	0.31590873428753447
6544	FLOWER	0.18646763052259172	0.42422722918646677
6561	FLOWER	0.0572925577206271	0.2703074557440622
7092	FLOWER	0.15754193919045584	0.39783892035484314
7302	FLOWER	0.030980763158627918	0.2208086188350405
7476	FLOWER	0.3317412052835737	0.6117084196635655
7559	FLOWER	0.33182211007390705	0.6250687326703753
7657	FLOWER	0.1252556166478566	0.3499008459704263
7770	FLOWER	0.23745676023619516	0.49569186568260193
7793	FLOWER	0.35743304235594614	0.6141718455723354
7797	FLOWER	0.34971866437367033	0.5729792884417942
8025	FLOWER	0.07383382799369949	0.30309128761291504
8049	FLOWER	0.21498316526412964	0.45281278235571726
8094	FLOWER	0.03280965398464884	0.17851528418915613
8419	FLOWER	0.20878553603376662	0.4730754792690277
8438	FLOWER	0.2856907312359129	0.538263372012547
8468	FLOWER	0.13985782648835862	0.35763505952698843
8815	FLOWER	0.13891052774020604	0.3804055707795279
8878	FLOWER	0.27658664754458834	0.5032955237797329
9012	FLOWER	0.042618271495614736	0.1767310148903302
10886	FLOWER	0.27468362876347135	0.5332152417727879
11567	FLOWER	0.028781848826578686	0.25027143742356983
12020	FLOWER	0.08140510799629348	0.3076732116086142
12265	FLOWER	0.116455078125	0.3303788772651127
12377	FLOWER	0.060052164431129186	0.2129091535295759
16537	FLOWER	0.34162367241723196	0.581774388040815
17898	FLOWER	0.05504929380757468	0.2583733541624887
18467	FLOWER	0.06582294830254146	0.28402988825525555
21363	FLOWER	0.1358426128114973	0.3428994630064283
27440	FLOWER	0.0814855167908328	0.20471303377832686
31219	FLOWER	0.3339324678693499	0.6215421387127468
31276	FLOWER	0.19798082326139724	0.48634570837020874
31283	FLOWER	0.17350841420037405	0.37952472056661335
60998	FLOWER	0.2615250455481665	0.5108809045382908
61523	FLOWER	0.24261816271713801	0.48084408044815063
62351	FLOWER	0.06664862483739853	0.22112016592706954
62465	FLOWER	0.12372455958809171	0.29020478469984873
251531	FLOWER	0.21334068264280046	0.4566837762083326
440917	FLOWER	0.10649060138634273	0.3442108758858272
637758	FLOWER	0.3599453185285841	0.6593167781829834
1549025	FLOWER	0.29623339431626455	0.5461829134396144
2733294	FLOWER	0.24276765755244664	0.48651482803480967
5281167	FLOWER	0.17057286202907562	0.3987067554678236
5281168	FLOWER	0.074539486851011	0.20879686091627395
5318599	FLOWER	0.133213538144316	0.34382053358214243
5352837	FLOWER	0.16710372482027328	0.39738520979881287
5364231	FLOWER	0.13129904653344834	0.3464106151035854
262	FLOWER	0.08965281716414861	0.3037423087017877
323	FLOWER	0.20001788437366486	0.4346783757209778
750	FLOWER	0.08270284267408508	0.2697019044842039
753	FLOWER	0.09307782032660075	0.3029314492430006
962	FLOWER	0.10359874687024526	0.31215792894363403
5862	FLOWER	0.06406038680246898	0.242032419357981
5962	FLOWER	0.035371074452996254	0.20223413620676314
6274	FLOWER	0.09002414558615003	0.28162301225321634
6322	FLOWER	0.06977395021489688	0.26484410890511106
6669	FLOWER	0.3635206435407911	0.5059235394001007
7137	FLOWER	0.2336790668112891	0.4872169920376369
15654	FLOWER	0.0961735120841435	0.29602764333997456
62089	FLOWER	-0.007005934204374041	0.09734281205705234
853433	FLOWER	0.16042686998844147	0.43232129301343647
5371102	FLOWER	0.2245979117495673	0.4467515689986093
10857465	FLOWER	0.3368743785790035	0.5252973692757743
180	CHEMICAL	0.3831425053732736	0.6572850091116769
264	CHEMICAL	0.19134699340377534	0.5269515301500048
702	CHEMICAL	0.20619220393044607	0.5170464728559766
1031	CHEMICAL	0.24921576891626632	0.5567863583564758
3102	CHEMICAL	0.43535984413964407	0.6936119028500148
3314	CHEMICAL	0.1554517075419426	0.44848023993628366
6506	CHEMICAL	0.2788292382444654	0.5707590920584542
6544	CHEMICAL	0.4404211810656956	0.6928634558405194
6561	CHEMICAL	0.34796501057488577	0.6411454677581787
7092	CHEMICAL	0.29608765670231413	0.5900228193828038
7302	CHEMICAL	0.3841677073921476	0.6615264075142997
7476	CHEMICAL	0.2716518278632845	0.5497659700257438
7559	CHEMICAL	0.35924587079456877	0.6540261932781765
7657	CHEMICAL	0.4304327964782715	0.6972375852721078
7770	CHEMICAL	0.23718724506241934	0.5307293363979885
7793	CHEMICAL	0.281978292124612	0.5296981760433742
7797	CHEMICAL	0.14878183496849878	0.45335185527801514
8025	CHEMICAL	0.3594682216644287	0.6501611045428685
8049	CHEMICAL	0.19795742418084825	0.45845048342432293
8094	CHEMICAL	0.3457612012113844	0.6326938271522522
8419	CHEMICAL	0.19778230573449815	0.47915373529706684
8438	CHEMICAL	0.19927710933344706	0.48244438426835196
8468	CHEMICAL	0.2792690524033138	0.5866670778819493
8815	CHEMICAL	0.3043322946344103	0.5799711687224252
8878	CHEMICAL	0.1701483992593629	0.45519156966890606
9012	CHEMICAL	0.30718826396124704	0.6156621149608067
10886	CHEMICAL	0.17822725006512233	0.4746922084263393
11567	CHEMICAL	0.665065084184919	0.8453000273023333
12020	CHEMICAL	0.29359556308814455	0.5860920803887504
12265	CHEMICAL	0.2859540602990559	0.5741122279848371
12377	CHEMICAL	0.22759592745985305	0.5847522446087429
16537	CHEMICAL	0.2892927612577166	0.5970095140593392
17898	CHEMICAL	0.31327796620982035	0.5953913331031799
18467	CHEMICAL	0.3091614863702229	0.5932207788739886
21363	CHEMICAL	0.2617837701525007	0.5709477833339146
27440	CHEMICAL	0.27796436846256256	0.5882981845310756
31219	CHEMICAL	0.3442642390727997	0.6764582736151559
31276	CHEMICAL	0.4093634954520634	0.6783740946224758
31283	CHEMICAL	0.20222856104373932	0.4921062546116965
60998	CHEMICAL	0.2519421066556658	0.5617660624640328
61523	CHEMICAL	0.308939339859145	0.5954078776495797
62351	CHEMICAL	0.2152793769325529	0.5632520999227252
62465	CHEMICAL	0.3186643953834261	0.6088821632521493
251531	CHEMICAL	0.2517088140760149	0.5690913030079433
440917	CHEMICAL	0.549857748406274	0.7533172794750759
637758	CHEMICAL	0.2561800650187901	0.5469029120036534
1549025	CHEMICAL	0.20439517498016357	0.49038587297712055
2733294	CHEMICAL	0.2793219472680773	0.5769449685301099
5281167	CHEMICAL	0.2547730803489685	0.5681033560207912
5281168	CHEMICAL	0.3564749317509787	0.6621579357555935
5318599	CHEMICAL	0.37137700830187115	0.6610891222953796
5352837	CHEMICAL	0.32526417289461407	0.6219554032598223
5364231	CHEMICAL	0.2565508314541408	0.5247830961431775
262	CHEMICAL	0.36459597093718393	0.63176086970738
323	CHEMICAL	0.30080810827868326	0.5796275309153965
750	CHEMICAL	0.22937616918768203	0.5343873713697705
753	CHEMICAL	0.28333876388413565	0.5800461087908063
962	CHEMICAL	0.32142182333128794	0.6181371893201556
5862	CHEMICAL	0.1852091657263892	0.5110340373856681
5962	CHEMICAL	0.26422928486551556	0.5715025748525348
6274	CHEMICAL	0.29288884571620394	0.5999890991619655
6322	CHEMICAL	0.27029727186475483	0.5802820239748273
6669	CHEMICAL	0.16859320551156998	0.4659133808953421
7137	CHEMICAL	0.2728420389550073	0.5257275657994407
15654	CHEMICAL	0.1606531356062208	0.46986577766282217
62089	CHEMICAL	0.38481828570365906	0.687782347202301
853433	CHEMICAL	0.1397680001599448	0.429964827639716
5371102	CHEMICAL	0.36147624254226685	0.648890495300293
10857465	CHEMICAL	0.4586681382996695	0.7236803770065308
