oID	descriptor	value	sigma
180	INTENSITY/STRENGTH	0.1914283675806863	0.5405943393707275
264	INTENSITY/STRENGTH	0.40481527362551006	0.697845493044172
702	INTENSITY/STRENGTH	0.13144442439079285	0.47390264698437284
1031	INTENSITY/STRENGTH	0.1509901380964688	0.475186824798584
3102	INTENSITY/STRENGTH	0.25728108840329306	0.5699647068977356
3314	INTENSITY/STRENGTH	0.4239512298788343	0.6239531210490635
6506	INTENSITY/STRENGTH	0.18791577432836806	0.5039475645337786
6544	INTENSITY/STRENGTH	0.44867521098681856	0.6600849117551532
6561	INTENSITY/STRENGTH	0.37312898891312735	0.643263578414917
7092	INTENSITY/STRENGTH	0.5521735208375114	0.5922392777034214
7302	INTENSITY/STRENGTH	0.42189584033829824	0.6159858448164803
7476	INTENSITY/STRENGTH	0.5054005086421967	0.6491746136120388
7559	INTENSITY/STRENGTH	0.5474891875471387	0.6799672756876264
7657	INTENSITY/STRENGTH	0.29121051515851704	0.6026268516268048
7770	INTENSITY/STRENGTH	0.5101131073066166	0.6681287288665771
7793	INTENSITY/STRENGTH	0.5251638761588505	0.4958678569112505
7797	INTENSITY/STRENGTH	0.6484364952359881	0.692899363381522
8025	INTENSITY/STRENGTH	0.24991845233099802	0.6013749497277396
8049	INTENSITY/STRENGTH	0.17952480486461095	0.5080297035830361
8094	INTENSITY/STRENGTH	0.6350937954017094	0.662997944014413
8419	INTENSITY/STRENGTH	0.4815449757235391	0.6742708257266453
8438	INTENSITY/STRENGTH	0.4761604198387691	0.6559591293334961
8468	INTENSITY/STRENGTH	0.26070451523576466	0.5445652476378849
8815	INTENSITY/STRENGTH	0.28384745333875927	0.5534427676882062
8878	INTENSITY/STRENGTH	0.5233978245939527	0.6467929056712559
9012	INTENSITY/STRENGTH	0.5369294711521694	0.6446078589984349
10886	INTENSITY/STRENGTH	0.42526208077158245	0.6541385054588318
11567	INTENSITY/STRENGTH	0.6810571040425982	0.677966799054827
12020	INTENSITY/STRENGTH	0.2831892137016569	0.595709536756788
12265	INTENSITY/STRENGTH	0.21682643677507127	0.5288802470479693
12377	INTENSITY/STRENGTH	0.6120733192988804	0.6496324028287616
16537	INTENSITY/STRENGTH	0.5249993886266436	0.619664558342525
17898	INTENSITY/STRENGTH	0.49784973689488005	0.6135303548404148
18467	INTENSITY/STRENGTH	0.3262702737535749	0.563452925000872
21363	INTENSITY/STRENGTH	0.4757041207381657	0.7050225479262215
27440	INTENSITY/STRENGTH	0.5460845444883619	0.6764314685549054
31219	INTENSITY/STRENGTH	0.49771086658750263	0.7004371285438538
31276	INTENSITY/STRENGTH	0.5327128384794507	0.6878402658871242
31283	INTENSITY/STRENGTH	0.15842528055821145	0.4742080441543034
60998	INTENSITY/STRENGTH	0.46191740887505667	0.7065018330301557
61523	INTENSITY/STRENGTH	0.422768907887595	0.6991064633641925
62351	INTENSITY/STRENGTH	0.44657587153570993	0.6573097024645124
62465	INTENSITY/STRENGTH	0.5307184883526394	0.6484628915786743
251531	INTENSITY/STRENGTH	0.09652164791311536	0.37908915536744253
440917	INTENSITY/STRENGTH	0.526403797524316	0.555467643908092
637758	INTENSITY/STRENGTH	0.5298374976430621	0.7782935074397496
1549025	INTENSITY/STRENGTH	0.20331266522407532	0.5254281333514622
2733294	INTENSITY/STRENGTH	0.5471648573875427	0.7001925110816956
5281167	INTENSITY/STRENGTH	0.47834886397634235	0.707399708884103
5281168	INTENSITY/STRENGTH	0.52841026868139	0.7170358555657523
5318599	INTENSITY/STRENGTH	0.6235235248293195	0.7232305492673602
5352837	INTENSITY/STRENGTH	0.46454926473753794	0.6594129971095494
5364231	INTENSITY/STRENGTH	0.57490588085992	0.630226629120963
262	INTENSITY/STRENGTH	0.22951945875372207	0.5279383148465838
323	INTENSITY/STRENGTH	0.4933346722807203	0.6118882128170559
750	INTENSITY/STRENGTH	0.210531513605799	0.46896507910319735
753	INTENSITY/STRENGTH	0.15958947369030543	0.50078484416008
962	INTENSITY/STRENGTH	0.13392706641129085	0.45241603681019377
5862	INTENSITY/STRENGTH	0.2649807759693691	0.5622826644352504
5962	INTENSITY/STRENGTH	0.4421770530087607	0.6710567729813712
6274	INTENSITY/STRENGTH	0.18026190996170044	0.4699953666755131
6322	INTENSITY/STRENGTH	0.2058758075748171	0.45453138862337383
6669	INTENSITY/STRENGTH	0.12451758182474545	0.45177512083734783
7137	INTENSITY/STRENGTH	0.7567218712397984	0.7521579095295498
15654	INTENSITY/STRENGTH	0.3302800527640751	0.5516675795827594
62089	INTENSITY/STRENGTH	0.5547828461442675	0.6471100960459027
853433	INTENSITY/STRENGTH	0.5599779656955174	0.6924263749803815
5371102	INTENSITY/STRENGTH	0.3365919717720577	0.6284402523721967
10857465	INTENSITY/STRENGTH	0.33374886427606854	0.6858172076089042
180	VALENCE/PLEASANTNESS	0.4095629411084311	0.5517181243215289
264	VALENCE/PLEASANTNESS	0.25671144894191195	0.5283220367772239
702	VALENCE/PLEASANTNESS	0.4481936778341021	0.5385026420865741
1031	VALENCE/PLEASANTNESS	0.4593789918082101	0.5356312394142151
3102	VALENCE/PLEASANTNESS	0.4508730002811977	0.5959571003913879
3314	VALENCE/PLEASANTNESS	0.5819202491215297	0.6157275949205671
6506	VALENCE/PLEASANTNESS	0.46794688275882174	0.5342191798346383
6544	VALENCE/PLEASANTNESS	0.4678943668093	0.618779582636697
6561	VALENCE/PLEASANTNESS	0.3342817894050053	0.5470696219376155
7092	VALENCE/PLEASANTNESS	0.6091126458985465	0.6562879681587219
7302	VALENCE/PLEASANTNESS	0.3917962355273111	0.6155431015150887
7476	VALENCE/PLEASANTNESS	0.6559403623853411	0.603459085736956
7559	VALENCE/PLEASANTNESS	0.6505470786775861	0.6973266090665545
7657	VALENCE/PLEASANTNESS	0.44553795031138826	0.589161889893668
7770	VALENCE/PLEASANTNESS	0.6006182602473668	0.6789289542606899
7793	VALENCE/PLEASANTNESS	0.6402673125267029	0.6032850912639073
7797	VALENCE/PLEASANTNESS	0.8180179255349296	0.6220403143337795
8025	VALENCE/PLEASANTNESS	0.4054615455014365	0.5726337262562343
8049	VALENCE/PLEASANTNESS	0.5598253522600446	0.5205039978027344
8094	VALENCE/PLEASANTNESS	0.3156876138278416	0.4555149418967111
8419	VALENCE/PLEASANTNESS	0.5630217024258205	0.5942320993968419
8438	VALENCE/PLEASANTNESS	0.6434576426233564	0.5917213644300189
8468	VALENCE/PLEASANTNESS	0.5251427888870239	0.6039515137672424
8815	VALENCE/PLEASANTNESS	0.5482321040970939	0.5721864700317383
8878	VALENCE/PLEASANTNESS	0.744560888835362	0.5893605777195522
9012	VALENCE/PLEASANTNESS	0.23144881640161788	0.583148581641061
10886	VALENCE/PLEASANTNESS	0.595380791596004	0.6526154620306832
11567	VALENCE/PLEASANTNESS	0.3702053001948765	0.6798648919378009
12020	VALENCE/PLEASANTNESS	0.4125090539455414	0.5884156397410801
12265	VALENCE/PLEASANTNESS	0.4267170471804483	0.5645909479686192
12377	VALENCE/PLEASANTNESS	0.24349334623132432	0.6011967658996582
16537	VALENCE/PLEASANTNESS	0.6962695717811584	0.6507765650749207
17898	VALENCE/PLEASANTNESS	0.35708785482815336	0.6519190839358738
18467	VALENCE/PLEASANTNESS	0.3744410787309919	0.5862399084227425
21363	VALENCE/PLEASANTNESS	0.31487122603825163	0.593155929020473
27440	VALENCE/PLEASANTNESS	0.33430300865854534	0.6658985444477626
31219	VALENCE/PLEASANTNESS	0.6230305773871285	0.6738735096795219
31276	VALENCE/PLEASANTNESS	0.6692097101892743	0.70505063022886
31283	VALENCE/PLEASANTNESS	0.5176268645695278	0.48470185484204975
60998	VALENCE/PLEASANTNESS	0.46748387813568115	0.7018738899912152
61523	VALENCE/PLEASANTNESS	0.46779721123831614	0.6273522632462638
62351	VALENCE/PLEASANTNESS	0.3110110546861376	0.5966454403741019
62465	VALENCE/PLEASANTNESS	0.44164211409432547	0.6768250039645604
251531	VALENCE/PLEASANTNESS	0.6303563032831464	0.5488553813525608
440917	VALENCE/PLEASANTNESS	0.6621666976383754	0.6047012720789228
637758	VALENCE/PLEASANTNESS	0.6276571239743914	0.7452931744711739
1549025	VALENCE/PLEASANTNESS	0.5757632766451154	0.4874910031046186
2733294	VALENCE/PLEASANTNESS	0.7250391415187291	0.6467343739100865
5281167	VALENCE/PLEASANTNESS	0.5012291073799133	0.6793423805918012
5281168	VALENCE/PLEASANTNESS	0.3463560938835144	0.5363753736019135
5318599	VALENCE/PLEASANTNESS	0.38839989474841524	0.5616957289831979
5352837	VALENCE/PLEASANTNESS	0.476665803364345	0.5834572655814034
5364231	VALENCE/PLEASANTNESS	0.5331450956208366	0.6552771244730268
262	VALENCE/PLEASANTNESS	0.45463766370500835	0.5642729146139962
323	VALENCE/PLEASANTNESS	0.5954593845776149	0.6645550812993731
750	VALENCE/PLEASANTNESS	0.47342880283083233	0.5920792818069458
753	VALENCE/PLEASANTNESS	0.5219302773475647	0.570243809904371
962	VALENCE/PLEASANTNESS	0.5031838161604745	0.5506926774978638
5862	VALENCE/PLEASANTNESS	0.3485057268823896	0.5817057660647801
5962	VALENCE/PLEASANTNESS	0.3009644704205649	0.6187698841094971
6274	VALENCE/PLEASANTNESS	0.473420364516122	0.5650103603090558
6322	VALENCE/PLEASANTNESS	0.44785975558417185	0.5336745977401733
6669	VALENCE/PLEASANTNESS	0.6283498747008187	0.5589090500559125
7137	VALENCE/PLEASANTNESS	0.7208272559302193	0.6735074434961591
15654	VALENCE/PLEASANTNESS	0.3800930380821228	0.613272888319833
62089	VALENCE/PLEASANTNESS	0.26904494634696413	0.4410139322280884
853433	VALENCE/PLEASANTNESS	0.6462450453213283	0.6247480852263314
5371102	VALENCE/PLEASANTNESS	0.4929701771054949	0.589277480329786
10857465	VALENCE/PLEASANTNESS	0.4608587111745562	0.5942529439926147
180	BAKERY	0.0529714756246124	0.2505041573728834
264	BAKERY	0.029712580809635774	0.17124044682298387
702	BAKERY	0.06559030285903386	0.2703840136528015
1031	BAKERY	0.06462676184517997	0.2680897116661072
3102	BAKERY	0.033766703946249824	0.19422059399741037
3314	BAKERY	0.19694083609751292	0.48727492349488394
6506	BAKERY	0.04002858352448259	0.2251915101494108
6544	BAKERY	0.05403229008827891	0.23081729028906142
6561	BAKERY	0.017230553153370107	0.12154017921004977
7092	BAKERY	0.16957153060606547	0.44964040177209036
7302	BAKERY	0.07033576044653143	0.2898471142564501
7476	BAKERY	0.12091465720108577	0.4011873389993395
7559	BAKERY	0.07077596389821597	0.3116359923567091
7657	BAKERY	0.01989363506436348	0.1461642842207636
7770	BAKERY	0.08961140045097896	0.355763350214277
7793	BAKERY	0.03980362708015101	0.20681802928447723
7797	BAKERY	0.13698653344597136	0.43905410170555115
8025	BAKERY	0.04617228691599199	0.21035211852618627
8049	BAKERY	0.07020995393395424	0.2897742582218988
8094	BAKERY	0.03848733540092196	0.1306958645582199
8419	BAKERY	0.1342558850135122	0.4084247478416988
8438	BAKERY	0.15879792400768825	0.44506287574768066
8468	BAKERY	0.11081105044909886	0.3213525244167873
8815	BAKERY	0.06260465511253901	0.26956757051604135
8878	BAKERY	0.14233896562031337	0.4627586986337389
9012	BAKERY	0.05704103676336152	0.24810614330427988
10886	BAKERY	0.08175007945724896	0.32863436000687735
11567	BAKERY	0.0651869203097054	0.29414407908916473
12020	BAKERY	0.03639546409249306	0.1822202972003392
12265	BAKERY	0.06012738176754543	0.24867498023169382
12377	BAKERY	0.044864119695765634	0.2015997107539858
16537	BAKERY	0.05236376662339483	0.26456688344478607
17898	BAKERY	0.13084035898957933	0.43514966113226755
18467	BAKERY	0.09228771712098803	0.3312284861292158
21363	BAKERY	0.06133258981364114	0.2522100359201431
27440	BAKERY	0.11002990816320692	0.35823377115385874
31219	BAKERY	0.04080647895378726	0.26726008313042776
31276	BAKERY	0.0817609110048839	0.34268295764923096
31283	BAKERY	0.12487883014338357	0.3282701053789684
60998	BAKERY	0.05458547334585871	0.2788125532014029
61523	BAKERY	0.014117687940597534	0.1286501937678882
62351	BAKERY	0.050430510991386006	0.23242445928709848
62465	BAKERY	0.11536739660160882	0.37609559297561646
251531	BAKERY	0.05006771641118186	0.15759779725755965
440917	BAKERY	0.012260881651725088	0.195081889629364
637758	BAKERY	0.12186645184244428	0.44025283626147677
1549025	BAKERY	0.09590598408664976	0.24807109151567733
2733294	BAKERY	0.1059510303395135	0.38427036574908663
5281167	BAKERY	0.034044837046946795	0.18382330664566585
5281168	BAKERY	0.009055914889488901	0.04915445830140795
5318599	BAKERY	0.00895771783377443	0.12810372029032027
5352837	BAKERY	0.032877685502171516	0.1848307911838804
5364231	BAKERY	0.04518157270337854	0.23192313739231654
262	BAKERY	0.04776652649577175	0.207102432847023
323	BAKERY	0.17640360657657897	0.47073933482170105
750	BAKERY	0.10128745649542127	0.3685801923274994
753	BAKERY	0.08868081814476422	0.2923153553690229
962	BAKERY	0.057356352252619605	0.26401512750557493
5862	BAKERY	0.07532770825283867	0.3064874155180795
5962	BAKERY	0.08397313154169492	0.3343979205404009
6274	BAKERY	0.055158301655735285	0.2748167450938906
6322	BAKERY	0.05972981719034059	0.25174751664911
6669	BAKERY	0.07497276738286018	0.3413981923035213
7137	BAKERY	0.3292328417301178	0.6963068502289909
15654	BAKERY	0.13877533908401216	0.4175680024283273
62089	BAKERY	0.024662144615181854	0.13876632175275258
853433	BAKERY	0.24805848513330733	0.5603657918316978
5371102	BAKERY	0.02497274668088981	0.16004505859954016
10857465	BAKERY	0.06047645317656653	0.2683309529508863
180	SWEET	0.08807895545448576	0.4024089957986559
264	SWEET	0.03459319046565464	0.2829487259898867
702	SWEET	0.10570764222315379	0.40765101994786945
1031	SWEET	0.1243373943226678	0.43757631949016024
3102	SWEET	0.1343758830002376	0.48180542247635977
3314	SWEET	0.29853180050849915	0.6141055311475482
6506	SWEET	0.12256631680897304	0.44352072903088163
6544	SWEET	0.16792252234050206	0.5180213621684483
6561	SWEET	0.06499145871826581	0.34980264731815885
7092	SWEET	0.33137633545058115	0.688947890486036
7302	SWEET	0.11101408409220832	0.46875625423022677
7476	SWEET	0.3818334255899702	0.7639538986342294
7559	SWEET	0.4291737803391048	0.8327638932636806
7657	SWEET	0.1304533662540572	0.4578899485724313
7770	SWEET	0.4431838478360857	0.816673185144152
7793	SWEET	0.3169345813138144	0.6630426560129438
7797	SWEET	0.6388319730758667	0.9304686955043248
8025	SWEET	0.10163636186293193	0.4331925000463213
8049	SWEET	0.221791216305324	0.5574234979493278
8094	SWEET	0.10790503770112991	0.30312583276203703
8419	SWEET	0.2971819021872112	0.6685568264552525
8438	SWEET	0.3733667518411364	0.7639286347797939
8468	SWEET	0.201116504413741	0.5232873048101153
8815	SWEET	0.19610321947506495	0.477880950484957
8878	SWEET	0.5658564823014396	0.8334813032831464
9012	SWEET	0.027362511094127382	0.229860925248691
10886	SWEET	0.3455238810607365	0.7540712952613831
11567	SWEET	0.12113061334405627	0.5406971105507442
12020	SWEET	0.09781567007303238	0.4204350709915161
12265	SWEET	0.09494027601821083	0.4141801340239389
12377	SWEET	0.03346195976649012	0.162187183541911
16537	SWEET	0.36003816553524565	0.7531411307198661
17898	SWEET	0.10533715784549713	0.5079662586961474
18467	SWEET	0.09398381837776729	0.4361314220087869
21363	SWEET	0.13204710079090937	0.41095814960343496
27440	SWEET	0.07262455246278218	0.43519563334328787
31219	SWEET	0.38161876797676086	0.7918693763869149
31276	SWEET	0.4928866241659437	0.8935396160398211
31283	SWEET	0.16397162633282797	0.4553112643105643
60998	SWEET	0.23298882373741694	0.649721051965441
61523	SWEET	0.14791901516062872	0.46487943615232197
62351	SWEET	0.05059086637837546	0.2945269410099302
62465	SWEET	0.13960554663624083	0.44438224605151583
251531	SWEET	0.23781604851995194	0.5897409915924072
440917	SWEET	0.25763601064682007	0.6490443008286613
637758	SWEET	0.4227369470255716	0.8384533098765782
1549025	SWEET	0.22787941992282867	0.5664709806442261
2733294	SWEET	0.4979851756777082	0.8366332139287677
5281167	SWEET	0.162309359226908	0.560812017747334
5281168	SWEET	0.0691239099417414	0.29535870041166035
5318599	SWEET	0.1033827391053949	0.3557035539831434
5352837	SWEET	0.1670889194522585	0.475003502198628
5364231	SWEET	0.15471492281981877	0.544878648860114
262	SWEET	0.11844030661242348	0.4333765889917101
323	SWEET	0.3280886539391109	0.7210144656045097
750	SWEET	0.16075750759669713	0.494449645280838
753	SWEET	0.16480865435940878	0.4856225720473698
962	SWEET	0.14548533303397043	0.45905923417636324
5862	SWEET	0.05816953416381564	0.32229109747069223
5962	SWEET	0.07602961733937263	0.407458028623036
6274	SWEET	0.11369977572134563	0.42841795086860657
6322	SWEET	0.09882758557796478	0.39265433379582
6669	SWEET	0.28447831315653666	0.6547259518078395
7137	SWEET	0.5360214369637626	0.8766264745167324
15654	SWEET	0.08467972810779299	0.43010856424059185
62089	SWEET	0.08116751217416354	0.23401600973946707
853433	SWEET	0.3949836960860661	0.7259360211236137
5371102	SWEET	0.16862526961735316	0.47914035405431477
10857465	SWEET	0.1530142298766545	0.34051790833473206
180	FRUIT	0.02552116901746818	0.1361168356878417
264	FRUIT	0.008733976632356644	0.14709925119365966
702	FRUIT	0.03082763004515852	0.10903605073690414
1031	FRUIT	0.04980788379907608	0.133355618587562
3102	FRUIT	0.06161372150693621	0.18495299560683115
3314	FRUIT	0.06965598251138415	0.23131756484508514
6506	FRUIT	0.06448882738394397	0.16426674383027212
6544	FRUIT	0.11219037004879542	0.31738778948783875
6561	FRUIT	0.035932408911841254	0.170333953840392
7092	FRUIT	0.13555869672979629	0.36501351424625944
7302	FRUIT	0.030670357335891043	0.14196144683020456
7476	FRUIT	0.21354724679674422	0.44946581551006864
7559	FRUIT	0.3158919853823526	0.6071755800928388
7657	FRUIT	0.08246148058346339	0.23732464015483856
7770	FRUIT	0.39987162607056753	0.6114423019545419
7793	FRUIT	0.17422432558877127	0.3878032181944166
7797	FRUIT	0.6187547019549778	0.8290015799658639
8025	FRUIT	0.03220328555575439	0.17647939601114818
8049	FRUIT	0.13831051332609995	0.26701544863837107
8094	FRUIT	0.05916549398430756	0.20952442288398743
8419	FRUIT	0.11387584305235318	0.3253908668245588
8438	FRUIT	0.16438964860779898	0.402363474879946
8468	FRUIT	0.050396013472761424	0.16575509841953004
8815	FRUIT	0.05741100811532566	0.18525865461145127
8878	FRUIT	0.5689286163875035	0.7316258805138725
9012	FRUIT	-0.00046389762844358174	0.07010186037846974
10886	FRUIT	0.31255527266434263	0.5612662179129464
11567	FRUIT	0.040681418031454086	0.2366367940391813
12020	FRUIT	0.047742068235363276	0.18538529958043778
12265	FRUIT	0.021926223699535643	0.11267008951732091
12377	FRUIT	0.029194086523992673	0.12657294209514344
16537	FRUIT	0.2865158106599535	0.5876625946589878
17898	FRUIT	0.03297243160860879	0.15963274559804372
18467	FRUIT	0.03354417239981038	0.12837144626038416
21363	FRUIT	0.06249368403639112	0.19763303015913283
27440	FRUIT	0.028939926198550632	0.15247848523514612
31219	FRUIT	0.28062679937907625	0.5790510433060783
31276	FRUIT	0.4421092825276511	0.6758720619337899
31283	FRUIT	0.09001383504697255	0.17279433139732905
60998	FRUIT	0.14010987005063466	0.406355014869145
61523	FRUIT	0.10439404951674598	0.2763405442237854
62351	FRUIT	0.03764438096966062	0.1316919188414301
62465	FRUIT	0.013108676565544946	0.13619492309434073
251531	FRUIT	0.04307160260421889	0.12879610913140432
440917	FRUIT	0.2058171800204686	0.5069350557667869
637758	FRUIT	0.1954997948237828	0.5010848385947091
1549025	FRUIT	0.16343734306948526	0.3601117219243731
2733294	FRUIT	0.5003397762775421	0.7431497488703046
5281167	FRUIT	0.17497007016624724	0.4241191787379129
5281168	FRUIT	0.07634263033313411	0.2481038314955575
5318599	FRUIT	0.10582579193370682	0.28358822635241915
5352837	FRUIT	0.1565899050661496	0.35507080810410635
5364231	FRUIT	0.2338964534657342	0.4520393226827894
262	FRUIT	0.02920008104826723	0.13272867032459804
323	FRUIT	0.11579896296773638	0.36038381712777273
750	FRUIT	0.06292221136391163	0.14110953680106572
753	FRUIT	0.044869915183101385	0.12884790131023952
962	FRUIT	0.050575919449329376	0.14454000443220139
5862	FRUIT	0.019272752372281893	0.08084895993982043
5962	FRUIT	0.024148772869791304	0.14843904120581491
6274	FRUIT	0.023813221071447645	0.08690149017742702
6322	FRUIT	-0.0008886805070298058	0.06621102190443448
6669	FRUIT	0.07461401128343173	0.23388937541416713
7137	FRUIT	0.18096606220517839	0.46745345847947256
15654	FRUIT	0.02273471493806158	0.10365376621484756
62089	FRUIT	0.027750121163470403	0.12370051975761141
853433	FRUIT	0.09899152389594487	0.3204940600054605
5371102	FRUIT	0.10217186063528061	0.2691946306398937
10857465	FRUIT	0.11418796650000981	0.16930189302989415
180	FISH	0.06340883140053068	0.1637826327766691
264	FISH	0.12792736824069703	0.2775891529662268
702	FISH	0.08502373258982386	0.2015950552054814
1031	FISH	0.048391327261924744	0.13037370890378952
3102	FISH	0.040468181882585795	0.09285543486475945
3314	FISH	0.040902962908148766	0.10810381174087524
6506	FISH	0.029714597389101982	0.10967708166156497
6544	FISH	0.04241241115544524	0.11422864667006902
6561	FISH	0.07155765433396612	0.1649741679430008
7092	FISH	0.016432761613811766	0.049839158941592486
7302	FISH	0.03865010530820915	0.12535003572702408
7476	FISH	0.0007702756140913282	0.020065148627119406
7559	FISH	-0.008958539260285241	0.014976037533155509
7657	FISH	0.06644669015492712	0.1323764388050352
7770	FISH	0.006805318806852613	0.04798256419599056
7793	FISH	0.012622872899685587	0.028360075716461455
7797	FISH	-0.009593406692147255	-0.0031661585505519596
8025	FISH	0.07540358709437507	0.1759007147380284
8049	FISH	0.034261489287018776	0.09541624252285276
8094	FISH	0.06829301374299186	0.17875711832727706
8419	FISH	0.030668925227863447	0.07955808511802129
8438	FISH	0.003445092588663101	0.02074982052935021
8468	FISH	0.03012440406850406	0.06486224862081665
8815	FISH	0.0775008350610733	0.16372927278280258
8878	FISH	-0.017485618059124266	-0.018255656319005147
9012	FISH	0.2942888481276376	0.5208605357578823
10886	FISH	0.01752586755901575	0.05608149245381355
11567	FISH	0.01710313611796924	0.10207867941686086
12020	FISH	0.05805258931858199	0.14155415552003042
12265	FISH	0.0656364459012236	0.1529658202614103
12377	FISH	0.47965203864233835	0.6723426580429077
16537	FISH	0.00430747281227793	0.018755406806511537
17898	FISH	0.08353887924126216	0.20252175203391484
18467	FISH	0.08645062361444746	0.19899531773158483
21363	FISH	0.03573209419846535	0.10936066242200988
27440	FISH	0.1727908690060888	0.33582995193345205
31219	FISH	0.003884098891701017	0.027620823654745306
31276	FISH	-0.016637546941637993	0.007632030174136162
31283	FISH	0.04233492059367044	0.1325258868081229
60998	FISH	0.02132314709680421	0.08645451707499367
61523	FISH	0.0802943514926093	0.1272099827017103
62351	FISH	0.22904526122978755	0.40897226333618164
62465	FISH	0.08271020118679319	0.19147063153130667
251531	FISH	0.007488486490079335	0.0371140507715089
440917	FISH	-0.03126773078526769	-0.025367300425257002
637758	FISH	0.022959275171160698	0.04913898850125926
1549025	FISH	0.04294551536440849	0.09060927427240781
2733294	FISH	-0.004778000925268445	0.014783153310418129
5281167	FISH	0.04658732110900538	0.1164262986608914
5281168	FISH	0.13145095322813308	0.24640667864254542
5318599	FISH	0.03443400442068066	0.11601130025727409
5352837	FISH	0.039408596232533455	0.10223848266260964
5364231	FISH	0.033958720575485914	0.0526159687766007
262	FISH	0.017709982182298387	0.05447597775076117
323	FISH	-0.013928956751312529	0.010680810681411199
750	FISH	0.022020626813173294	0.07480783015489578
753	FISH	0.04429348159049239	0.10210976111037391
962	FISH	0.014915814091052328	0.05812229748283114
5862	FISH	0.13567551651171275	0.2946310064622334
5962	FISH	0.13923116879803793	0.2929259368351528
6274	FISH	0.012181270601493972	0.06990349452410426
6322	FISH	0.0643325809921537	0.14020793565682002
6669	FISH	0.0039245739047016415	-0.01167611697954791
7137	FISH	0.002299604139157704	0.028372428379952908
15654	FISH	0.1118065459387643	0.26410387456417084
62089	FISH	0.04466391647500651	0.17302204881395614
853433	FISH	0.0195924700903041	0.07300448204789843
5371102	FISH	0.06107922536986215	0.15086281618901662
10857465	FISH	-0.024001526779362133	-0.022262734227946827
180	GARLIC	0.12048676503556115	0.3089336944477899
264	GARLIC	0.16385797943387712	0.4017269653933389
702	GARLIC	0.14847572147846222	0.35413538983889986
1031	GARLIC	0.10020605261836733	0.2862555852958134
3102	GARLIC	0.06558919272252492	0.20712922726358687
3314	GARLIC	0.05612932039158685	0.1722233955349241
6506	GARLIC	0.07298594181026731	0.25291406895433155
6544	GARLIC	0.08660063094326428	0.2216045217854636
6561	GARLIC	0.07678451122982162	0.2623152307101658
7092	GARLIC	0.07785944480981145	0.19041831365653447
7302	GARLIC	0.06993073757205691	0.22978217686925614
7476	GARLIC	0.0101035511387246	0.07694208728415626
7559	GARLIC	0.008979588214840208	0.0901145056954452
7657	GARLIC	0.0939120352268219	0.23927163864885057
7770	GARLIC	0.037278278065579276	0.16006121784448624
7793	GARLIC	0.006948797032237053	0.09682460501790047
7797	GARLIC	0.010542684633816992	0.050681407430342267
8025	GARLIC	0.12375496966498238	0.31603437662124634
8049	GARLIC	0.0676805307822568	0.22825369664600917
8094	GARLIC	0.10531661978789739	0.2678867535931723
8419	GARLIC	0.02277860843709537	0.11150932844196047
8438	GARLIC	0.011409457506878036	0.09196261316537857
8468	GARLIC	0.04219933120267732	0.1609809866973332
8815	GARLIC	0.13432746274130686	0.2862584718636104
8878	GARLIC	0.01798988931945392	0.07145711992468153
9012	GARLIC	0.39641728571483065	0.608484148979187
10886	GARLIC	0.04953629629952567	0.1446852002825056
11567	GARLIC	0.049973796787006516	0.17468163158212388
12020	GARLIC	0.09682570397853851	0.26959647451128277
12265	GARLIC	0.11145457625389099	0.29660276429993765
12377	GARLIC	0.5958849617413112	0.7348810349191938
16537	GARLIC	0.043689794040152004	0.1315253802708217
17898	GARLIC	0.089950330555439	0.2855170156274523
18467	GARLIC	0.09431804929460798	0.29152954050472807
21363	GARLIC	0.06102129231606211	0.22454494663647243
27440	GARLIC	0.19141043722629547	0.4003336387021201
31219	GARLIC	0.012298860188041414	0.10823981144598552
31276	GARLIC	0.008258042857050896	0.07737496388810021
31283	GARLIC	0.08118248518024172	0.2789534202643803
60998	GARLIC	0.0694850640637534	0.20100791539464677
61523	GARLIC	0.09957730344363622	0.24147051572799683
62351	GARLIC	0.3023865989276341	0.5011669099330902
62465	GARLIC	0.0797323105590684	0.21039370553834097
251531	GARLIC	0.02478258710886751	0.15102509834936687
440917	GARLIC	0.013794114281024252	0.14667409019810812
637758	GARLIC	0.02407114819756576	0.1500539928674698
1549025	GARLIC	0.057472686150244305	0.1884962639638356
2733294	GARLIC	0.0228204359965665	0.08922153764537402
5281167	GARLIC	0.08880849395479475	0.21861766491617476
5281168	GARLIC	0.0793524980545044	0.25410684091704233
5318599	GARLIC	0.034183968390737264	0.14888795571667807
5352837	GARLIC	0.04087837306516511	0.17503127455711365
5364231	GARLIC	0.06676916086247989	0.16026295721530914
262	GARLIC	0.05440675360815866	0.18884122797421046
323	GARLIC	0.0337807373808963	0.15053656910146987
750	GARLIC	0.06414692636047091	0.24188237530844553
753	GARLIC	0.08528285260711398	0.24184314906597137
962	GARLIC	0.0603787899017334	0.21621847578457423
5862	GARLIC	0.20489480240004404	0.4227506348064968
5962	GARLIC	0.12929473178727285	0.3641348012856075
6274	GARLIC	0.05733326290334974	0.24889531092984335
6322	GARLIC	0.056521447375416756	0.25573850103787016
6669	GARLIC	0.024780094091381346	0.10933609413249153
7137	GARLIC	-0.006783972095165934	0.08800871138061796
15654	GARLIC	0.1664315206663949	0.37892174295016695
62089	GARLIC	0.11284307284014565	0.2841323699269976
853433	GARLIC	0.027479455939361026	0.12359833291598729
5371102	GARLIC	0.08591125160455704	0.23554680390017374
10857465	GARLIC	0.022381133000765528	0.09733591973781586
180	SPICES	0.15273286189351762	0.3671652248927525
264	SPICES	0.16042761823960713	0.35824611357280184
702	SPICES	0.1793650026832308	0.4071493319102696
1031	SPICES	0.15487021846430643	0.3730950653553009
3102	SPICES	0.1315041727253369	0.3367511374609811
3314	SPICES	0.4276332897799356	0.6628561956541879
6506	SPICES	0.17709286085196904	0.4093922844954899
6544	SPICES	0.19861028237002237	0.41969708459717886
6561	SPICES	0.11150891440255302	0.3067954863820757
7092	SPICES	0.3266765262399401	0.5879196354321071
7302	SPICES	0.1529329397848674	0.36873219694410053
7476	SPICES	0.1914354690483638	0.4230503737926483
7559	SPICES	0.17721921844141825	0.401164893593107
7657	SPICES	0.147677338549069	0.33274124775614056
7770	SPICES	0.12101327627897263	0.3336650899478367
7793	SPICES	0.12496384658983775	0.2895366506917136
7797	SPICES	0.1614708410842078	0.39582804271153044
8025	SPICES	0.13073946854897908	0.33346044165747507
8049	SPICES	0.1424079622541155	0.3616040476730892
8094	SPICES	0.14835996287209646	0.29500401445797514
8419	SPICES	0.22117318425859725	0.45500755310058594
8438	SPICES	0.20327220857143402	0.4408045453684671
8468	SPICES	0.19318815640040807	0.434174256665366
8815	SPICES	0.38894474506378174	0.6100025262151446
8878	SPICES	0.13907222236905778	0.36749644790376934
9012	SPICES	0.27490864055497305	0.4864084039415632
10886	SPICES	0.15905440066541945	0.36821907332965303
11567	SPICES	0.1515084675380162	0.3606534089360918
12020	SPICES	0.14319234022072383	0.35199152146066937
12265	SPICES	0.16276812766279494	0.37160354426928927
12377	SPICES	0.3628041020461491	0.5375141331127712
16537	SPICES	0.19232764840126038	0.4061942526272365
17898	SPICES	0.13750812517745153	0.3538271061011723
18467	SPICES	0.14473907862390792	0.3688763848372868
21363	SPICES	0.15945940251861299	0.3899444767407009
27440	SPICES	0.17246933494295394	0.3981194368430546
31219	SPICES	0.16420673898288182	0.36704194971493315
31276	SPICES	0.11894062800066811	0.3265658787318638
31283	SPICES	0.11743415892124176	0.32081771322659086
60998	SPICES	0.17103439569473267	0.38360326630728586
61523	SPICES	0.17269685970885412	0.35859969684055876
62351	SPICES	0.2671499124595097	0.4904008209705353
62465	SPICES	0.37149389726775034	0.6133491822651455
251531	SPICES	0.15638573893478938	0.3302312578473772
440917	SPICES	0.2086750247648784	0.40092453360557556
637758	SPICES	0.25263895307268414	0.4718661734036037
1549025	SPICES	0.06959134766033717	0.23825720804078238
2733294	SPICES	0.15693686476775578	0.3817338858331953
5281167	SPICES	0.19264696751322066	0.40684315136500765
5281168	SPICES	0.12537020977054322	0.28178607140268597
5318599	SPICES	0.12359670443194253	0.3098317640168326
5352837	SPICES	0.14601685958249228	0.34095572573798044
5364231	SPICES	0.170755392738751	0.3607586537088667
262	SPICES	0.1444902526480811	0.3544793128967285
323	SPICES	0.2587514477116721	0.5111279743058341
750	SPICES	0.16647715866565704	0.3844908390726362
753	SPICES	0.17944881107125962	0.4138907194137573
962	SPICES	0.16731877837862288	0.3887744290488107
5862	SPICES	0.198011719754764	0.4395245611667633
5962	SPICES	0.13144308009317943	0.35202737365450176
6274	SPICES	0.20388550204890116	0.4284594782761165
6322	SPICES	0.15746265011174337	0.36701585565294537
6669	SPICES	0.08080786147287913	0.27193656989506315
7137	SPICES	0.5354307123592922	0.785489193030766
15654	SPICES	0.17772655614784785	0.40642853719847544
62089	SPICES	0.1585670326437269	0.3350439582552229
853433	SPICES	0.4386830585343497	0.6857831733567374
5371102	SPICES	0.24097388131277903	0.45592000229018076
10857465	SPICES	0.24701098884854997	0.5749749456133161
180	COLD	0.26763083040714264	0.42858718974249704
264	COLD	0.18226410235677445	0.35340081793921335
702	COLD	0.259264343551227	0.4025024729115622
1031	COLD	0.27969912546021597	0.4292976941381182
3102	COLD	0.30300367304256987	0.5022880605288914
3314	COLD	0.24862546154430934	0.4498628335339682
6506	COLD	0.3044874370098114	0.469534695148468
6544	COLD	0.28207885793277193	0.4658898115158081
6561	COLD	0.2910213108573641	0.4612730996949332
7092	COLD	0.29838675260543823	0.5024413594177791
7302	COLD	0.3046031338827951	0.48476898670196533
7476	COLD	0.3118934546198164	0.5210015518324715
7559	COLD	0.3363708087376186	0.5559628520693097
7657	COLD	0.2882047380719866	0.46389814785548616
7770	COLD	0.2547394313982555	0.4570505235876356
7793	COLD	0.30399768693106516	0.4702510918889727
7797	COLD	0.29022213390895296	0.4999859035015106
8025	COLD	0.23384319884436472	0.3945923021861485
8049	COLD	0.2769722640514374	0.4480581411293575
8094	COLD	0.20461684891155787	0.3603249745709555
8419	COLD	0.26793734090668814	0.4804115210260664
8438	COLD	0.31788359795297894	0.5330791473388672
8468	COLD	0.3307569580418723	0.5320173246519906
8815	COLD	0.2937036582401821	0.4504581093788147
8878	COLD	0.23923141615731375	0.4411349892616272
9012	COLD	0.14816172420978546	0.2663340653691973
10886	COLD	0.26441680107797894	0.46292583431516376
11567	COLD	0.33771452733448576	0.5257601567677089
12020	COLD	0.2871847535882677	0.47411114403179716
12265	COLD	0.28611455644880024	0.450882260288511
12377	COLD	0.1568464743239539	0.31708573017801556
16537	COLD	0.3460292560713632	0.5311983525753021
17898	COLD	0.1714119357722146	0.333107271364757
18467	COLD	0.22218921993459975	0.38854280965668814
21363	COLD	0.21258142590522766	0.3823488397257669
27440	COLD	0.16272473548139846	0.28481391285146984
31219	COLD	0.325565048626491	0.536453366279602
31276	COLD	0.29531261537756237	0.5123828223773411
31283	COLD	0.20976945757865906	0.3232307732105255
60998	COLD	0.21185989465032304	0.39497276289122446
61523	COLD	0.27164668483393534	0.4298525069441114
62351	COLD	0.17795922926494054	0.3162388290677752
62465	COLD	0.24021724930831365	0.44337333951677593
251531	COLD	0.30288296937942505	0.4714971738202231
440917	COLD	0.6230023843901498	0.7401130029133388
637758	COLD	0.267432730112757	0.46926766633987427
1549025	COLD	0.1637004507439477	0.30975258350372314
2733294	COLD	0.2893036050455911	0.47447276966912405
5281167	COLD	0.2761011762278421	0.4664618415491922
5281168	COLD	0.2568029207842691	0.43214685576302664
5318599	COLD	0.25697164450372967	0.4463376147406442
5352837	COLD	0.27421801005090984	0.4585840106010437
5364231	COLD	0.2660059332847595	0.4533702177660806
262	COLD	0.36595081431525095	0.5578622392245701
323	COLD	0.3075080897126879	0.5236091315746307
750	COLD	0.290396124124527	0.4793795943260193
753	COLD	0.3269156685897282	0.5092995294502803
962	COLD	0.3354432540280478	0.524236900465829
5862	COLD	0.21152742845671518	0.35362424169267925
5962	COLD	0.15083456145865576	0.3202890285423824
6274	COLD	0.33455465946878704	0.5343820622989109
6322	COLD	0.32782722796712604	0.5294535032340458
6669	COLD	0.19285122624465398	0.42532083817890715
7137	COLD	0.22297942638397217	0.4162777577127729
15654	COLD	0.1508325253214155	0.30600314906665255
62089	COLD	0.2066229283809662	0.35819909828049795
853433	COLD	0.25944984384945463	0.4616912475654057
5371102	COLD	0.329316897051675	0.4939119262354715
10857465	COLD	0.2843824752739498	0.4917513983590262
180	SOUR	0.37222578270094736	0.5710029304027557
264	SOUR	0.6404168478080204	0.7750132765088763
702	SOUR	0.32193828906331745	0.5342842425618853
1031	SOUR	0.2910996547767094	0.5051477466310773
3102	SOUR	0.21433050079005106	0.4348278599125998
3314	SOUR	0.12982356122561864	0.3260370833533151
6506	SOUR	0.30110965030533926	0.5025823031152997
6544	SOUR	0.2295307836362294	0.45116280232157024
6561	SOUR	0.4060258822781699	0.5928942305701119
7092	SOUR	0.14036219460623606	0.3499417815889631
7302	SOUR	0.2439465650490352	0.4654228559562138
7476	SOUR	0.121742525271007	0.29298038142068045
7559	SOUR	0.1501572302409581	0.35046397362436565
7657	SOUR	0.24506125492709024	0.4818251430988312
7770	SOUR	0.2944523734705789	0.5192729703017643
7793	SOUR	0.14225345849990845	0.33537812743868145
7797	SOUR	0.15276782640389033	0.3520344538348062
8025	SOUR	0.36140680738857817	0.5868037343025208
8049	SOUR	0.18140284717082977	0.38197201916149687
8094	SOUR	0.41879539830344065	0.589789697102138
8419	SOUR	0.14375335616724833	0.3246949485370091
8438	SOUR	0.1324263225708689	0.3074315701212202
8468	SOUR	0.1637230792215892	0.3544877214091165
8815	SOUR	0.1558043360710144	0.40039571693965365
8878	SOUR	0.13312473467418126	0.34629926085472107
9012	SOUR	0.3919062912464142	0.6631681493350438
10886	SOUR	0.22644304164818355	0.43823919551713125
11567	SOUR	0.22366351740700857	0.42884306396756855
12020	SOUR	0.26531150724206654	0.4991174723420824
12265	SOUR	0.24525141290255956	0.47260453019823345
12377	SOUR	0.452090139899935	0.7088275466646466
16537	SOUR	0.17970278646264756	0.39404026525361197
17898	SOUR	0.26525737770966124	0.4964683439050402
18467	SOUR	0.23626794133867537	0.4597721057278769
21363	SOUR	0.3710081023829324	0.5658462813922337
27440	SOUR	0.3255950595651354	0.5616825308118548
31219	SOUR	0.1822387852839061	0.383874522788184
31276	SOUR	0.18129314269338334	0.40985898460660664
31283	SOUR	0.1717112341097423	0.36540370328085764
60998	SOUR	0.298203387430736	0.5376224006925311
61523	SOUR	0.21122197593961442	0.4812754690647125
62351	SOUR	0.32660044942583355	0.5786513090133667
62465	SOUR	0.14352710438626154	0.34079937423978535
251531	SOUR	0.1254044153860637	0.32808674233300344
440917	SOUR	0.1716736831835338	0.39979117683001925
637758	SOUR	0.17748250918728964	0.4235161415168217
1549025	SOUR	0.24977941385337285	0.47809905665261404
2733294	SOUR	0.1861665270158223	0.3810636358601706
5281167	SOUR	0.25011865368911196	0.4825754761695862
5281168	SOUR	0.4039361902645656	0.6117050732885089
5318599	SOUR	0.22128908123288835	0.45170241594314575
5352837	SOUR	0.20529411733150482	0.4498113436358316
5364231	SOUR	0.24232569549764907	0.42959312881742207
262	SOUR	0.2078984294618879	0.41373794845172335
323	SOUR	0.1445735107575144	0.3397898461137499
750	SOUR	0.236812419125012	0.44709094507353647
753	SOUR	0.17849436615194594	0.39890692489487783
962	SOUR	0.2121864472116743	0.42578165446008953
5862	SOUR	0.3140059156077249	0.5488619719232831
5962	SOUR	0.41686750309807913	0.6482522147042411
6274	SOUR	0.22751887355531966	0.4488089978694916
6322	SOUR	0.27878580348832266	0.5248362507138934
6669	SOUR	0.19880149832793645	0.33688998222351074
7137	SOUR	0.09548025578260422	0.27344560623168945
15654	SOUR	0.2353083746773856	0.4691780890737261
62089	SOUR	0.38667830399104525	0.5820668850626264
853433	SOUR	0.11644801603896278	0.3016957129750933
5371102	SOUR	0.20460168378693716	0.4513715037277767
10857465	SOUR	0.23172280618122645	0.4364058034760611
180	BURNT	0.08054931621466364	0.3288449304444449
264	BURNT	0.11316192362989698	0.42093383414404734
702	BURNT	0.09003454127482005	0.3406171202659607
1031	BURNT	0.09197305887937546	0.33132830262184143
3102	BURNT	0.1192106061748096	0.36724515897887094
3314	BURNT	0.19939502222197397	0.5132866757256644
6506	BURNT	0.0992366692849568	0.3414996308939798
6544	BURNT	0.0971848624093192	0.3119023059095655
6561	BURNT	0.1071111751454217	0.36727398208209444
7092	BURNT	0.1342476893748556	0.345804682799748
7302	BURNT	0.1638490046773638	0.43256138052259174
7476	BURNT	0.05471312015184334	0.23910879024437495
7559	BURNT	0.03934139758348465	0.21185253773416793
7657	BURNT	0.09994598265205111	0.34967179383550373
7770	BURNT	0.0475933559771095	0.20914775133132935
7793	BURNT	0.068183248596532	0.3007958063057491
7797	BURNT	0.01920774153300694	0.16700552191053117
8025	BURNT	0.08154354989528656	0.31298464962414335
8049	BURNT	0.10933151308979307	0.3225951450211661
8094	BURNT	0.18964989483356476	0.5120280172143664
8419	BURNT	0.14766215426581247	0.39051235573632376
8438	BURNT	0.07617398404649325	0.27615578898361753
8468	BURNT	0.13981811170067107	0.424286207982472
8815	BURNT	0.08022125916821617	0.2921465294701712
8878	BURNT	0.05202952080539295	0.21246330440044403
9012	BURNT	0.29986257212502615	0.6201653139931815
10886	BURNT	0.05091148082699094	0.23371878266334534
11567	BURNT	0.21198371052742004	0.4732149583952768
12020	BURNT	0.10500515678099223	0.35100251861980986
12265	BURNT	0.09770228713750839	0.34270152023860384
12377	BURNT	0.16010740186486924	0.4786055215767452
16537	BURNT	0.056412791567189355	0.23858619374888285
17898	BURNT	0.2828089083944048	0.6161219903400966
18467	BURNT	0.21237150686127798	0.5276642697198051
21363	BURNT	0.13711022692067282	0.40141591003962923
27440	BURNT	0.27309417724609375	0.5934384890965053
31219	BURNT	0.05815184462283339	0.2376408236367362
31276	BURNT	0.029592440064464296	0.20263089665344783
31283	BURNT	0.17299766412803105	0.5014549493789673
60998	BURNT	0.0929840047444616	0.3121351897716522
61523	BURNT	0.10500315044607435	0.3429533839225769
62351	BURNT	0.250086458665984	0.5408714583941868
62465	BURNT	0.33604551213128225	0.7051520347595215
251531	BURNT	0.06639467552304268	0.2423161268234253
440917	BURNT	0.06031989359429905	0.2501998224428722
637758	BURNT	0.05717181148273604	0.22941880779606955
1549025	BURNT	0.11518355991159167	0.38941024456705364
2733294	BURNT	0.047936076298356056	0.22958458747182572
5281167	BURNT	0.08417897884334836	0.30824901376451763
5281168	BURNT	0.11669347435235977	0.4087025821208954
5318599	BURNT	0.1348729282617569	0.456627402986799
5352837	BURNT	0.10127671169383186	0.3649882546492985
5364231	BURNT	0.08171298887048449	0.289307455931391
262	BURNT	0.09031363044466291	0.3232716917991638
323	BURNT	0.12139016709157399	0.33861948762621197
750	BURNT	0.13889097103050776	0.4273874887398311
753	BURNT	0.13591659388371877	0.40257579939705984
962	BURNT	0.10819834151438304	0.36666737283979145
5862	BURNT	0.21989994602543966	0.5412240070956094
5962	BURNT	0.19566533395222255	0.4973362215927669
6274	BURNT	0.11693651974201202	0.39811662265232634
6322	BURNT	0.12749080679246358	0.4256931373051235
6669	BURNT	0.041170120505349975	0.2412985818726676
7137	BURNT	0.19352205310549056	0.46278674261910574
15654	BURNT	0.24264924228191376	0.5789264866283962
62089	BURNT	0.22365798694746836	0.5673304455620902
853433	BURNT	0.18974375511918748	0.48308343972478596
5371102	BURNT	0.07510840999228614	0.27395773359707426
10857465	BURNT	0.09492073687059539	0.4039571838719504
180	ACID	0.2868695344243731	0.45931398442813326
264	ACID	0.2859304504735129	0.4695593331541334
702	ACID	0.20770507199423655	0.36786937713623047
1031	ACID	0.23466268607548305	0.39826253056526184
3102	ACID	0.33314160789762226	0.5412284391266959
3314	ACID	0.1807104210768427	0.3605853021144867
6506	ACID	0.27759672488485065	0.47033352511269705
6544	ACID	0.2524209874016898	0.45190058435712543
6561	ACID	0.41081359130995615	0.5959264210292271
7092	ACID	0.16362560327563966	0.393756628036499
7302	ACID	0.3653161270277841	0.5436642255101886
7476	ACID	0.19520596521241323	0.4124735806669508
7559	ACID	0.2374030670949391	0.46080940536090303
7657	ACID	0.34928340571267263	0.5487577744892665
7770	ACID	0.19982353704316275	0.4046593861920493
7793	ACID	0.18615140872342245	0.3988609569413321
7797	ACID	0.10565557437283653	0.30680948921612333
8025	ACID	0.3137133802686419	0.5013568145888192
8049	ACID	0.2146758692605155	0.3970869651862553
8094	ACID	0.29639089533260893	0.500654569693974
8419	ACID	0.21897954174450465	0.4182562700339726
8438	ACID	0.1882428058556148	0.39411553740501404
8468	ACID	0.2737967201641628	0.4769244406904493
8815	ACID	0.17916058216776168	0.3967193790844509
8878	ACID	0.10483496849025999	0.2671125829219818
9012	ACID	0.3152301481791905	0.5228404147284371
10886	ACID	0.16008599528244563	0.34490489959716797
11567	ACID	0.43680691719055176	0.6207858494349888
12020	ACID	0.3623500551496233	0.5529658368655613
12265	ACID	0.3035325195108141	0.48970644388880047
12377	ACID	0.3140170361314501	0.5214372064386096
16537	ACID	0.20973670482635498	0.4263467107500349
17898	ACID	0.23223150627953665	0.4411184660026005
18467	ACID	0.24492749997547694	0.4368779701845987
21363	ACID	0.30530855911118643	0.4996606026376997
27440	ACID	0.26624125242233276	0.5034418531826564
31219	ACID	0.2622660994529724	0.4831583542483194
31276	ACID	0.2742626688310078	0.5036031476088932
31283	ACID	0.19927644303866796	0.33439917649541584
60998	ACID	0.24590337915079935	0.4574326276779175
61523	ACID	0.2671871440751212	0.48914260949407307
62351	ACID	0.29395931533404757	0.5058448697839465
62465	ACID	0.2943250175033297	0.468156099319458
251531	ACID	0.15830532035657338	0.3389730751514435
440917	ACID	0.3379208104951041	0.5153179253850665
637758	ACID	0.1465847353850092	0.36937212092535837
1549025	ACID	0.16550764122179576	0.31252182381493704
2733294	ACID	0.14906101035220282	0.3196482998984201
5281167	ACID	0.23246719581740244	0.4473529245172228
5281168	ACID	0.3580415163721357	0.5707118766648429
5318599	ACID	0.33819224153246197	0.555664096559797
5352837	ACID	0.25614167962755474	0.46484601497650146
5364231	ACID	0.17444774082728795	0.33325748784201487
262	ACID	0.34580497230802265	0.534136950969696
323	ACID	0.1920802422932216	0.4154444549764906
750	ACID	0.27852619120052885	0.4620788736002786
753	ACID	0.2387866164956774	0.44139982972826275
962	ACID	0.27601603737899233	0.4728838545935495
5862	ACID	0.26445611459868296	0.4513687150818961
5962	ACID	0.2530230986220496	0.45027330943516325
6274	ACID	0.2734359545367105	0.4768327474594116
6322	ACID	0.2668062725237438	0.47240476097379414
6669	ACID	0.2038506737777165	0.38329507197652546
7137	ACID	0.19702210809503282	0.36698633432388306
15654	ACID	0.1823985597917012	0.37213841932160513
62089	ACID	0.34406243903296335	0.5332422597067696
853433	ACID	0.1809385461466653	0.3656764030456543
5371102	ACID	0.2983972728252411	0.4891479824270521
10857465	ACID	0.3934961514813559	0.5332946607044765
180	WARM	0.21525750841413224	0.40630562816347393
264	WARM	0.2986208626202175	0.5393960305622646
702	WARM	0.23438182260308946	0.4312377870082855
1031	WARM	0.22450714664799826	0.4206918350287846
3102	WARM	0.24748400918075017	0.4771274413381304
3314	WARM	0.4623287618160248	0.6760464480945042
6506	WARM	0.26186430880001615	0.4673232819352831
6544	WARM	0.27590968779155184	0.4994867273739406
6561	WARM	0.23963184441838944	0.4551004299095699
7092	WARM	0.37056775603975567	0.5924354280744281
7302	WARM	0.2911351706300463	0.5037430695125035
7476	WARM	0.3581132079873766	0.5966368062155587
7559	WARM	0.32274835450308664	0.5790296196937561
7657	WARM	0.22615507245063782	0.4430755802563259
7770	WARM	0.25375992485455107	0.4958880032811846
7793	WARM	0.32985115902764456	0.5503128596714565
7797	WARM	0.3437996804714203	0.6107280509812492
8025	WARM	0.2028109175818307	0.39568668603897095
8049	WARM	0.29739069087164743	0.5222140763487134
8094	WARM	0.3578023314476013	0.60734281369618
8419	WARM	0.4032390756266458	0.6238063148089817
8438	WARM	0.3787231913634709	0.6022177679198129
8468	WARM	0.3361633334841047	0.5666193791798183
8815	WARM	0.25504346404756817	0.4967805743217468
8878	WARM	0.39035576581954956	0.6398177572659084
9012	WARM	0.3694234532969339	0.6309957163674491
10886	WARM	0.2679494832243238	0.5173410943576268
11567	WARM	0.3436148933001927	0.559636081968035
12020	WARM	0.22436158997671946	0.4351420657975333
12265	WARM	0.2310803702899388	0.4358017146587372
12377	WARM	0.3403780290058681	0.6319254807063511
16537	WARM	0.29844431791986736	0.5519102215766907
17898	WARM	0.39473369291850496	0.623273355620248
18467	WARM	0.3194441795349121	0.5325041668755668
21363	WARM	0.3856967091560364	0.6080663800239563
27440	WARM	0.38650278959955486	0.6384890590395246
31219	WARM	0.2876813794885363	0.5291259118488857
31276	WARM	0.25596980111939566	0.5300768528665815
31283	WARM	0.3982322173459189	0.6300782987049648
60998	WARM	0.3562030238764627	0.5881602849279132
61523	WARM	0.24049315069402968	0.47831652419907705
62351	WARM	0.3385478641305651	0.5715488025120327
62465	WARM	0.4545689650944301	0.65125230380467
251531	WARM	0.28225146872656687	0.4879911243915558
440917	WARM	0.1853948554822377	0.4165445012705667
637758	WARM	0.3771090166909354	0.6140028834342957
1549025	WARM	0.3420213120324271	0.5225630572863987
2733294	WARM	0.3250310293265751	0.5807072349957058
5281167	WARM	0.2482382974454335	0.4882845623152597
5281168	WARM	0.2642255127429962	0.5008357209818703
5318599	WARM	0.28999319672584534	0.5333304405212402
5352837	WARM	0.2482057171208518	0.48777495537485394
5364231	WARM	0.26484088812555584	0.4613488359110696
262	WARM	0.2438520554985319	0.4579255793775831
323	WARM	0.38444352575710844	0.6051976936204093
750	WARM	0.28735725794519695	0.4984782763889858
753	WARM	0.2991785705089569	0.5190300047397614
962	WARM	0.23972228808062418	0.45931629623685566
5862	WARM	0.3150481751986912	0.5382136532238552
5962	WARM	0.35809060505458284	0.5856120160647801
6274	WARM	0.23397970412458693	0.445637366601399
6322	WARM	0.25547253659793306	0.43715144055230276
6669	WARM	0.3281027248927525	0.5865740180015564
7137	WARM	0.6529665674482074	0.8048219169889178
15654	WARM	0.374855101108551	0.5982966252735683
62089	WARM	0.3419619160039084	0.5854455743517194
853433	WARM	0.5252899825572968	0.7250925983701434
5371102	WARM	0.23698483407497406	0.4663791997092111
10857465	WARM	0.3777397572994232	0.6091863257544381
180	MUSKY	0.29865387082099915	0.47888692361967905
264	MUSKY	0.5473872338022504	0.7349380765642438
702	MUSKY	0.2863747179508209	0.4651018636567252
1031	MUSKY	0.2700773903301784	0.4410991370677948
3102	MUSKY	0.2365014978817531	0.43859327690941946
3314	MUSKY	0.15057613381317683	0.3184520559651511
6506	MUSKY	0.26381353608199526	0.44969760945865084
6544	MUSKY	0.24627093545028142	0.4701933818204062
6561	MUSKY	0.3773266587938581	0.5816202759742737
7092	MUSKY	0.13357683164732798	0.3153460110936846
7302	MUSKY	0.2695711212498801	0.4781492224761418
7476	MUSKY	0.15587495054517472	0.33831161686352323
7559	MUSKY	0.17187712447983877	0.3661502514566694
7657	MUSKY	0.225599005818367	0.4386048742703029
7770	MUSKY	0.1960849783250264	0.3953003627913339
7793	MUSKY	0.16229896353823797	0.36986564312662396
7797	MUSKY	0.05183955281972885	0.18001670922551835
8025	MUSKY	0.27934132516384125	0.4739434335912977
8049	MUSKY	0.20702976414135524	0.4153393634728023
8094	MUSKY	0.4825118737561362	0.6748324632644653
8419	MUSKY	0.19140357311282838	0.3852379875523703
8438	MUSKY	0.15206777730158397	0.3219788244792393
8468	MUSKY	0.18620328605175018	0.36850195271628244
8815	MUSKY	0.15735902105058944	0.32633709481784273
8878	MUSKY	0.11255984008312225	0.2746032050677708
9012	MUSKY	0.3921520284243992	0.6369540606226239
10886	MUSKY	0.17624790115015848	0.3663663608687265
11567	MUSKY	0.2676500380039215	0.4682203531265259
12020	MUSKY	0.2430727779865265	0.44498673932892935
12265	MUSKY	0.23664972611836024	0.4226325111729758
12377	MUSKY	0.3680898760046278	0.6103297557149615
16537	MUSKY	0.13582365959882736	0.3083720930985042
17898	MUSKY	0.35755954895700726	0.625761594091143
18467	MUSKY	0.312034900699343	0.549021133354732
21363	MUSKY	0.48192220500537325	0.6790372899600438
27440	MUSKY	0.3697093427181244	0.6424752048083714
31219	MUSKY	0.1772091473851885	0.35434052773884367
31276	MUSKY	0.0763881296983787	0.2516924206699644
31283	MUSKY	0.2669398103441511	0.5228231847286224
60998	MUSKY	0.3132999667099544	0.5604021974972316
61523	MUSKY	0.23513271340302058	0.4596853128501347
62351	MUSKY	0.33477479219436646	0.5635563475745065
62465	MUSKY	0.2261050875697817	0.43487997565950665
251531	MUSKY	0.16073149016925267	0.3407027338232313
440917	MUSKY	0.05072310460465295	0.20423874258995056
637758	MUSKY	0.2052452883550099	0.41862169333866667
1549025	MUSKY	0.19279914030006953	0.36469632387161255
2733294	MUSKY	0.11323558432715279	0.2647003765617098
5281167	MUSKY	0.2134316521031516	0.404833768095289
5281168	MUSKY	0.3975006341934204	0.6292997343199593
5318599	MUSKY	0.3198533611638205	0.5394143887928554
5352837	MUSKY	0.2229576621736799	0.40937756640570505
5364231	MUSKY	0.21400843134948186	0.39318004676273893
262	MUSKY	0.21676476086888993	0.38605830499104093
323	MUSKY	0.14954755987439836	0.3306354412010738
750	MUSKY	0.24975221710545675	0.4471473608698164
753	MUSKY	0.20013145889554704	0.38154431751796175
962	MUSKY	0.2109464555978775	0.38865197130611967
5862	MUSKY	0.34288993903568815	0.5726670026779175
5962	MUSKY	0.4459674528666905	0.6868857741355896
6274	MUSKY	0.2467563429049083	0.4182689147336142
6322	MUSKY	0.27292792073317934	0.46894870485578266
6669	MUSKY	0.22382216368402755	0.4459125484739031
7137	MUSKY	0.09075273254087993	0.2634062383856092
15654	MUSKY	0.3228768365723746	0.5822584458759853
62089	MUSKY	0.4859871566295624	0.6771699615887233
853433	MUSKY	0.12533703872135707	0.30079679829733713
5371102	MUSKY	0.18581747582980565	0.3887981176376343
10857465	MUSKY	0.2544573439019067	0.49313377482550486
180	SWEATY	0.22015413429055894	0.4915861827986581
264	SWEATY	0.46497510586466106	0.7228551251547677
702	SWEATY	0.18803745721067702	0.420501640864781
1031	SWEATY	0.1679945502962385	0.39394956827163696
3102	SWEATY	0.13884030282497406	0.3496245784418924
3314	SWEATY	0.0438221703682627	0.1458471491932869
6506	SWEATY	0.1738062905413764	0.39936448846544537
6544	SWEATY	0.1370821318456105	0.3512037055832999
6561	SWEATY	0.2676047384738922	0.5245451629161835
7092	SWEATY	0.0507975917841707	0.18339073125805175
7302	SWEATY	0.149787466440882	0.3818026270185198
7476	SWEATY	0.049605478665658405	0.16361603992325918
7559	SWEATY	0.07178418817264694	0.24999781591551645
7657	SWEATY	0.13951037185532705	0.35180713874953135
7770	SWEATY	0.11466549230473382	0.3027319482394627
7793	SWEATY	0.09134069085121155	0.21047434636524745
7797	SWEATY	0.025684562112603868	0.14717984199523926
8025	SWEATY	0.1899439969233104	0.4337093617234911
8049	SWEATY	0.09949065744876862	0.282159047467368
8094	SWEATY	0.3055991360119411	0.5481490237372262
8419	SWEATY	0.07403130403586797	0.19831943299089158
8438	SWEATY	0.04732530111713069	0.14310908317565918
8468	SWEATY	0.08137899105037961	0.2129677321229662
8815	SWEATY	0.06908562060977731	0.2208065731184823
8878	SWEATY	0.057553332831178396	0.18628276884555817
9012	SWEATY	0.24440506739275797	0.5376206040382385
10886	SWEATY	0.09415914437600545	0.3017293299947466
11567	SWEATY	0.1340509323137147	0.365261720759528
12020	SWEATY	0.14972135850361415	0.3649700496877943
12265	SWEATY	0.14077914931944438	0.3580666737897055
12377	SWEATY	0.23009384955678666	0.5412083779062543
16537	SWEATY	0.05034421543989863	0.1932316358600344
17898	SWEATY	0.19018310095582688	0.47268050483294893
18467	SWEATY	0.15835884639195033	0.41257340141705107
21363	SWEATY	0.35039769964558737	0.5527962914534977
27440	SWEATY	0.22285489525113786	0.48995535714285715
31219	SWEATY	0.08173679666859764	0.2645444018500192
31276	SWEATY	0.023158332599060878	0.14491438546351024
31283	SWEATY	0.1332503663642066	0.40246334246226717
60998	SWEATY	0.20159505094800675	0.4763271766049521
61523	SWEATY	0.13551131316593715	0.3842854542391641
62351	SWEATY	0.1903809415442603	0.42901926806994845
62465	SWEATY	0.08287821816546577	0.26084077783993315
251531	SWEATY	0.05809999629855156	0.1742238530090877
440917	SWEATY	0.02111877953367574	0.1325969398021698
637758	SWEATY	0.11503408529928752	0.3502053533281599
1549025	SWEATY	0.10381399414369039	0.28796531898634775
2733294	SWEATY	0.04371648521295616	0.20219547407967703
5281167	SWEATY	0.12148339514221464	0.33835314001355854
5281168	SWEATY	0.24658859201839992	0.49472469091415405
5318599	SWEATY	0.15765464518751418	0.3535626530647278
5352837	SWEATY	0.11096470590148654	0.28556306447301594
5364231	SWEATY	0.11315022142870086	0.313834364925112
262	SWEATY	0.12332876878125328	0.2973818395818983
323	SWEATY	0.05237644910812378	0.1861955981169428
750	SWEATY	0.16423931292125157	0.3423757127353123
753	SWEATY	0.09546535089612007	0.2562468349933624
962	SWEATY	0.11254378301756722	0.2903059848717281
5862	SWEATY	0.2218218892812729	0.4877951996667044
5962	SWEATY	0.32752765502248493	0.5833400062152317
6274	SWEATY	0.13198711829526083	0.3140780883175986
6322	SWEATY	0.17496386915445328	0.35654142073222567
6669	SWEATY	0.12412211618253163	0.30139242325510296
7137	SWEATY	0.05374555662274361	0.16463508989129746
15654	SWEATY	0.18184882402420044	0.4574512711593083
62089	SWEATY	0.27215378625052317	0.5484243418489184
853433	SWEATY	0.04046502203813621	0.13048153796366282
5371102	SWEATY	0.09920629699315343	0.2771621176174709
10857465	SWEATY	0.15512201615742274	0.3239687808922359
180	AMMONIA/URINOUS	0.26613883461271015	0.413029032094138
264	AMMONIA/URINOUS	0.3998559032167707	0.5232029897826058
702	AMMONIA/URINOUS	0.2058100083044597	0.35414697442735943
1031	AMMONIA/URINOUS	0.2242431640625	0.3653961888381413
3102	AMMONIA/URINOUS	0.34043870653424946	0.4721214941569737
3314	AMMONIA/URINOUS	0.1758684026343482	0.3148925432137081
6506	AMMONIA/URINOUS	0.21937098247664316	0.3660751794065748
6544	AMMONIA/URINOUS	0.2823048489434378	0.41221017496926443
6561	AMMONIA/URINOUS	0.4626644679478237	0.5948895471436637
7092	AMMONIA/URINOUS	0.14937524923256465	0.2801093203680856
7302	AMMONIA/URINOUS	0.3694460690021515	0.49073863455227446
7476	AMMONIA/URINOUS	0.19201328711850302	0.28804715829236166
7559	AMMONIA/URINOUS	0.25933458123888287	0.4254238137177059
7657	AMMONIA/URINOUS	0.34129062720707487	0.4641135973589761
7770	AMMONIA/URINOUS	0.17250887410981314	0.33609492438180105
7793	AMMONIA/URINOUS	0.2541806421109608	0.38583074297223774
7797	AMMONIA/URINOUS	0.023281568927424296	0.12522745238883154
8025	AMMONIA/URINOUS	0.31465284739221844	0.44679332205227446
8049	AMMONIA/URINOUS	0.1308057563645499	0.2599183108125414
8094	AMMONIA/URINOUS	0.3415623051779611	0.4011446067265102
8419	AMMONIA/URINOUS	0.23760374316147395	0.3361116349697113
8438	AMMONIA/URINOUS	0.18144157103129796	0.2753675899335316
8468	AMMONIA/URINOUS	0.24272635579109192	0.37413039803504944
8815	AMMONIA/URINOUS	0.13394535439355032	0.2960123973233359
8878	AMMONIA/URINOUS	0.08217412712318557	0.16977269734655107
9012	AMMONIA/URINOUS	0.48909327387809753	0.5911175864083427
10886	AMMONIA/URINOUS	0.12922700494527817	0.2423481217452458
11567	AMMONIA/URINOUS	0.47624162265232634	0.5871361238615853
12020	AMMONIA/URINOUS	0.3511087894439697	0.4820547231606075
12265	AMMONIA/URINOUS	0.3110352413994925	0.43611314467021395
12377	AMMONIA/URINOUS	0.4814316843237196	0.5511120132037571
16537	AMMONIA/URINOUS	0.19145245211465017	0.35351986970220295
17898	AMMONIA/URINOUS	0.3447969598429544	0.4797655812331608
18467	AMMONIA/URINOUS	0.31150969011443	0.4429268751825605
21363	AMMONIA/URINOUS	0.503287136554718	0.5964536496571132
27440	AMMONIA/URINOUS	0.4112303171839033	0.5307291150093079
31219	AMMONIA/URINOUS	0.23236977202551706	0.39848071336746216
31276	AMMONIA/URINOUS	0.19749520931925094	0.34889120715005056
31283	AMMONIA/URINOUS	0.15698853135108948	0.22971954090254648
60998	AMMONIA/URINOUS	0.35774480019296917	0.5096296668052673
61523	AMMONIA/URINOUS	0.26183223511491505	0.417062371969223
62351	AMMONIA/URINOUS	0.39466535619327	0.5151398394789014
62465	AMMONIA/URINOUS	0.30934225235666546	0.47786562357630047
251531	AMMONIA/URINOUS	0.1193438810961587	0.26056438045842306
440917	AMMONIA/URINOUS	0.24821915371077402	0.401214416537966
637758	AMMONIA/URINOUS	0.24315701850822993	0.3781349616391318
1549025	AMMONIA/URINOUS	0.18158221457685744	0.30791143434388296
2733294	AMMONIA/URINOUS	0.09366273773568017	0.1997491398027965
5281167	AMMONIA/URINOUS	0.19889481046370097	0.36053153020995005
5281168	AMMONIA/URINOUS	0.37984105944633484	0.5140446424484253
5318599	AMMONIA/URINOUS	0.3033136086804526	0.45003815633910044
5352837	AMMONIA/URINOUS	0.20626902154513768	0.3602018015725272
5364231	AMMONIA/URINOUS	0.1132538840174675	0.23667744440691812
262	AMMONIA/URINOUS	0.3340813219547272	0.4557364923613412
323	AMMONIA/URINOUS	0.18806867727211543	0.3046035532440458
750	AMMONIA/URINOUS	0.22122598545891897	0.3574952355452946
753	AMMONIA/URINOUS	0.19689778983592987	0.34543017404420034
962	AMMONIA/URINOUS	0.21845116785594396	0.3684576451778412
5862	AMMONIA/URINOUS	0.31148993968963623	0.44935377155031475
5962	AMMONIA/URINOUS	0.3809675787176405	0.5073806984083993
6274	AMMONIA/URINOUS	0.20187376226697648	0.35628412451062885
6322	AMMONIA/URINOUS	0.23362194214548385	0.3978035918303898
6669	AMMONIA/URINOUS	0.17348346646342958	0.2120648633156504
7137	AMMONIA/URINOUS	0.19040394680840628	0.28836487446512493
15654	AMMONIA/URINOUS	0.3014024112905775	0.4307824500969478
62089	AMMONIA/URINOUS	0.39780316182545256	0.46852533306394306
853433	AMMONIA/URINOUS	0.17774184793233871	0.2994407968861716
5371102	AMMONIA/URINOUS	0.27018727575029644	0.4029078781604767
10857465	AMMONIA/URINOUS	0.3826553395816258	0.42206896202904837
180	DECAYED	0.09370390325784683	0.33763258372034344
264	DECAYED	0.26970021213803974	0.5611072650977543
702	DECAYED	0.08502891446862902	0.3229918437344687
1031	DECAYED	0.07314530547176089	0.2989465722015926
3102	DECAYED	0.06137458235025406	0.30336686968803406
3314	DECAYED	0.060152812993952205	0.2777854587350573
6506	DECAYED	0.06981691771319934	0.2993060563291822
6544	DECAYED	0.07604869029351644	0.3073655366897583
6561	DECAYED	0.14094983786344528	0.43767588479178293
7092	DECAYED	0.04363997972437313	0.21491053913320815
7302	DECAYED	0.07767304618443761	0.3248875141143799
7476	DECAYED	0.03704080464584487	0.18739155999251775
7559	DECAYED	0.05986266742859568	0.3109674666609083
7657	DECAYED	0.07169581257871219	0.329153482403074
7770	DECAYED	0.08784108555742673	0.33421409130096436
7793	DECAYED	0.027288247432027544	0.18471941032579967
7797	DECAYED	0.021201200783252716	0.20155849414212362
8025	DECAYED	0.0926540664264134	0.3568434885569981
8049	DECAYED	0.04391349745648248	0.24551818200520106
8094	DECAYED	0.1974009701183864	0.428899952343532
8419	DECAYED	0.051385910383292606	0.24718767830303737
8438	DECAYED	0.03251151793769428	0.1910885295697621
8468	DECAYED	0.06382470258644649	0.2766317980630057
8815	DECAYED	0.04555358099085944	0.2619739792176655
8878	DECAYED	0.02732199802994728	0.21941785514354706
9012	DECAYED	0.25098018986838205	0.6115440385682243
10886	DECAYED	0.06580583857638496	0.27835934502737864
11567	DECAYED	0.07810151044811521	0.3414346533162253
12020	DECAYED	0.08479755052498408	0.3667040296963283
12265	DECAYED	0.07693037071398326	0.341701192515237
12377	DECAYED	0.3172983250447682	0.7097396169389997
16537	DECAYED	0.02512987676475729	0.21374012529850006
17898	DECAYED	0.1456755953175681	0.4595011217253549
18467	DECAYED	0.11529500463179179	0.40031671949795317
21363	DECAYED	0.19909411881651198	0.49209960869380404
27440	DECAYED	0.17630269059113093	0.5421602938856397
31219	DECAYED	0.06328180538756507	0.3163361464227949
31276	DECAYED	0.04103632297899042	0.2927768187863486
31283	DECAYED	0.03252683952450752	0.2048370178256716
60998	DECAYED	0.09917768623147692	0.3772569979940142
61523	DECAYED	0.0718433681343283	0.3009276347500937
62351	DECAYED	0.18349940649100713	0.5320218886647906
62465	DECAYED	0.08691947215369769	0.3432915721620832
251531	DECAYED	0.0012973238314901079	0.12642642855644226
440917	DECAYED	-0.0006129425019025803	0.16344995477369853
637758	DECAYED	0.06229877418705395	0.33518328411238535
1549025	DECAYED	0.06327232133064951	0.24030501501900808
2733294	DECAYED	0.054588893694537025	0.2637417997632708
5281167	DECAYED	0.06852491945028305	0.33570410098348347
5281168	DECAYED	0.13582998833486012	0.42957346779959543
5318599	DECAYED	0.08765640801617078	0.3294018932751247
5352837	DECAYED	0.0717829620199544	0.30788780535970417
5364231	DECAYED	0.06368593232972282	0.29500762053898405
262	DECAYED	0.06746987679174968	0.3154999145439693
323	DECAYED	0.04070526414683887	0.2043149130684989
750	DECAYED	0.0810022737298693	0.3135568882737841
753	DECAYED	0.05825899674424103	0.2842577270099095
962	DECAYED	0.05266595578619412	0.28318945850644794
5862	DECAYED	0.14652272952454432	0.449113449880055
5962	DECAYED	0.20102419810635702	0.526062399148941
6274	DECAYED	0.05610794307930129	0.3040891672883715
6322	DECAYED	0.07453752309083939	0.311166558946882
6669	DECAYED	0.04911284175302301	0.1967802814074925
7137	DECAYED	0.046131478888647895	0.2367064846413476
15654	DECAYED	0.13197256837572371	0.4351201483181545
62089	DECAYED	0.17645645141601562	0.4293646046093532
853433	DECAYED	0.045735077666384835	0.24014783118452346
5371102	DECAYED	0.035893206883754046	0.2775514764445169
10857465	DECAYED	0.06719962454267911	0.30767167466027395
180	WOOD	0.17362078598567418	0.33113994342940195
264	WOOD	0.11772901990583964	0.2548468496118273
702	WOOD	0.1997679535831724	0.3434363305568695
1031	WOOD	0.21742303243705205	0.37101615752492634
3102	WOOD	0.2304276738848005	0.3960107224328177
3314	WOOD	0.33805140001433237	0.5365620723792485
6506	WOOD	0.2527948149612972	0.41513905354908537
6544	WOOD	0.23320449250085012	0.39584723114967346
6561	WOOD	0.17612854497773306	0.3322061470576695
7092	WOOD	0.22785804740020207	0.38762944085257395
7302	WOOD	0.22298699404512132	0.4098513722419739
7476	WOOD	0.18209478471960341	0.3301334892000471
7559	WOOD	0.12903477890150888	0.22681486819471633
7657	WOOD	0.18632814288139343	0.31715926953724455
7770	WOOD	0.07149297318288259	0.1708173006772995
7793	WOOD	0.2011381025825228	0.3767452282564981
7797	WOOD	0.07851707403148923	0.18059280940464564
8025	WOOD	0.13002710683005198	0.2329179389136178
8049	WOOD	0.25060042100293295	0.4144346628870283
8094	WOOD	0.303899701152529	0.46340426802635193
8419	WOOD	0.25744000502995085	0.43181346143995014
8438	WOOD	0.1925559320620128	0.343102080481393
8468	WOOD	0.2929707957165582	0.47089136072567533
8815	WOOD	0.2199197496686663	0.3895782104560307
8878	WOOD	0.13514542047466552	0.2757253050804138
9012	WOOD	0.1633533015847206	0.31507016505513874
10886	WOOD	0.1366491456116949	0.25422778725624084
11567	WOOD	0.19946872336523874	0.39037044984953745
12020	WOOD	0.17870989867619105	0.3113966626780374
12265	WOOD	0.2237588827099119	0.37930463893072947
12377	WOOD	0.053695980459451675	0.20072051456996373
16537	WOOD	0.2152671835252217	0.3614636617047446
17898	WOOD	0.37487072178295683	0.5909784691674369
18467	WOOD	0.3118362639631544	0.5190745975290026
21363	WOOD	0.2295784524508885	0.4347869030066899
27440	WOOD	0.3495925111430032	0.5313685962132045
31219	WOOD	0.12718069766248977	0.23979419469833374
31276	WOOD	0.06891278390373502	0.16698140118803298
31283	WOOD	0.32300991671425955	0.5513442754745483
60998	WOOD	0.17168010132653372	0.31016564794949125
61523	WOOD	0.22072681997503554	0.392867522580283
62351	WOOD	0.1724274115903037	0.32564141920634676
62465	WOOD	0.4292215406894684	0.6285533649580819
251531	WOOD	0.19359210665736878	0.31700706481933594
440917	WOOD	0.2203733367579324	0.37963258368628366
637758	WOOD	0.09906966452087675	0.20740807695048197
1549025	WOOD	0.2492603531905583	0.43040757519858225
2733294	WOOD	0.11812546849250793	0.24458764706339156
5281167	WOOD	0.22851590173585073	0.37014375839914593
5281168	WOOD	0.33089942591530935	0.4996738518987383
5318599	WOOD	0.38998666405677795	0.5854902863502502
5352837	WOOD	0.2881202484880175	0.458008348941803
5364231	WOOD	0.25525252308164326	0.3679780491760799
262	WOOD	0.24223033445222036	0.3926719001361302
323	WOOD	0.2463713458606175	0.4008073764187949
750	WOOD	0.31580363852637156	0.5042439699172974
753	WOOD	0.27166078984737396	0.4373583367892674
962	WOOD	0.29164973539965494	0.4654258149010794
5862	WOOD	0.26615346329552786	0.4381289524691446
5962	WOOD	0.27498598183904377	0.4958824132169996
6274	WOOD	0.3632366827556065	0.5573371563638959
6322	WOOD	0.39725113766533987	0.620944653238569
6669	WOOD	0.28098370347704205	0.4667248896190098
7137	WOOD	0.3496385429586683	0.4742504784039089
15654	WOOD	0.33648773602076937	0.5461463289601463
62089	WOOD	0.34951031633785795	0.5127144541059222
853433	WOOD	0.3168191526617323	0.4872322125094278
5371102	WOOD	0.20459089534623282	0.3676196507045201
10857465	WOOD	0.43385744094848633	0.6532094819205148
180	GRASS	0.08596375265291759	0.23209439430918014
264	GRASS	0.053433039890868325	0.15200142136641911
702	GRASS	0.09558344206639699	0.23901040852069855
1031	GRASS	0.08842175134590693	0.2198028223855155
3102	GRASS	0.09507655245917183	0.24489458756787436
3314	GRASS	0.11353913588183266	0.2909137393747057
6506	GRASS	0.11549821921757289	0.2708956982408251
6544	GRASS	0.191233686038426	0.4082752934523991
6561	GRASS	0.07455732673406601	0.19867112381117685
7092	GRASS	0.10835254511662892	0.26617125953946796
7302	GRASS	0.0753074586391449	0.20663715047495707
7476	GRASS	0.11254617997578212	0.28702998799937113
7559	GRASS	0.057578006493193765	0.21963915441717421
7657	GRASS	0.10999666260821479	0.26265873653548105
7770	GRASS	0.035457939973899295	0.17534536974770681
7793	GRASS	0.16190997404711588	0.31399582965033396
7797	GRASS	0.1779259592294693	0.3575606644153595
8025	GRASS	0.07103268536073822	0.1912591372217451
8049	GRASS	0.09578892801489149	0.2531305487666811
8094	GRASS	0.056348879422460287	0.17840095502989634
8419	GRASS	0.10777768173388072	0.28912320733070374
8438	GRASS	0.10098795060600553	0.2695185925279345
8468	GRASS	0.12617819224085128	0.2961061085973467
8815	GRASS	0.1560525894165039	0.3536195456981659
8878	GRASS	0.04186870636684554	0.19874998501368932
9012	GRASS	0.06110550143889019	0.19146440497466496
10886	GRASS	0.17950338125228882	0.40117204615048
11567	GRASS	0.06230527215770313	0.21194640227726527
12020	GRASS	0.1078021941440446	0.24976637746606553
12265	GRASS	0.10686838307550975	0.25520902020590647
12377	GRASS	0.06702341006270476	0.1833452731370926
16537	GRASS	0.1951278703553336	0.41999497158186777
17898	GRASS	0.10838582047394343	0.2784741222858429
18467	GRASS	0.09626134272132601	0.26533630064555574
21363	GRASS	0.09100398634161268	0.22989033588341304
27440	GRASS	0.19491984801633017	0.3904599504811423
31219	GRASS	0.040805881044694355	0.20589966220515116
31276	GRASS	0.041436492066298215	0.18871302902698517
31283	GRASS	0.05039988963731697	0.15702220371791295
60998	GRASS	0.07411298475095204	0.2224435657262802
61523	GRASS	0.18948594161442348	0.41011856283460346
62351	GRASS	0.0930106011884553	0.2731007678168161
62465	GRASS	0.09746092717562403	0.2786182463169098
251531	GRASS	0.11821322249514717	0.3238249123096466
440917	GRASS	0.12141906789370946	0.34534128648894175
637758	GRASS	0.049406381590025764	0.19456289921488082
1549025	GRASS	0.0989294211779322	0.26399328666073935
2733294	GRASS	0.2197807686669486	0.41437725935663494
5281167	GRASS	0.35242381266185213	0.580514669418335
5281168	GRASS	0.1432253952537264	0.3522064302648817
5318599	GRASS	0.19099260228020803	0.3843572906085423
5352837	GRASS	0.22763225649084365	0.4195806086063385
5364231	GRASS	0.47925230860710144	0.6800990956170219
262	GRASS	0.12862488201686315	0.2930702694824764
323	GRASS	0.09371750695364815	0.23804979026317596
750	GRASS	0.0824968261378152	0.2061035164764949
753	GRASS	0.13009639510086604	0.30500592078481403
962	GRASS	0.10225849066461835	0.2539667912891933
5862	GRASS	0.08828204550913402	0.20888211684567587
5962	GRASS	0.09656151809862681	0.2501617989369801
6274	GRASS	0.13909971501146043	0.3168915297303881
6322	GRASS	0.1172668422971453	0.2861738460404532
6669	GRASS	0.056796597582953315	0.15670018536703928
7137	GRASS	0.0816428501691137	0.21458361617156438
15654	GRASS	0.0771591631429536	0.23695359698363713
62089	GRASS	0.02983445008950574	0.14243443416697638
853433	GRASS	0.09030654813562121	0.25389216414519716
5371102	GRASS	0.18450208859784262	0.4047651376043047
10857465	GRASS	0.18610054467405593	0.3927594763892038
180	FLOWER	0.06954283107604299	0.29068894471441
264	FLOWER	0.050437994833503454	0.22409998519080027
702	FLOWER	0.09955676432166781	0.315363598721368
1031	FLOWER	0.1004424159015928	0.32455311928476605
3102	FLOWER	0.1717562505177089	0.4424592171396528
3314	FLOWER	0.166951522231102	0.45415765047073364
6506	FLOWER	0.1221824586391449	0.3312914882387434
6544	FLOWER	0.24835707673004695	0.5188871707235064
6561	FLOWER	0.06164321729115078	0.2775473764964512
7092	FLOWER	0.19719011655875615	0.48959081513541086
7302	FLOWER	0.0834669257913317	0.30899632828576223
7476	FLOWER	0.39028908950941904	0.7099007027489799
7559	FLOWER	0.4234726939882551	0.7016795958791461
7657	FLOWER	0.20774963285241807	0.4456231764384678
7770	FLOWER	0.22295404757772172	0.4953849996839251
7793	FLOWER	0.5429511453424182	0.8082984856196812
7797	FLOWER	0.36676256145749775	0.6523132068770272
8025	FLOWER	0.07542853323476655	0.3126270728451865
8049	FLOWER	0.20584934098379953	0.4329982953412192
8094	FLOWER	0.05705573622669492	0.19452412958656037
8419	FLOWER	0.27744325143950327	0.5956792831420898
8438	FLOWER	0.3138174095324108	0.6572460447038923
8468	FLOWER	0.19261387416294642	0.49369037577084135
8815	FLOWER	0.171588801911899	0.4246381095477513
8878	FLOWER	0.2649517889533724	0.5405954803739276
9012	FLOWER	0.02566838636994362	0.16245957357542856
10886	FLOWER	0.272711198244776	0.5883808817182269
11567	FLOWER	0.09485141241124698	0.33923783898353577
12020	FLOWER	0.09908214956521988	0.3278279219354902
12265	FLOWER	0.09525917576892036	0.29648443843637196
12377	FLOWER	0.060260207525321415	0.19970043855054037
16537	FLOWER	0.4714001204286303	0.7507876583508083
17898	FLOWER	0.07766982434051377	0.2704654059239796
18467	FLOWER	0.08550182463867324	0.2857306812490736
21363	FLOWER	0.16526913217135838	0.3878885677882603
27440	FLOWER	0.10344159762774195	0.27691556939056944
31219	FLOWER	0.38059002586773466	0.6630381430898394
31276	FLOWER	0.2593789505107062	0.5448975052152362
31283	FLOWER	0.12614422823701585	0.27376615149634226
60998	FLOWER	0.33968259607042584	0.5940094419888088
61523	FLOWER	0.3381583477769579	0.5992133957999093
62351	FLOWER	0.08427882992795535	0.2515774369239807
62465	FLOWER	0.10144365153142385	0.3478826752730778
251531	FLOWER	0.4664060132844107	0.8062617523329598
440917	FLOWER	0.2622563966682979	0.5206305852958134
637758	FLOWER	0.3260344650064196	0.6502010992595127
1549025	FLOWER	0.28391232660838533	0.5650068691798619
2733294	FLOWER	0.34541282057762146	0.6386825101716178
5281167	FLOWER	0.2319028228521347	0.5195655439581189
5281168	FLOWER	0.0995070215846811	0.31315748180661884
5318599	FLOWER	0.15484044062239782	0.3901160146508898
5352837	FLOWER	0.20609192975929805	0.47103058866092135
5364231	FLOWER	0.23939358975206101	0.514581173658371
262	FLOWER	0.12997346477849142	0.3860105276107788
323	FLOWER	0.20529277196952275	0.51625508921487
750	FLOWER	0.13128369195120676	0.366926337991442
753	FLOWER	0.156433710030147	0.4299419139112745
962	FLOWER	0.14606328734329768	0.40392352853502544
5862	FLOWER	0.0642659669475896	0.2273396338735308
5962	FLOWER	0.08743544455085482	0.28300594432013376
6274	FLOWER	0.12739372040544236	0.3818977475166321
6322	FLOWER	0.10114216910941261	0.3533263717378889
6669	FLOWER	0.470155200787953	0.6892058423587254
7137	FLOWER	0.3036267076219831	0.598185122013092
15654	FLOWER	0.054760824356760295	0.20093465064253127
62089	FLOWER	0.027438588440418243	0.15031428635120392
853433	FLOWER	0.2260674089193344	0.5366232948643821
5371102	FLOWER	0.19537063368729182	0.4519483915397099
10857465	FLOWER	0.19379646011761256	0.4215927038873945
180	CHEMICAL	0.26750091144016813	0.5302644627434867
264	CHEMICAL	0.2151526744876589	0.5111348714147296
702	CHEMICAL	0.18778046539851598	0.45490198901721407
1031	CHEMICAL	0.24053372016974858	0.49809943778174265
3102	CHEMICAL	0.373633188860757	0.6227145535605294
3314	CHEMICAL	0.24196490432534898	0.529352217912674
6506	CHEMICAL	0.2717440128326416	0.5417044290474483
6544	CHEMICAL	0.29326569608279635	0.5590115870748248
6561	CHEMICAL	0.4207963390009744	0.6711529323032924
7092	CHEMICAL	0.22138815266745432	0.5299097895622253
7302	CHEMICAL	0.41376760601997375	0.6335321409361703
7476	CHEMICAL	0.31199851632118225	0.6013131993157523
7559	CHEMICAL	0.35454198718070984	0.6333184157099042
7657	CHEMICAL	0.39300298265048433	0.6283059290477208
7770	CHEMICAL	0.2513813440288816	0.5587578202996936
7793	CHEMICAL	0.31473817569868906	0.5368298888206482
7797	CHEMICAL	0.16552235718284333	0.44313579371997286
8025	CHEMICAL	0.3304147592612675	0.5875680702073234
8049	CHEMICAL	0.2393208827291216	0.4975119573729379
8094	CHEMICAL	0.3214863879340036	0.6105863877705165
8419	CHEMICAL	0.3245656362601689	0.5958354984010968
8438	CHEMICAL	0.30833694338798523	0.5967310156141009
8468	CHEMICAL	0.3390138532434191	0.5892392311777387
8815	CHEMICAL	0.20025400391646794	0.49545760239873615
8878	CHEMICAL	0.14211347166981017	0.4094779576574053
9012	CHEMICAL	0.27449750900268555	0.555085403578622
10886	CHEMICAL	0.21097828022071294	0.48761547463280813
11567	CHEMICAL	0.5432842331273215	0.744086572102138
12020	CHEMICAL	0.39148309401103426	0.6353886042322431
12265	CHEMICAL	0.32541567938668386	0.5807523642267499
12377	CHEMICAL	0.2788602241447994	0.5394341605050224
16537	CHEMICAL	0.27208844678742544	0.5511784298079354
17898	CHEMICAL	0.24709820108754293	0.5288918188640049
18467	CHEMICAL	0.2716528815882547	0.5375381835869381
21363	CHEMICAL	0.3085740421499525	0.5714559214455741
27440	CHEMICAL	0.2603505275079182	0.5582501036780221
31219	CHEMICAL	0.37084053243909565	0.6472938571657453
31276	CHEMICAL	0.39336423788751873	0.6665597047124591
31283	CHEMICAL	0.20203715562820435	0.44896348885127474
60998	CHEMICAL	0.2847143922533308	0.5401798103536878
61523	CHEMICAL	0.3302014640399388	0.5274343150002616
62351	CHEMICAL	0.27756434253283907	0.5425095345292773
62465	CHEMICAL	0.3728878029755184	0.6118024247033256
251531	CHEMICAL	0.2332686483860016	0.4775474028927939
440917	CHEMICAL	0.450439772435597	0.6676731535366603
637758	CHEMICAL	0.2394574454852513	0.5220335466521127
1549025	CHEMICAL	0.16829135801110948	0.389431289264134
2733294	CHEMICAL	0.1927907999072756	0.44961966787065777
5281167	CHEMICAL	0.2597184351512364	0.5537835274423871
5281168	CHEMICAL	0.3944954148360661	0.6724990776606968
5318599	CHEMICAL	0.42473784940583365	0.6876731429781232
5352837	CHEMICAL	0.3080466772828783	0.5737984010151455
5364231	CHEMICAL	0.1863755519901003	0.4499258739607675
262	CHEMICAL	0.4006341312612806	0.6511962243488857
323	CHEMICAL	0.2762069808585303	0.5547143476349967
750	CHEMICAL	0.25997811555862427	0.5224853924342564
753	CHEMICAL	0.27732997706958223	0.5410438818590981
962	CHEMICAL	0.30676174589565824	0.5705353447369167
5862	CHEMICAL	0.22226502427033015	0.4919791987964085
5962	CHEMICAL	0.20039173002753938	0.4912815434592111
6274	CHEMICAL	0.28330751827784945	0.551800570317677
6322	CHEMICAL	0.2648552358150482	0.5350183376244136
6669	CHEMICAL	0.1690567753144673	0.40622518743787495
7137	CHEMICAL	0.2678525916167668	0.5369249752589634
15654	CHEMICAL	0.17592629258121764	0.45074612327984404
62089	CHEMICAL	0.3674931015287127	0.6327991485595703
853433	CHEMICAL	0.2694418579339981	0.5587020346096584
5371102	CHEMICAL	0.3336598787988935	0.5827875563076564
10857465	CHEMICAL	0.4267656334808895	0.6533834593636649
