oID	descriptor	value	sigma
126	INTENSITY/STRENGTH	0.5529357024601528	0.6611943074635097
1032	INTENSITY/STRENGTH	0.2731547547238214	0.5752208828926086
2969	INTENSITY/STRENGTH	0.5829331193651471	0.6996416449546814
5610	INTENSITY/STRENGTH	0.4901171752384731	0.619192864213671
6050	INTENSITY/STRENGTH	0.13503786336098397	0.4864386405263628
6276	INTENSITY/STRENGTH	0.4484164672238486	0.6755170736994062
6448	INTENSITY/STRENGTH	0.4159968410219465	0.7474418963704791
6658	INTENSITY/STRENGTH	0.3082380550248282	0.633986370904105
6989	INTENSITY/STRENGTH	0.5396640854222434	0.6756305353982108
7122	INTENSITY/STRENGTH	0.6076999987874713	0.6172285420554025
7731	INTENSITY/STRENGTH	0.6103878702436175	0.6105692216328212
7749	INTENSITY/STRENGTH	0.33717548847198486	0.6265048469815936
7765	INTENSITY/STRENGTH	0.4172325091702597	0.6607732091631208
8063	INTENSITY/STRENGTH	0.46484755192484173	0.690252023083823
8118	INTENSITY/STRENGTH	0.4823243660586221	0.6062312637056623
8205	INTENSITY/STRENGTH	0.23462307453155518	0.5997457930019924
8467	INTENSITY/STRENGTH	0.7536292501858303	0.6640190482139587
10285	INTENSITY/STRENGTH	0.4007893374988011	0.5590807284627642
10925	INTENSITY/STRENGTH	0.48124696952956064	0.6221310922077724
11124	INTENSITY/STRENGTH	0.3014533647469112	0.6337012393133981
11583	INTENSITY/STRENGTH	0.6024838175092425	0.7026883108275277
12587	INTENSITY/STRENGTH	0.39875505225999014	0.6756161025592259
13204	INTENSITY/STRENGTH	0.5263409742287227	0.6502824766295296
13561	INTENSITY/STRENGTH	0.44406077691486906	0.6850052390779767
15606	INTENSITY/STRENGTH	0.3238013429301126	0.6141567826271057
17121	INTENSITY/STRENGTH	0.49512708612850737	0.6902092950684684
31260	INTENSITY/STRENGTH	0.3754060481275831	0.6375119430678231
61138	INTENSITY/STRENGTH	0.3273253227983202	0.6551828384399414
61229	INTENSITY/STRENGTH	0.6775758777345929	0.7270484992436
62580	INTENSITY/STRENGTH	0.3737855723925999	0.5960871917860848
62725	INTENSITY/STRENGTH	0.6128837891987392	0.7762250985418048
62902	INTENSITY/STRENGTH	0.6627187388283866	0.6857578754425049
565690	INTENSITY/STRENGTH	0.3392623960971832	0.619900643825531
5273467	INTENSITY/STRENGTH	0.4136371101651873	0.8402907933507647
5367698	INTENSITY/STRENGTH	0.5642420521804264	0.7065508535930088
6287	INTENSITY/STRENGTH	0.26970612151282175	0.5517650076321193
6920	INTENSITY/STRENGTH	0.48081403970718384	0.6267304079873222
89440	INTENSITY/STRENGTH	0.1950059618268694	0.47531288862228394
170833	INTENSITY/STRENGTH	0.4705355593136379	0.5801052280834743
5362798	INTENSITY/STRENGTH	0.5431488880089351	0.7255788360323224
126	VALENCE/PLEASANTNESS	0.7555034926959446	0.5434408869062152
1032	VALENCE/PLEASANTNESS	0.3611036922250475	0.5557572245597839
2969	VALENCE/PLEASANTNESS	0.2217683025768825	0.4724102871758597
5610	VALENCE/PLEASANTNESS	0.5493257216044835	0.6239724244390216
6050	VALENCE/PLEASANTNESS	0.4192044309207371	0.5103671039853778
6276	VALENCE/PLEASANTNESS	0.42871420298303875	0.6124343957219806
6448	VALENCE/PLEASANTNESS	0.4794223393712725	0.7137495875358582
6658	VALENCE/PLEASANTNESS	0.4541229563099997	0.6127848880631583
6989	VALENCE/PLEASANTNESS	0.4294486812182835	0.6571105718612671
7122	VALENCE/PLEASANTNESS	0.6444665023258754	0.6632950050490243
7731	VALENCE/PLEASANTNESS	0.45144406386784147	0.6824483786310468
7749	VALENCE/PLEASANTNESS	0.5480394448552813	0.6175460985728672
7765	VALENCE/PLEASANTNESS	0.4695271679333278	0.6364394341196332
8063	VALENCE/PLEASANTNESS	0.3510222349848066	0.5713370782988412
8118	VALENCE/PLEASANTNESS	0.26021343043872286	0.5739073497908456
8205	VALENCE/PLEASANTNESS	0.501480792249952	0.6147093858037677
8467	VALENCE/PLEASANTNESS	0.9761046596935817	0.41146902101380484
10285	VALENCE/PLEASANTNESS	0.3770598939486912	0.6022495542253766
10925	VALENCE/PLEASANTNESS	0.17216820056949342	0.5604355760983059
11124	VALENCE/PLEASANTNESS	0.4340241849422455	0.6031032630375454
11583	VALENCE/PLEASANTNESS	0.5470203757286072	0.6912252647536141
12587	VALENCE/PLEASANTNESS	0.2737713179418019	0.5531999809401376
13204	VALENCE/PLEASANTNESS	0.6582264644759042	0.606118551322392
13561	VALENCE/PLEASANTNESS	0.4719996963228498	0.6856593149048942
15606	VALENCE/PLEASANTNESS	0.5783684509141105	0.6013376627649579
17121	VALENCE/PLEASANTNESS	0.4581512638500759	0.6662442769323077
31260	VALENCE/PLEASANTNESS	0.3925816374165671	0.5869928002357483
61138	VALENCE/PLEASANTNESS	0.28140419934477123	0.5299397238663265
61229	VALENCE/PLEASANTNESS	0.6625988057681492	0.6217198286737714
62580	VALENCE/PLEASANTNESS	0.6179039308003017	0.5801498123577663
62725	VALENCE/PLEASANTNESS	0.3772344929831369	0.6318645562444415
62902	VALENCE/PLEASANTNESS	0.8277783053261893	0.6231600301606315
565690	VALENCE/PLEASANTNESS	0.657095696244921	0.6565839903695243
5273467	VALENCE/PLEASANTNESS	0.5288059711456299	0.7346693192209516
5367698	VALENCE/PLEASANTNESS	0.47653821110725403	0.6946338074547904
6287	VALENCE/PLEASANTNESS	0.46976974606513977	0.5888797215053013
6920	VALENCE/PLEASANTNESS	0.3930480480194092	0.6350440212658474
89440	VALENCE/PLEASANTNESS	0.6008484874452863	0.5294262085642133
170833	VALENCE/PLEASANTNESS	0.654938919203622	0.60443286384855
5362798	VALENCE/PLEASANTNESS	0.38547963755471365	0.6149940575872149
126	BAKERY	0.33769414893218447	0.655700044972556
1032	BAKERY	0.06734158737318856	0.28126960567065645
2969	BAKERY	0.004108507452266557	0.09169429647071022
5610	BAKERY	0.04900427694831576	0.2560448263372694
6050	BAKERY	0.019493794068694115	0.16469550558498927
6276	BAKERY	0.019058129084961756	0.10672166624239512
6448	BAKERY	0.02609784821314471	0.15757985413074493
6658	BAKERY	0.06585056095251016	0.2507801077195576
6989	BAKERY	0.0748656312269824	0.24575153631823404
7122	BAKERY	0.07788369857839175	0.3338352356638227
7731	BAKERY	0.014488379604050092	0.16187977152211325
7749	BAKERY	0.06373013396348272	0.2774254360369274
7765	BAKERY	0.027636562207979814	0.15921236787523543
8063	BAKERY	0.0177432367844241	0.07883852081639427
8118	BAKERY	0.03866947974477496	0.18468099406787328
8205	BAKERY	0.025269317174596444	0.13907575607299805
8467	BAKERY	0.6837380358151027	0.9542693410600934
10285	BAKERY	0.05897151891674314	0.26576332109315054
10925	BAKERY	0.029036335913198336	0.20224905439785548
11124	BAKERY	0.04516762574868543	0.21757364485945022
11583	BAKERY	0.027791142463684082	0.1977436308349882
12587	BAKERY	0.03887733018824032	0.18325091472693852
13204	BAKERY	0.23387003583567484	0.5629342453820365
13561	BAKERY	0.034175842202135494	0.18715873999255045
15606	BAKERY	0.064958142382758	0.2670528675828661
17121	BAKERY	0.02228114221777235	0.17488316552979605
31260	BAKERY	0.019644178450107574	0.07988048823816436
61138	BAKERY	0.02786126932395356	0.1458021519439561
61229	BAKERY	0.30104669289929525	0.647224349634988
62580	BAKERY	0.05192326780940805	0.26845952229840414
62725	BAKERY	0.038625369646719525	0.15927471007619584
62902	BAKERY	0.1557700772370611	0.4653661974838802
565690	BAKERY	0.014745926484465599	0.1996685607092721
5273467	BAKERY	0.08558506997568267	0.3356232408966337
5367698	BAKERY	0.025485097962830747	0.16963804619652884
6287	BAKERY	0.1183678252356393	0.4112230794770377
6920	BAKERY	0.1269759557076863	0.44201973506382536
89440	BAKERY	0.07534677961042949	0.287291590656553
170833	BAKERY	0.02047493721225432	0.21719483392579214
5362798	BAKERY	0.0003904293158224651	0.08707975117223603
126	SWEET	0.5444433391094208	0.8640355638095311
1032	SWEET	0.08780242130160332	0.3830019533634186
2969	SWEET	0.03950529492327145	0.16621834465435573
5610	SWEET	0.2704362933124815	0.6362693224634443
6050	SWEET	0.07023941672274045	0.3693564108439854
6276	SWEET	0.14494104257651738	0.48468542098999023
6448	SWEET	0.15959155133792333	0.5369291731289455
6658	SWEET	0.1632673591375351	0.5416351131030491
6989	SWEET	0.046975151768752506	0.22320326949868882
7122	SWEET	0.38730975134032114	0.7883769699505397
7731	SWEET	0.1690228283405304	0.5077957808971405
7749	SWEET	0.295223851289068	0.6806595325469971
7765	SWEET	0.1715874203613826	0.5559770890644619
8063	SWEET	0.0868314557841846	0.3853066989353725
8118	SWEET	0.03601056709885597	0.19491313610758101
8205	SWEET	0.17988974920340947	0.5377372673579625
8467	SWEET	0.839209428855351	1.0033167515482222
10285	SWEET	0.10380779206752777	0.40955268910952974
10925	SWEET	0.0012403492416654313	0.09073040527956826
11124	SWEET	0.1620482142482485	0.5326299241610936
11583	SWEET	0.2844587096146175	0.7126950025558472
12587	SWEET	0.07193074109298843	0.3462409462247576
13204	SWEET	0.4228109632219587	0.8116324288504464
13561	SWEET	0.19424053175108774	0.6244129623685565
15606	SWEET	0.3060921388013022	0.6695919207164219
17121	SWEET	0.16028977291924612	0.525182979447501
31260	SWEET	0.08835355724607195	0.3665341351713453
61138	SWEET	0.04481885103242738	0.3003957143851689
61229	SWEET	0.45517912081309725	0.8160031182425362
62580	SWEET	0.31768724960940226	0.6922919835363116
62725	SWEET	0.0911322252026626	0.41851657203265596
62902	SWEET	0.7224277172769819	0.954674346106393
565690	SWEET	0.25172220383371624	0.6505430596215385
5273467	SWEET	0.2871400458472116	0.7165271469524929
5367698	SWEET	0.1518553261246	0.5404819931302752
6287	SWEET	0.1753518623965127	0.576706805399486
6920	SWEET	0.1437133742230279	0.5054799148014614
89440	SWEET	0.24486254368509566	0.5157676552023206
170833	SWEET	0.2619532495737076	0.6542299049241203
5362798	SWEET	0.08852835904274668	0.37853650535855976
126	FRUIT	0.22821685884680068	0.4975292384624481
1032	FRUIT	0.027737919241189957	0.11849069382463183
2969	FRUIT	0.0075706373900175095	0.07113316122974668
5610	FRUIT	0.16186047664710454	0.38943397998809814
6050	FRUIT	0.03999193438461849	0.11853241601160594
6276	FRUIT	0.09234505439443248	0.29593995213508606
6448	FRUIT	0.11161016140665327	0.3488210822854723
6658	FRUIT	0.10280830306666237	0.29063921315329416
6989	FRUIT	-0.030173665710857937	0.05713672137686184
7122	FRUIT	0.2344813836472375	0.49972117798668997
7731	FRUIT	0.08088642571653638	0.2718780551637922
7749	FRUIT	0.23140729538031987	0.4361763894557953
7765	FRUIT	0.09202858725828784	0.28206599397318705
8063	FRUIT	0.07973688228854112	0.25669753764356884
8118	FRUIT	0.011985422245093755	0.10784696787595749
8205	FRUIT	0.1320256633417947	0.3311612010002136
8467	FRUIT	0.2373244741133281	0.4856620005198887
10285	FRUIT	0.04164803719946316	0.13834660180977412
10925	FRUIT	-0.02233645293329443	0.040573637400354655
11124	FRUIT	0.1179702500147479	0.30200736437525066
11583	FRUIT	0.21760374733379909	0.4794731395585196
12587	FRUIT	0.04057160658495767	0.175559472824846
13204	FRUIT	0.20879536867141724	0.46459576913288664
13561	FRUIT	0.154659380870206	0.4459313579968044
15606	FRUIT	0.2630658213581358	0.524473249912262
17121	FRUIT	0.14043974237782614	0.3274155727454594
31260	FRUIT	0.058988134509750774	0.2558874189853668
61138	FRUIT	0.01916790354464735	0.1526961284024375
61229	FRUIT	0.11286452731915883	0.3798276569162096
62580	FRUIT	0.19101234419005259	0.42767598799296785
62725	FRUIT	0.12859481679541723	0.31457642146519255
62902	FRUIT	0.7548066888536725	0.8738356062344143
565690	FRUIT	0.156948345048087	0.4713331035205296
5273467	FRUIT	0.15955650806427002	0.4491092136928013
5367698	FRUIT	0.17936843420778	0.40268076743398395
6287	FRUIT	0.08704014282141413	0.23099510371685028
6920	FRUIT	0.060497229120561054	0.18920265138149261
89440	FRUIT	0.1151698072041784	0.20436538117272512
170833	FRUIT	0.08823906603668417	0.36039088453565327
5362798	FRUIT	0.10887781158089638	0.30036515423229765
126	FISH	-0.016556286652173315	0.008590999724609511
1032	FISH	0.06426097292985235	0.17420455387660436
2969	FISH	-0.019219256937503815	0.09394823546920504
5610	FISH	0.015881448185869625	0.03388441966048309
6050	FISH	0.03583968776677336	0.11852566791432244
6276	FISH	0.02739670393722398	0.08566181627767426
6448	FISH	0.009046194808823722	0.055762111608471186
6658	FISH	0.03747271666569369	0.11338640749454498
6989	FISH	0.011460039498550552	0.08052540863198894
7122	FISH	-0.016138995066285133	-0.003556923142501286
7731	FISH	0.00812744562114988	0.04307045787572861
7749	FISH	0.018573722935148647	0.06861598842910357
7765	FISH	0.011257527129990714	0.050402632249253135
8063	FISH	0.13061835297516414	0.2615528702735901
8118	FISH	0.3416077664920262	0.5086317786148616
8205	FISH	-0.003393792414239475	0.01609526654439313
8467	FISH	-0.0205648091754743	0.006647613431726184
10285	FISH	0.051362860947847366	0.1543296171086175
10925	FISH	0.4051347758088793	0.6403288926397052
11124	FISH	0.04317837634256908	0.12201753790889468
11583	FISH	-0.007290740896548543	0.007983825568641936
12587	FISH	0.07571600430778094	0.18308142466204508
13204	FISH	-0.00554770656994411	0.02292948721774987
13561	FISH	0.0002968202212027141	0.04584971522646291
15606	FISH	-0.014709999518735068	0.007741098957402366
17121	FISH	0.026646757764475688	0.09521844876664025
31260	FISH	0.08905140177479812	0.21061933040618896
61138	FISH	0.10706712518419538	0.23721280906881606
61229	FISH	0.00021746648209435598	0.05299131492418902
62580	FISH	0.015296704801065581	0.035689010683979304
62725	FISH	0.14702211107526506	0.2612828016281128
62902	FISH	-0.017197233491710255	-0.017206928293619837
565690	FISH	0.04000654124787876	0.10731229079621178
5273467	FISH	0.031867847644857	0.11658289070640292
5367698	FISH	0.083623934004988	0.19086869273866927
6287	FISH	0.03308330396456378	0.1206899072442736
6920	FISH	0.08283581105726105	0.22260503683771407
89440	FISH	-0.0038031480674232754	-0.051196410187653134
170833	FISH	-0.014031667794500078	-0.027747095163379396
5362798	FISH	-0.014651479465620858	0.04139467195740768
126	GARLIC	0.01247193557875497	0.09351922784532819
1032	GARLIC	0.11142156698874064	0.32775333523750305
2969	GARLIC	0.07140148803591728	0.22333288831370218
5610	GARLIC	0.013789935037493706	0.10580263819013323
6050	GARLIC	0.07874413153954915	0.2647564006703241
6276	GARLIC	0.04723530448973179	0.17435268312692642
6448	GARLIC	0.051559235368456156	0.1304489267723901
6658	GARLIC	0.07168263516255788	0.23574828888688767
6989	GARLIC	0.024125779047608376	0.12284231984189578
7122	GARLIC	0.0006233759756599154	0.05224671374474253
7731	GARLIC	0.032667680244360654	0.14292032910244806
7749	GARLIC	0.04802261292934418	0.16890027799776622
7765	GARLIC	0.006557701155543327	0.12444888374635152
8063	GARLIC	0.08783337899616786	0.2832734159060887
8118	GARLIC	0.45797783562115263	0.6068376132420131
8205	GARLIC	0.05388148182204792	0.16097886008875711
8467	GARLIC	-0.019257349095174243	0.06362874539835113
10285	GARLIC	0.07680394447275571	0.2635557715381895
10925	GARLIC	0.598707377910614	0.7673073410987854
11124	GARLIC	0.08138622024229594	0.24754082092217036
11583	GARLIC	-0.012672452788267816	0.06706549812640462
12587	GARLIC	0.11081808699028832	0.31937573637281147
13204	GARLIC	0.03317251189478806	0.15393681611333573
13561	GARLIC	0.03177099648330893	0.15847808122634888
15606	GARLIC	0.03631303193313735	0.1525928239737238
17121	GARLIC	0.06546027213335037	0.20611312346799032
31260	GARLIC	0.14339811674186162	0.32747386183057514
61138	GARLIC	0.15278850282941545	0.3808301942689078
61229	GARLIC	-3.836703087602343e-05	0.11038931672062192
62580	GARLIC	0.03562369516917637	0.1257363919700895
62725	GARLIC	0.15695442472185409	0.3218830781323569
62902	GARLIC	-0.0001664869487285614	0.05629484834415572
565690	GARLIC	0.09773459604808263	0.18737342740808213
5273467	GARLIC	0.05584910086223057	0.20618558994361333
5367698	GARLIC	0.148115907396589	0.2874310868127005
6287	GARLIC	0.07036678014057023	0.27249341138771604
6920	GARLIC	0.13548220481191361	0.3257098410810743
89440	GARLIC	0.02006089234990733	0.07517567862357412
170833	GARLIC	-0.005840828642249107	0.12480199762753078
5362798	GARLIC	0.02858812495001725	0.13787023297377995
126	SPICES	0.2678078029836927	0.5312727987766266
1032	SPICES	0.15048723774296896	0.36833793776375906
2969	SPICES	0.12477389510188784	0.32901579567364286
5610	SPICES	0.17029207944869995	0.3764539957046509
6050	SPICES	0.16173131338187627	0.37249843989099773
6276	SPICES	0.08727621925728661	0.25998655600207193
6448	SPICES	0.24020360197339738	0.47143949781145367
6658	SPICES	0.1464433925492423	0.35671184744153706
6989	SPICES	0.6092543687139239	0.8136491775512695
7122	SPICES	0.16802911034652165	0.419569479567664
7731	SPICES	0.16381684797150747	0.38557831730161396
7749	SPICES	0.11267265783888954	0.30405234013284954
7765	SPICES	0.05805605969258717	0.26708714025361197
8063	SPICES	0.09485651871987752	0.27019524574279785
8118	SPICES	0.30673400844846455	0.5085792371204921
8205	SPICES	0.09300752516303744	0.2803513194833483
8467	SPICES	0.3753878261361803	0.6695556725774493
10285	SPICES	0.16740390871252334	0.40298772283962797
10925	SPICES	0.38014199904033114	0.599577009677887
11124	SPICES	0.10774813485997063	0.3091652606214796
11583	SPICES	0.08290817907878331	0.2837284973689488
12587	SPICES	0.12770493222134455	0.3388111633913858
13204	SPICES	0.18918709882668086	0.44609865971973967
13561	SPICES	0.16795648421560014	0.398824542760849
15606	SPICES	0.11589998432568141	0.32600767271859304
17121	SPICES	0.23501438115324294	0.47139968616621836
31260	SPICES	0.13609622418880463	0.3027147650718689
61138	SPICES	0.14514258291040147	0.3396786536489214
61229	SPICES	0.34372052550315857	0.6078490700040545
62580	SPICES	0.15700788157326834	0.3567117154598236
62725	SPICES	0.22679532212870462	0.4246949085167476
62902	SPICES	0.1252800694533757	0.3406199472291129
565690	SPICES	0.3586798225130354	0.5992966720036098
5273467	SPICES	0.22978101244994573	0.4442708534853799
5367698	SPICES	0.17707841524056026	0.37481651987348286
6287	SPICES	0.13258143833705358	0.35729409541402546
6920	SPICES	0.20929900024618422	0.45357404010636465
89440	SPICES	0.10433537513017654	0.3192654081753322
170833	SPICES	0.2097315319946834	0.45230003339903696
5362798	SPICES	0.08783245139888354	0.31277571405683247
126	COLD	0.25115175332341877	0.4471618746008192
1032	COLD	0.24045020554746901	0.407445239169257
2969	COLD	0.22657581525189535	0.38718035391398836
5610	COLD	0.37214076944759916	0.567282395703452
6050	COLD	0.29199017371450153	0.44970751234463285
6276	COLD	0.31382182240486145	0.5000195375510624
6448	COLD	0.45557415911129545	0.6239303776196071
6658	COLD	0.26944675615855623	0.4627211604799543
6989	COLD	0.31722310185432434	0.4996025732585362
7122	COLD	0.35668632813862394	0.5824702722685677
7731	COLD	0.42835861444473267	0.6309917909758431
7749	COLD	0.2596660682133266	0.44602849228041513
7765	COLD	0.34996420996529715	0.5588469335011074
8063	COLD	0.2496240245444434	0.4289035541670663
8118	COLD	0.19236557824271067	0.36656475492886137
8205	COLD	0.33993713770593914	0.525104854788099
8467	COLD	0.17285302387816565	0.3114883303642273
10285	COLD	0.2735279245035989	0.460357482944216
10925	COLD	0.15271682611533574	0.2802246596132006
11124	COLD	0.24060604401997157	0.42002651946885244
11583	COLD	0.4158712497779301	0.6190399272101266
12587	COLD	0.22190317511558533	0.3968320872102465
13204	COLD	0.24457421260220663	0.4417451875550406
13561	COLD	0.33693394490650724	0.5381189499582563
15606	COLD	0.270576040659632	0.45782131808144705
17121	COLD	0.25469926425388884	0.4356353964124407
31260	COLD	0.24682553112506866	0.41406409655298504
61138	COLD	0.2208139726093837	0.40172091126441956
61229	COLD	0.2285733244248799	0.4277696396623339
62580	COLD	0.3473867816584451	0.5324093954903739
62725	COLD	0.23031994274684361	0.34920218161174227
62902	COLD	0.27237152414662497	0.4819374552794865
565690	COLD	0.4805769792624882	0.6286851593426296
5273467	COLD	0.22509461215564183	0.4137572390692575
5367698	COLD	0.23031650057860784	0.3824789694377354
6287	COLD	0.1982964745589665	0.3901246190071106
6920	COLD	0.1669857246535165	0.327195799776486
89440	COLD	0.26427973593984333	0.4734168861593519
170833	COLD	0.6596838576453072	0.7985831158501762
5362798	COLD	0.3580049233777182	0.5579186167035785
126	SOUR	0.0943121782370976	0.239778533577919
1032	SOUR	0.40089036737169537	0.597204463822501
2969	SOUR	0.3528331901345934	0.5738770536014012
5610	SOUR	0.1327286171061652	0.33734998532703947
6050	SOUR	0.36029266885348726	0.5493149289063045
6276	SOUR	0.2768723028046744	0.4847441613674164
6448	SOUR	0.1849215946027211	0.40515774488449097
6658	SOUR	0.28869472231183735	0.5079848638602665
6989	SOUR	0.11206200506005969	0.26751571893692017
7122	SOUR	0.10483151142086301	0.2627041978495462
7731	SOUR	0.14809823036193848	0.37087114793913706
7749	SOUR	0.22547718669686997	0.45551533358437674
7765	SOUR	0.18410701623984746	0.4111052453517914
8063	SOUR	0.46532106399536133	0.6442452839442662
8118	SOUR	0.41384683336530415	0.6677866067205157
8205	SOUR	0.1736789835350854	0.37758111102240427
8467	SOUR	0.0014639576630932944	0.1606091069323676
10285	SOUR	0.2082715928554535	0.43764529057911467
10925	SOUR	0.4894290098122188	0.7552720563752311
11124	SOUR	0.32905017903872896	0.5653297816004071
11583	SOUR	0.1436691220317568	0.3524910552161081
12587	SOUR	0.5286233850887844	0.6748040659087045
13204	SOUR	0.1700418527637209	0.36746372069631306
13561	SOUR	0.26991928049496244	0.4802648978573935
15606	SOUR	0.15765183525426046	0.37126094102859497
17121	SOUR	0.22701046296528407	0.4552749480519976
31260	SOUR	0.4429950330938612	0.615910027708326
61138	SOUR	0.5983749457768032	0.7323623810495649
61229	SOUR	0.11642830606017794	0.2871797340256827
62580	SOUR	0.14798604058367865	0.3416904892240252
62725	SOUR	0.38062584400177	0.5994656256267002
62902	SOUR	0.21213842076914652	0.4283965528011322
565690	SOUR	0.14568430078881128	0.34438060011182514
5273467	SOUR	0.23967994536672318	0.5293756425380707
5367698	SOUR	0.28191296117646353	0.5266285708972386
6287	SOUR	0.30201883401189533	0.5009747062410627
6920	SOUR	0.25782354176044464	0.5002265785421643
89440	SOUR	0.20022783321993692	0.3341663862977709
170833	SOUR	0.08595644469772067	0.28882798339639393
5362798	SOUR	0.19562952433313643	0.4307211680071695
126	BURNT	0.0707036443054676	0.26141620533806936
1032	BURNT	0.1306323962552207	0.4169396885803768
2969	BURNT	0.261654257774353	0.6460427301270621
5610	BURNT	0.10668188120637621	0.3429440174783979
6050	BURNT	0.11703933349677495	0.3844459056854248
6276	BURNT	0.07064860154475484	0.28188142606190275
6448	BURNT	0.06539194179432732	0.2599422697510038
6658	BURNT	0.08832815715244838	0.3162340649536678
6989	BURNT	0.29700082540512085	0.7437556982040405
7122	BURNT	0.035421261829989295	0.2233835416180747
7731	BURNT	0.13623606094292232	0.38708573154040743
7749	BURNT	0.07243079638906888	0.27358643071992056
7765	BURNT	0.0660162280712809	0.2545190006494522
8063	BURNT	0.08226853183337621	0.3582649145807539
8118	BURNT	0.1739542101110731	0.4711177945137024
8205	BURNT	0.10307881981134415	0.3693652493613107
8467	BURNT	0.10592644927757126	0.281723358801433
10285	BURNT	0.2102161326578685	0.5070206097194127
10925	BURNT	0.23790266684123448	0.5690968888146537
11124	BURNT	0.087810147021498	0.3230107682091849
11583	BURNT	0.035687314080340524	0.20307775693280355
12587	BURNT	0.11535341186182839	0.39364528230258394
13204	BURNT	0.12324210682085582	0.33026461941855295
13561	BURNT	0.07002724920000349	0.2824437767267227
15606	BURNT	0.08467068576386996	0.2979059155498232
17121	BURNT	0.1595278765474047	0.45181113481521606
31260	BURNT	0.07438615337014198	0.30138841697147917
61138	BURNT	0.0950665394110339	0.3899224357945578
61229	BURNT	0.18864451135907853	0.43946878399167744
62580	BURNT	0.08045461667435509	0.2726987472602299
62725	BURNT	0.16576743125915527	0.40902759773390635
62902	BURNT	0.01283757175718035	0.1421417317220143
565690	BURNT	0.04475747075464044	0.19611221764768874
5273467	BURNT	0.07046336201684815	0.25681472037519726
5367698	BURNT	0.109994966004576	0.3193934900420053
6287	BURNT	0.1242857277393341	0.38444829838616507
6920	BURNT	0.21717609465122223	0.524450055190495
89440	BURNT	0.07062190132481712	0.28703039458819796
170833	BURNT	0.03604003946696009	0.2372915553195136
5362798	BURNT	0.13935001088040216	0.4590229647500174
126	ACID	0.09015832202775138	0.26365138803209576
1032	ACID	0.27577644160815645	0.45273609672273907
2969	ACID	0.4798258287566049	0.661890413079943
5610	ACID	0.3129407380308424	0.5206514298915863
6050	ACID	0.3120706634862082	0.5038911529949733
6276	ACID	0.3893835927758898	0.5870226791926793
6448	ACID	0.4338396063872746	0.6514832632882255
6658	ACID	0.28206275616373333	0.4836659814630236
6989	ACID	0.4552944728306362	0.6507744703974042
7122	ACID	0.2603579418999808	0.5014219156333378
7731	ACID	0.500120324747903	0.6946593778473991
7749	ACID	0.24866820446082524	0.45237875836236136
7765	ACID	0.4909676824297224	0.6966286301612854
8063	ACID	0.3385174870491028	0.5607645341328212
8118	ACID	0.3482792207172939	0.5463951655796596
8205	ACID	0.33047355498586384	0.558658378464835
8467	ACID	0.017364111862012317	0.1070205606520176
10285	ACID	0.3327142425945827	0.5190539232322148
10925	ACID	0.33339862738336834	0.5368944959981101
11124	ACID	0.3137739598751068	0.5211771300860814
11583	ACID	0.4693219704287393	0.6730231642723083
12587	ACID	0.30740442872047424	0.5031003824302128
13204	ACID	0.14006043544837407	0.34307648880141123
13561	ACID	0.3298472080911909	0.576705779348101
15606	ACID	0.26415825741631643	0.457996415240424
17121	ACID	0.38339705978121075	0.6002297912325177
31260	ACID	0.2640588624136789	0.4501553348132542
61138	ACID	0.2774194521563394	0.48040150318826946
61229	ACID	0.17285773583820888	0.3257203825882503
62580	ACID	0.24329452429498946	0.4530522312436785
62725	ACID	0.3856265459741865	0.5985871723720005
62902	ACID	0.10179816612175532	0.30402539883341106
565690	ACID	0.293523017849241	0.5332626402378082
5273467	ACID	0.1956979355641774	0.4148193725517818
5367698	ACID	0.25852016466004507	0.4645328606878008
6287	ACID	0.2142525613307953	0.37565915073667255
6920	ACID	0.21945329861981527	0.39954419646944317
89440	ACID	0.2802676941667284	0.45750672050884794
170833	ACID	0.26997631788253784	0.4980005281312125
5362798	ACID	0.4118731277329581	0.6458028384617397
126	WARM	0.5422681442328862	0.724501473563058
1032	WARM	0.25784716435841154	0.4695316893713815
2969	WARM	0.35441605533872333	0.61702960729599
5610	WARM	0.2857652221407209	0.520724722317287
6050	WARM	0.2513068573815482	0.4478344576699393
6276	WARM	0.22755571135452815	0.43805258188928875
6448	WARM	0.3189577715737479	0.5639204553195408
6658	WARM	0.2288606060402734	0.44901593242372784
6989	WARM	0.41265018922942026	0.6042272789137704
7122	WARM	0.35425191266196115	0.610565151487078
7731	WARM	0.29076280764171053	0.5355512840407235
7749	WARM	0.23015994897910527	0.4633690799985613
7765	WARM	0.19813915661403111	0.44291197827884127
8063	WARM	0.25297058054379057	0.47885780675070627
8118	WARM	0.3071660101413727	0.556777468749455
8205	WARM	0.29058668443134855	0.5264592085565839
8467	WARM	0.8558275955063956	0.9386329736028399
10285	WARM	0.30311585324151175	0.5194523717675891
10925	WARM	0.3497488498687744	0.6466553807258606
11124	WARM	0.21657022408076695	0.43013404522623333
11583	WARM	0.23444580606051854	0.48568264501435415
12587	WARM	0.2984333506652287	0.522573960678918
13204	WARM	0.44013250299862455	0.6437951752117702
13561	WARM	0.24379731927599227	0.4742440794195448
15606	WARM	0.2887481153011322	0.5319793564932687
17121	WARM	0.3443230560847691	0.5787547060421535
31260	WARM	0.23002177051135472	0.4415672847202846
61138	WARM	0.2635227399212973	0.48726971660341534
61229	WARM	0.5880603109087262	0.7494692036083767
62580	WARM	0.29670578241348267	0.5202919798237937
62725	WARM	0.3147704814161573	0.5494628037725177
62902	WARM	0.3206693615232195	0.5940737979752677
565690	WARM	0.32460238678114756	0.55231112241745
5273467	WARM	0.3388745188713074	0.5916329962866647
5367698	WARM	0.30504213912146433	0.5436878374644688
6287	WARM	0.32038179891450064	0.5353661520140511
6920	WARM	0.37197886194501606	0.5932652950286865
89440	WARM	0.3315261900424957	0.5744647298540387
170833	WARM	0.2766672032220023	0.5249864118439811
5362798	WARM	0.24689902578081405	0.4914706689970834
126	MUSKY	0.11463648719446999	0.2875544811998095
1032	MUSKY	0.3723934292793274	0.5750469480242048
2969	MUSKY	0.526834351675851	0.7172082151685443
5610	MUSKY	0.1652612920318331	0.3531652220657894
6050	MUSKY	0.3094646547521864	0.5062573168958936
6276	MUSKY	0.23362225081239427	0.4324014059134892
6448	MUSKY	0.19540099373885564	0.3887393432004111
6658	MUSKY	0.24374886921473912	0.4389114167009081
6989	MUSKY	0.18984660080501012	0.3341941407748631
7122	MUSKY	0.18566702519144332	0.3756567282336099
7731	MUSKY	0.20812952731336867	0.4109881562846048
7749	MUSKY	0.16576859567846572	0.3636715454714639
7765	MUSKY	0.11166894010135106	0.30122795701026917
8063	MUSKY	0.3863162100315094	0.6134956564222064
8118	MUSKY	0.3501362460000174	0.5860789929117475
8205	MUSKY	0.20812781580856868	0.429697505065373
8467	MUSKY	0.0046342600669179645	0.15753002890518733
10285	MUSKY	0.28038472150053295	0.5038704148360661
10925	MUSKY	0.4199272266456059	0.6581610185759408
11124	MUSKY	0.25170466942446573	0.4507754274777004
11583	MUSKY	0.09688380786350795	0.2844115729842867
12587	MUSKY	0.5126602096217019	0.6948754021099636
13204	MUSKY	0.16079324058123998	0.36615306990487234
13561	MUSKY	0.21461268407957895	0.39085828832217623
15606	MUSKY	0.1781230036701475	0.3706286336694445
17121	MUSKY	0.2555569623197828	0.46718844771385193
31260	MUSKY	0.3680430906159537	0.5737938242299216
61138	MUSKY	0.5066295904772622	0.7039950575147357
61229	MUSKY	0.14883222803473473	0.35113775730133057
62580	MUSKY	0.1516107086624418	0.30791387813431875
62725	MUSKY	0.31129240563937594	0.5410520604678563
62902	MUSKY	0.0718157919389861	0.19735240723405564
565690	MUSKY	0.052112198301724026	0.17919108058725083
5273467	MUSKY	0.24407543241977692	0.4952111967972347
5367698	MUSKY	0.2673170736857823	0.4768322876521519
6287	MUSKY	0.31031726726463865	0.5093003170830863
6920	MUSKY	0.3046610823699406	0.5630571416446141
89440	MUSKY	0.19668591235365188	0.43673188771520344
170833	MUSKY	0.062242698456559865	0.20322287934167044
5362798	MUSKY	0.265082774417741	0.4674363391739981
126	SWEATY	0.01888348108955792	0.12279028126171657
1032	SWEATY	0.2693544200488499	0.5451132271971021
2969	SWEATY	0.28608628681727816	0.5925614663532802
5610	SWEATY	0.07133808359503746	0.21682649425097875
6050	SWEATY	0.22095724301678793	0.4869555575507028
6276	SWEATY	0.15637951450688498	0.36966964176722933
6448	SWEATY	0.09859404393604823	0.25784706856523243
6658	SWEATY	0.1439077023948942	0.35401423062597004
6989	SWEATY	0.0694664264363902	0.2910745995385306
7122	SWEATY	0.05251347539680345	0.17721328352178847
7731	SWEATY	0.08543006969349724	0.2601594201156071
7749	SWEATY	0.08109030872583389	0.24544918962887355
7765	SWEATY	0.08355689687388283	0.22569452864783152
8063	SWEATY	0.28102163331849234	0.5148082332951682
8118	SWEATY	0.22849918689046586	0.5172453607831683
8205	SWEATY	0.11991664660828454	0.34055742621421814
8467	SWEATY	0.0029838079852717264	0.03231593753610339
10285	SWEATY	0.13147848205907003	0.36219177501542227
10925	SWEATY	0.27199017788682667	0.6090397494179862
11124	SWEATY	0.1591063631432397	0.3839741178921291
11583	SWEATY	0.05211596270757062	0.1864721349307469
12587	SWEATY	0.418200637613024	0.6579918435641697
13204	SWEATY	0.06351077263908726	0.2387853946004595
13561	SWEATY	0.13821681908198766	0.35626340338162016
15606	SWEATY	0.0755889495568616	0.2331888292516981
17121	SWEATY	0.12924700336796896	0.32656693884304594
31260	SWEATY	0.2826348819902965	0.5527897562299456
61138	SWEATY	0.42263644082205637	0.7068099890436444
61229	SWEATY	0.0775570667215756	0.19838932795184
62580	SWEATY	0.05680406146815845	0.17443767189979553
62725	SWEATY	0.20541568526199885	0.4289798395974295
62902	SWEATY	0.04736190874661718	0.1445292585662433
565690	SWEATY	0.05432123637625149	0.13870240535054887
5273467	SWEATY	0.14328960009983607	0.4102131298610142
5367698	SWEATY	0.16398355790546962	0.39988250391823904
6287	SWEATY	0.21967230524335588	0.3973255157470703
6920	SWEATY	0.16992133855819702	0.43638705781527926
89440	SWEATY	0.11428067939622062	0.2911372482776642
170833	SWEATY	-0.010024925427777427	0.05310450441070965
5362798	SWEATY	0.13754129196916307	0.33233271326337543
126	AMMONIA/URINOUS	0.10378062299319676	0.19080306376729692
1032	AMMONIA/URINOUS	0.301739581993648	0.4434261577469962
2969	AMMONIA/URINOUS	0.5066111428397042	0.5810206617627826
5610	AMMONIA/URINOUS	0.29020307319504873	0.402228730065482
6050	AMMONIA/URINOUS	0.24661669986588614	0.4080260268279484
6276	AMMONIA/URINOUS	0.4055567554065159	0.5482511179787772
6448	AMMONIA/URINOUS	0.4346680130277361	0.5725698556218829
6658	AMMONIA/URINOUS	0.2623135383640017	0.38969830530030386
6989	AMMONIA/URINOUS	0.35207249437059673	0.5718220557485308
7122	AMMONIA/URINOUS	0.31786004986081806	0.4217584388596671
7731	AMMONIA/URINOUS	0.5369250348636082	0.623325092451913
7749	AMMONIA/URINOUS	0.1945765923176493	0.32780795650822775
7765	AMMONIA/URINOUS	0.44262172494615826	0.5633281469345093
8063	AMMONIA/URINOUS	0.39843269331114634	0.5343764892646244
8118	AMMONIA/URINOUS	0.4879922866821289	0.5667225463049752
8205	AMMONIA/URINOUS	0.279026489172663	0.4387348123959133
8467	AMMONIA/URINOUS	-0.015076702726738793	0.026291903108358383
10285	AMMONIA/URINOUS	0.3678030925137656	0.49468553492001127
10925	AMMONIA/URINOUS	0.5380006687981742	0.6161446230752128
11124	AMMONIA/URINOUS	0.2917688659259251	0.43211260437965393
11583	AMMONIA/URINOUS	0.44009847726140705	0.5656400493213108
12587	AMMONIA/URINOUS	0.44164041536194937	0.5631925208227975
13204	AMMONIA/URINOUS	0.11437379888125829	0.23821792432240077
13561	AMMONIA/URINOUS	0.2878968247345516	0.42637538058417185
15606	AMMONIA/URINOUS	0.16541314337934768	0.2841174623795918
17121	AMMONIA/URINOUS	0.35483953782490324	0.5060065388679504
31260	AMMONIA/URINOUS	0.322158225945064	0.47624625478472027
61138	AMMONIA/URINOUS	0.3737104577677591	0.5079742627484458
61229	AMMONIA/URINOUS	0.1846367589065007	0.297685090984617
62580	AMMONIA/URINOUS	0.1794062661273139	0.29052075105054037
62725	AMMONIA/URINOUS	0.3652466450418745	0.4956290764468057
62902	AMMONIA/URINOUS	0.023448849895170758	0.11063052341341972
565690	AMMONIA/URINOUS	0.18042844533920288	0.3092712589672634
5273467	AMMONIA/URINOUS	0.26399306101458414	0.40607985854148865
5367698	AMMONIA/URINOUS	0.2951537200382778	0.440937272139958
6287	AMMONIA/URINOUS	0.18042116186448506	0.2950325076069151
6920	AMMONIA/URINOUS	0.30260282329150606	0.43497204780578613
89440	AMMONIA/URINOUS	0.22872461591448104	0.24229753443173
170833	AMMONIA/URINOUS	0.20245121951614106	0.22339513259274618
5362798	AMMONIA/URINOUS	0.3523727570261274	0.5212212971278599
126	DECAYED	0.025255495416266576	0.15038792043924332
1032	DECAYED	0.13490387903792517	0.4028882384300232
2969	DECAYED	0.13196202793291636	0.3967330200331552
5610	DECAYED	0.04768387866871698	0.24684536031314305
6050	DECAYED	0.0852110545550074	0.32589652282851084
6276	DECAYED	0.09314937996012825	0.3889049121311733
6448	DECAYED	0.07131301452006612	0.3177988656929561
6658	DECAYED	0.09018787422350474	0.3327736513955252
6989	DECAYED	0.04911230131983757	0.3043642725263323
7122	DECAYED	0.03401723025100572	0.18468974317823136
7731	DECAYED	0.056167851601328166	0.29746506043842863
7749	DECAYED	0.06131339019962719	0.29072827100753784
7765	DECAYED	0.04078046179243496	0.3193988629749843
8063	DECAYED	0.1816918754151889	0.4842116917882647
8118	DECAYED	0.26664777951581137	0.6090945601463318
8205	DECAYED	0.034272098913788795	0.23369804876191275
8467	DECAYED	-0.03020045001591955	0.017473865832601274
10285	DECAYED	0.08153377579791206	0.3564748636313847
10925	DECAYED	0.34458125489098684	0.7294198019163949
11124	DECAYED	0.09547524899244308	0.35986741525786264
11583	DECAYED	0.046747903738703044	0.3096825565610613
12587	DECAYED	0.24591161949293955	0.5474711273397718
13204	DECAYED	0.0372159584824528	0.21399254671164922
13561	DECAYED	0.0655046674822058	0.3219798633030483
15606	DECAYED	0.04536263697913715	0.2325190965618406
17121	DECAYED	0.047089634729283195	0.3072510233947209
31260	DECAYED	0.14779560267925262	0.4496592496122633
61138	DECAYED	0.24294528365135193	0.5470795673983437
61229	DECAYED	0.024029795080423355	0.22509306243487767
62580	DECAYED	0.04152132517525128	0.2383288506950651
62725	DECAYED	0.10614356930766787	0.4490663026060377
62902	DECAYED	0.03010596734072481	0.23112883525235312
565690	DECAYED	0.03316743592066424	0.2507973611354828
5273467	DECAYED	0.07886351964303426	0.38280496852738516
5367698	DECAYED	0.06555497752768653	0.34390933173043386
6287	DECAYED	0.1194899252482823	0.35184778911726816
6920	DECAYED	0.11121669730969838	0.4012009671756199
89440	DECAYED	0.03353296646050045	0.18117267744881765
170833	DECAYED	0.0032941576625619617	0.1790234616824559
5362798	DECAYED	0.05614415183663368	0.291351318359375
126	WOOD	0.18521289101668767	0.3011608677250998
1032	WOOD	0.21296924352645874	0.37320458037512644
2969	WOOD	0.44512357882090975	0.6327205300331116
5610	WOOD	0.1772451571055821	0.3244984745979309
6050	WOOD	0.270455926656723	0.4471741361277444
6276	WOOD	0.11783879676035472	0.22116309191499436
6448	WOOD	0.2658556657178061	0.4444744416645595
6658	WOOD	0.16475361798490798	0.30767333933285307
6989	WOOD	0.6547139883041382	0.8434314472334725
7122	WOOD	0.14815972319671086	0.29124116046088083
7731	WOOD	0.20488638324396952	0.37189304402896334
7749	WOOD	0.12746945236410415	0.24493172764778137
7765	WOOD	0.0865124517253467	0.2132766076496669
8063	WOOD	0.19657328511987412	0.36579794543130056
8118	WOOD	0.10204436097826276	0.23607176116534642
8205	WOOD	0.26693171901362284	0.4900250051702772
8467	WOOD	0.18643825820514134	0.2696711761610849
10285	WOOD	0.28525177921567646	0.48151824304035734
10925	WOOD	0.08239015564322472	0.2005106168133872
11124	WOOD	0.1412879718201501	0.26604423565523966
11583	WOOD	0.06249478406139782	0.16573219107730047
12587	WOOD	0.17173679598740169	0.34855797035353525
13204	WOOD	0.18578340326036727	0.3197601778166635
13561	WOOD	0.24115788510867528	0.4330581682068961
15606	WOOD	0.22614204670701707	0.4270533834184919
17121	WOOD	0.36517571551459177	0.5671613642147609
31260	WOOD	0.12427513407809394	0.20003844797611237
61138	WOOD	0.1442589515021869	0.28849733088697704
61229	WOOD	0.2980019748210907	0.4360895369734083
62580	WOOD	0.17189280901636397	0.30680965525763376
62725	WOOD	0.2666491780962263	0.432932334286826
62902	WOOD	0.03370295890739986	0.12179321369954518
565690	WOOD	0.2606698381049292	0.3941163718700409
5273467	WOOD	0.16515178552695683	0.30616739818028044
5367698	WOOD	0.19318925270012446	0.327125255550657
6287	WOOD	0.231591420514243	0.4283006020954677
6920	WOOD	0.25737039744853973	0.4601777195930481
89440	WOOD	0.3111438240323748	0.5025416016578674
170833	WOOD	0.2368411272764206	0.3524792662688664
5362798	WOOD	0.38372052141598295	0.6185882602419172
126	GRASS	0.07334331476262637	0.1966773271560669
1032	GRASS	0.07578950588192258	0.16617155075073242
2969	GRASS	0.035319775875125616	0.16668528531278884
5610	GRASS	0.06731655182582992	0.21709788697106497
6050	GRASS	0.08287043018000466	0.22826465112822397
6276	GRASS	0.11751344693558556	0.27113366978509085
6448	GRASS	0.18118075813565934	0.4228469005652836
6658	GRASS	0.11032251587935857	0.27759456634521484
6989	GRASS	0.1149294865982873	0.3165738752910069
7122	GRASS	0.06010281454239573	0.21445131514753615
7731	GRASS	0.08242923021316528	0.24087820521422795
7749	GRASS	0.07512876923595156	0.2145311406680516
7765	GRASS	0.11135082798344749	0.24974677392414638
8063	GRASS	0.11097750280584608	0.29250242028917584
8118	GRASS	0.05006148506488119	0.17404801292078836
8205	GRASS	0.12051848322153091	0.3258007083620344
8467	GRASS	0.04029786453715393	0.08576904290488788
10285	GRASS	0.08083486663443702	0.23004141024180821
10925	GRASS	0.023289431418691362	0.11591901417289462
11124	GRASS	0.06914562891636576	0.20384707621165685
11583	GRASS	0.08147346760545458	0.22504340750830515
12587	GRASS	0.0626294407993555	0.1760617047548294
13204	GRASS	0.06483133722628866	0.17593433175768172
13561	GRASS	0.17064704639571054	0.41109603217669893
15606	GRASS	0.08019596391490527	0.26785531640052795
17121	GRASS	0.18020260546888625	0.3961923250130245
31260	GRASS	0.13915159021105086	0.29615141664232525
61138	GRASS	0.051948568118470054	0.13432864525488444
61229	GRASS	0.08259489174400057	0.21671122099672044
62580	GRASS	0.08183374521987778	0.2559551490204675
62725	GRASS	0.31320022898060934	0.5800159829003471
62902	GRASS	0.09047922385590416	0.26790680629866465
565690	GRASS	0.25018855929374695	0.5393991555486407
5273467	GRASS	0.11043052694627217	0.30031625287873404
5367698	GRASS	0.3440932610205242	0.606545456818172
6287	GRASS	0.10460298508405685	0.25785279273986816
6920	GRASS	0.08172633605343955	0.22860804625919887
89440	GRASS	0.06215268213834081	0.17972194509846823
170833	GRASS	0.21596629917621613	0.529059282370976
5362798	GRASS	0.1713337962116514	0.3939514628478459
126	FLOWER	0.33797008224896025	0.644230842590332
1032	FLOWER	0.06898479429738862	0.251680742417063
2969	FLOWER	0.008647406739848	0.14817164731877192
5610	FLOWER	0.27255821015153614	0.5729693685259137
6050	FLOWER	0.08234022983482905	0.2702239581516811
6276	FLOWER	0.14018661848136357	0.38569293703351704
6448	FLOWER	0.18559386048998153	0.48181543605668203
6658	FLOWER	0.13560205698013306	0.4115039621080671
6989	FLOWER	0.08994281930582863	0.25075507376875195
7122	FLOWER	0.47270597730364117	0.7850661873817444
7731	FLOWER	0.2210389460836138	0.48733434081077576
7749	FLOWER	0.21316803566047124	0.48669557912009104
7765	FLOWER	0.13460865723235266	0.38745152950286865
8063	FLOWER	0.09903121207441602	0.3401658109256199
8118	FLOWER	0.04130704754165241	0.1860967736159052
8205	FLOWER	0.25138878396579195	0.5317616164684296
8467	FLOWER	0.3320958422763007	0.6448670710836139
10285	FLOWER	0.08483633026480675	0.29850089975765776
10925	FLOWER	-0.011133915611675807	0.11250649020075798
11124	FLOWER	0.10859317226069314	0.3564815861838205
11583	FLOWER	0.22103515480245864	0.4966269178049905
12587	FLOWER	0.07286128029227257	0.25989537153925213
13204	FLOWER	0.24690251903874533	0.5222411922046116
13561	FLOWER	0.14477778119700296	0.4260699323245457
15606	FLOWER	0.24419729837349483	0.4855724573135376
17121	FLOWER	0.2297807059117726	0.4693092959267752
31260	FLOWER	0.1499918805701392	0.3646361231803894
61138	FLOWER	0.05455243427838598	0.22853776812553406
61229	FLOWER	0.2696548615183149	0.5838284151894706
62580	FLOWER	0.32003505315099445	0.6191599283899579
62725	FLOWER	0.16018339352948324	0.41194288645471844
62902	FLOWER	0.35881572110312326	0.6439275230680194
565690	FLOWER	0.26936844842774527	0.5673858182770866
5273467	FLOWER	0.2750494394983564	0.6046633039202008
5367698	FLOWER	0.3145886957645416	0.5866228427205767
6287	FLOWER	0.13740585531507218	0.3779424726963043
6920	FLOWER	0.10940011271408626	0.2922825664281845
89440	FLOWER	0.39155098370143343	0.5896981017930167
170833	FLOWER	0.2058442873614175	0.5534355895859855
5362798	FLOWER	0.1396907184805189	0.4003119596413204
126	CHEMICAL	0.18600777004446303	0.439045603786196
1032	CHEMICAL	0.23331497183867864	0.5140608165945325
2969	CHEMICAL	0.49700380648885456	0.743139386177063
5610	CHEMICAL	0.43734428712299894	0.6916997943605695
6050	CHEMICAL	0.2767221821205957	0.55573051742145
6276	CHEMICAL	0.4844472748892648	0.7085228988102504
6448	CHEMICAL	0.530516151871	0.7855920110430036
6658	CHEMICAL	0.3183651396206447	0.5889089490686145
6989	CHEMICAL	0.5630355094160352	0.7665324466569083
7122	CHEMICAL	0.3964800706931523	0.6750806655202594
7731	CHEMICAL	0.6367731690406799	0.820825627871922
7749	CHEMICAL	0.31605005264282227	0.584299623966217
7765	CHEMICAL	0.6134277752467564	0.8137817467961993
8063	CHEMICAL	0.3737182915210724	0.6396392924445016
8118	CHEMICAL	0.31579648171152386	0.5852154748780387
8205	CHEMICAL	0.37462253655706135	0.6320026516914368
8467	CHEMICAL	0.0692061334848404	0.24314225890806743
10285	CHEMICAL	0.3799135982990265	0.6102343116487775
10925	CHEMICAL	0.2684933011020933	0.5604358996663775
11124	CHEMICAL	0.35035310898508343	0.6141788022858756
11583	CHEMICAL	0.6299827865191868	0.8367172224181039
12587	CHEMICAL	0.261263445019722	0.5407121351787022
13204	CHEMICAL	0.22674476887498582	0.4859567369733538
13561	CHEMICAL	0.39422724076679777	0.6739589401653835
15606	CHEMICAL	0.31575637630053927	0.5796079209872654
17121	CHEMICAL	0.3606861616883959	0.6450491036687579
31260	CHEMICAL	0.2759112949882235	0.5485801441328866
61138	CHEMICAL	0.21291044993059977	0.5115911832877568
61229	CHEMICAL	0.28534548197473797	0.5274499654769897
62580	CHEMICAL	0.3347510738032205	0.6120841758591788
62725	CHEMICAL	0.33248462421553476	0.6118420107024056
62902	CHEMICAL	0.14170757148947036	0.4192629413945334
565690	CHEMICAL	0.3136047806058611	0.6533897178513663
5273467	CHEMICAL	0.24326556282384054	0.5074176405157361
5367698	CHEMICAL	0.2504793384245464	0.5021608088697705
6287	CHEMICAL	0.1557400726846286	0.4290987764086042
6920	CHEMICAL	0.23158949187823705	0.49439796805381775
89440	CHEMICAL	0.3164239823818207	0.5388110748359135
170833	CHEMICAL	0.4620831608772278	0.7041276948792594
5362798	CHEMICAL	0.5116356909275055	0.7571913599967957
