oID	descriptor	value	sigma
176	INTENSITY/STRENGTH	0.13228441987718856	0.4952733133520399
240	INTENSITY/STRENGTH	0.6306798713547843	0.6244531103542873
243	INTENSITY/STRENGTH	0.3638394623994827	0.5814161258084434
244	INTENSITY/STRENGTH	0.4793026787894113	0.7177863376481193
261	INTENSITY/STRENGTH	0.2992558649608067	0.6114635041781834
325	INTENSITY/STRENGTH	0.37545617137636456	0.5978493690490723
454	INTENSITY/STRENGTH	0.4638599583080837	0.6296174611364093
994	INTENSITY/STRENGTH	0.2559180536440441	0.6420693823269435
1030	INTENSITY/STRENGTH	0.14108879385249956	0.5221290205206189
1068	INTENSITY/STRENGTH	0.22650524548121861	0.5758627823420933
6137	INTENSITY/STRENGTH	0.5091414877346584	0.6285097513880048
6505	INTENSITY/STRENGTH	0.30144940529550823	0.6274176580565316
6753	INTENSITY/STRENGTH	0.1921646339552743	0.5530228870255607
7119	INTENSITY/STRENGTH	0.40163201093673706	0.6524884104728699
7288	INTENSITY/STRENGTH	0.41853331668036325	0.6461344361305237
7792	INTENSITY/STRENGTH	0.38005403109959196	0.6780187998499189
8363	INTENSITY/STRENGTH	0.2150406220129558	0.5949342761720929
8785	INTENSITY/STRENGTH	0.5620600666318621	0.7330812811851501
8914	INTENSITY/STRENGTH	0.5166821437222617	0.7478849717548915
10797	INTENSITY/STRENGTH	0.3168690481356212	0.603401413985661
12297	INTENSITY/STRENGTH	0.5373753224100385	0.7263725910867963
13187	INTENSITY/STRENGTH	0.5712880194187164	0.6709512727601188
31246	INTENSITY/STRENGTH	0.534046756369727	0.6627604280199323
31252	INTENSITY/STRENGTH	0.3285562630210604	0.5852630649294172
61209	INTENSITY/STRENGTH	0.5200113952159882	0.7160378098487854
61945	INTENSITY/STRENGTH	0.7011098265647888	0.6289296405655997
62144	INTENSITY/STRENGTH	0.6644025359834943	0.6700836249760219
62374	INTENSITY/STRENGTH	0.5394995553152901	0.6664227502686637
62378	INTENSITY/STRENGTH	0.47211951443127226	0.7338350926126752
62572	INTENSITY/STRENGTH	0.4453663868563516	0.6658608317375183
78925	INTENSITY/STRENGTH	0.3909342757293156	0.5895546419279916
638014	INTENSITY/STRENGTH	0.26242647426468985	0.7234474335397992
643820	INTENSITY/STRENGTH	0.4946384983403342	0.6651277627263751
5362588	INTENSITY/STRENGTH	0.5583795351641518	0.6886009573936462
5365049	INTENSITY/STRENGTH	0.6328070504324776	0.7412881936345782
6429333	INTENSITY/STRENGTH	0.4671813079289028	0.671330954347338
5780	INTENSITY/STRENGTH	0.17408921143838338	0.609763924564634
7500	INTENSITY/STRENGTH	0.5464333593845367	0.6476734536034721
439570	INTENSITY/STRENGTH	0.33996924332209993	0.634910353592464
440967	INTENSITY/STRENGTH	0.47495010069438387	0.7251408014978681
16220109	INTENSITY/STRENGTH	0.5024259984493256	0.6938197868210929
176	VALENCE/PLEASANTNESS	0.5497885687010629	0.5764069216591972
240	VALENCE/PLEASANTNESS	0.49531349539756775	0.6996566568102155
243	VALENCE/PLEASANTNESS	0.4871676691940853	0.6129781263215202
244	VALENCE/PLEASANTNESS	0.4749509394168854	0.6745219656399318
261	VALENCE/PLEASANTNESS	0.4267421705382211	0.5853526421955654
325	VALENCE/PLEASANTNESS	0.5311968667166573	0.623394353049142
454	VALENCE/PLEASANTNESS	0.41609717692647663	0.5731051053319659
994	VALENCE/PLEASANTNESS	0.5212249074663434	0.6767901182174683
1030	VALENCE/PLEASANTNESS	0.5504003592899868	0.5869910887309483
1068	VALENCE/PLEASANTNESS	0.30214887644563404	0.501501990216119
6137	VALENCE/PLEASANTNESS	0.31432334440095083	0.6154971548489162
6505	VALENCE/PLEASANTNESS	0.3944834555898394	0.5572748524802071
6753	VALENCE/PLEASANTNESS	0.5715308615139553	0.5806184836796352
7119	VALENCE/PLEASANTNESS	0.514144778251648	0.6545096976416451
7288	VALENCE/PLEASANTNESS	0.4276764137404306	0.6198523640632629
7792	VALENCE/PLEASANTNESS	0.5137056282588414	0.6517154148646763
8363	VALENCE/PLEASANTNESS	0.607428388936179	0.5868826849120004
8785	VALENCE/PLEASANTNESS	0.5928071481840951	0.7445065804890224
8914	VALENCE/PLEASANTNESS	0.4958798204149519	0.744318561894553
10797	VALENCE/PLEASANTNESS	0.44939463479178293	0.5697193316050938
12297	VALENCE/PLEASANTNESS	0.4417246069226946	0.6794506907463074
13187	VALENCE/PLEASANTNESS	0.6325423206601825	0.6513080682073321
31246	VALENCE/PLEASANTNESS	0.6111828429358346	0.6429526550429208
31252	VALENCE/PLEASANTNESS	0.3975266218185425	0.6016113417489188
61209	VALENCE/PLEASANTNESS	0.5569804991994586	0.7145053744316101
61945	VALENCE/PLEASANTNESS	0.33220404386520386	0.6450343302318028
62144	VALENCE/PLEASANTNESS	0.23672580506120408	0.597117006778717
62374	VALENCE/PLEASANTNESS	0.4412554289613451	0.6479551281247821
62378	VALENCE/PLEASANTNESS	0.6283119065420968	0.6418098892484393
62572	VALENCE/PLEASANTNESS	0.6080305320875985	0.671918945653098
78925	VALENCE/PLEASANTNESS	0.3442207787718092	0.5799244046211243
638014	VALENCE/PLEASANTNESS	0.6575738787651062	0.5494017899036407
643820	VALENCE/PLEASANTNESS	0.6053755623953683	0.6350805333682469
5362588	VALENCE/PLEASANTNESS	0.5783697622162955	0.6909738438470023
5365049	VALENCE/PLEASANTNESS	0.5863685267312186	0.7496709653309414
6429333	VALENCE/PLEASANTNESS	0.553392401763371	0.66019435439791
5780	VALENCE/PLEASANTNESS	0.6028669731957572	0.6710989560399737
7500	VALENCE/PLEASANTNESS	0.36142865674836294	0.6180411832673209
439570	VALENCE/PLEASANTNESS	0.533993661403656	0.732721209526062
440967	VALENCE/PLEASANTNESS	0.4924486109188625	0.6316535898617336
16220109	VALENCE/PLEASANTNESS	0.5406371227332524	0.6917432546615601
176	BAKERY	0.10810070697750364	0.3270791045257023
240	BAKERY	0.09657869594437736	0.33378363507134573
243	BAKERY	0.045608321470873694	0.2069145483630044
244	BAKERY	0.04621814829962594	0.22159664119992936
261	BAKERY	0.0879700460604259	0.27004581476960865
325	BAKERY	0.07403914523976189	0.2600273149354117
454	BAKERY	0.055850639407123835	0.1591677846653121
994	BAKERY	0.19246192382914679	0.4813994680132185
1030	BAKERY	0.1160521422113691	0.3490574061870575
1068	BAKERY	0.04057609822068896	0.16934783543859208
6137	BAKERY	0.09304561465978622	0.34210642320769175
6505	BAKERY	0.07454839774540492	0.24728854426315852
6753	BAKERY	0.09597121604851314	0.32868737408093046
7119	BAKERY	0.045535019998039515	0.18676829125199998
7288	BAKERY	0.056930891637291224	0.2126917200429099
7792	BAKERY	0.05175342071535332	0.1634027510881424
8363	BAKERY	0.07404564853225436	0.23435347420828684
8785	BAKERY	0.05651344997542245	0.2675721985953195
8914	BAKERY	0.014858267536120755	0.052640767501933236
10797	BAKERY	0.0723581574857235	0.23365498653479985
12297	BAKERY	0.05130636106644358	0.164002425968647
13187	BAKERY	0.089265695640019	0.28865928309304373
31246	BAKERY	0.11512622662952968	0.3813821886266981
31252	BAKERY	0.11335952154227666	0.3451859312398093
61209	BAKERY	0.3087711440665381	0.6940241413457053
61945	BAKERY	0.1810197521533285	0.4986198672226497
62144	BAKERY	0.11297667984451566	0.4045566916465759
62374	BAKERY	0.10159220440047127	0.3264880010059902
62378	BAKERY	0.05557551394615855	0.22925821372440883
62572	BAKERY	0.08524938247033528	0.3447014476571764
78925	BAKERY	0.06735741719603539	0.24653536932809011
638014	BAKERY	0.06304727481412035	0.18469189533165523
643820	BAKERY	0.04317342277084078	0.18435605934688024
5362588	BAKERY	0.08375795292002815	0.311616803918566
5365049	BAKERY	0.07923020954642977	0.26836476368563517
6429333	BAKERY	0.12373619420187813	0.3855279300894056
5780	BAKERY	0.21082923454897745	0.5242443340165275
7500	BAKERY	0.010870344803801604	0.10232240280934743
439570	BAKERY	0.05450904369354248	0.20518567093781062
440967	BAKERY	0.0381200486528022	0.16764115009989058
16220109	BAKERY	0.06615423783659935	0.24551800957747869
176	SWEET	0.19858932069369725	0.4977228854383741
240	SWEET	0.2341583435024534	0.5749407453196389
243	SWEET	0.13628837040492467	0.4336146456854684
244	SWEET	0.18500643968582153	0.5362958439758846
261	SWEET	0.18498813041618892	0.478761157819203
325	SWEET	0.14317463764122554	0.3953168860503605
454	SWEET	0.1336096982870783	0.38220347676958355
994	SWEET	0.23131723489080155	0.5902189101491656
1030	SWEET	0.19110770097800664	0.5037675329617092
1068	SWEET	0.014034277094261987	0.14240986587745802
6137	SWEET	0.06641761160322598	0.27083155299936024
6505	SWEET	0.11165129765868187	0.3665724992752075
6753	SWEET	0.20845258023057664	0.5086283896650586
7119	SWEET	0.20458464324474335	0.5489633977413177
7288	SWEET	0.11952310694115502	0.4457106760569981
7792	SWEET	0.18373654995645797	0.49504056572914124
8363	SWEET	0.22814425187451498	0.600727949823652
8785	SWEET	0.37613806554249357	0.8045447043010167
8914	SWEET	0.1625485313790185	0.5357332825660706
10797	SWEET	0.09409132919141225	0.36488151124545504
12297	SWEET	0.11921623881374087	0.4636526788984026
13187	SWEET	0.38939570103372845	0.7087844354765755
31246	SWEET	0.43305027910641264	0.7418811321258545
31252	SWEET	0.08182525847639356	0.36657344017710003
61209	SWEET	0.31010753342083525	0.7325433918407985
61945	SWEET	0.08065228696380343	0.3475536235741207
62144	SWEET	0.03814378779913698	0.20007078349590302
62374	SWEET	0.14062788124595368	0.43735401545252117
62378	SWEET	0.3350871205329895	0.7001880492482867
62572	SWEET	0.3821794944150107	0.7226159998348781
78925	SWEET	0.05452113226056099	0.19527804851531982
638014	SWEET	0.30495985065187725	0.5709392258099147
643820	SWEET	0.24213663382189615	0.5476969310215541
5362588	SWEET	0.35914407457624165	0.6999343889100211
5365049	SWEET	0.3298365388597761	0.6945024984223502
6429333	SWEET	0.27633826221738544	0.6189112918717521
5780	SWEET	0.28215496029172626	0.6330572366714478
7500	SWEET	0.045547990394490104	0.2669482763324465
439570	SWEET	0.1504754956279482	0.5064736008644104
440967	SWEET	0.0681751189487321	0.3578968644142151
16220109	SWEET	0.2342522931950433	0.57573145202228
176	FRUIT	0.09389319590159825	0.25547514855861664
240	FRUIT	0.10810281123433794	0.35152285013880047
243	FRUIT	0.07808991628033775	0.25642111897468567
244	FRUIT	0.11591380834579468	0.37302843161991667
261	FRUIT	0.11040425992437772	0.3106321096420288
325	FRUIT	0.09227509903056282	0.2155740303652627
454	FRUIT	0.09370353072881699	0.2938377857208252
994	FRUIT	0.061084453016519547	0.27665666597230093
1030	FRUIT	0.07515794038772583	0.237293575491224
1068	FRUIT	-0.00298828977559294	0.028199415121759688
6137	FRUIT	0.011738285688417298	0.08432267819132123
6505	FRUIT	0.04478199779987335	0.2000607560787882
6753	FRUIT	0.06297683609383446	0.22112822106906346
7119	FRUIT	0.13762538667236054	0.39370438030787874
7288	FRUIT	0.07410380989313126	0.3026531083243234
7792	FRUIT	0.09953800269535609	0.34445407560893465
8363	FRUIT	0.08240180356161934	0.3035721608570644
8785	FRUIT	0.3347674629517964	0.6953684772763934
8914	FRUIT	0.1505210314478193	0.45481723972729277
10797	FRUIT	0.027049746364355087	0.15388662900243485
12297	FRUIT	0.09760329872369766	0.36431074142456055
13187	FRUIT	0.34282044427735464	0.6447563001087734
31246	FRUIT	0.36603901215962004	0.6131652167865208
31252	FRUIT	0.02854305346097265	0.12666049067463195
61209	FRUIT	0.08085185182946068	0.3094404467514583
61945	FRUIT	-0.02237393893301487	0.00895782932639122
62144	FRUIT	-0.009776780913983072	0.015366606946502413
62374	FRUIT	0.04921791808945792	0.19405798401151383
62378	FRUIT	0.2674300330025809	0.6040536080087934
62572	FRUIT	0.34553238323756624	0.6105565428733826
78925	FRUIT	0.028019929038626806	0.10200204327702522
638014	FRUIT	0.1516714638897351	0.37424021107809885
643820	FRUIT	0.1893927071775709	0.4289565682411194
5362588	FRUIT	0.3363461451871054	0.623114390032632
5365049	FRUIT	0.3991983447756086	0.6732156872749329
6429333	FRUIT	0.15527217090129852	0.3871314951351711
5780	FRUIT	0.06448619865945407	0.27127805777958464
7500	FRUIT	0.04506272104169641	0.20328431895801
439570	FRUIT	0.09166653134993144	0.37534288849149433
440967	FRUIT	0.03405704854854515	0.2261137259857995
16220109	FRUIT	0.246333509683609	0.48915762986455646
176	FISH	0.05036003541733537	0.1633391614471163
240	FISH	0.027611497789621353	0.11212451862437385
243	FISH	0.07627215928265027	0.18317242179598128
244	FISH	0.09610672454748835	0.21937072277069092
261	FISH	0.1039539213691439	0.24411619986806596
325	FISH	0.06818561255931854	0.25468977647168295
454	FISH	0.08746094469513212	0.18844218126365117
994	FISH	0.07686876399176461	0.15995427753244126
1030	FISH	0.06133478933147022	0.13964292194162095
1068	FISH	0.315804409129279	0.5611100920609066
6137	FISH	0.2584508551018579	0.4442509966237204
6505	FISH	0.11452280836445945	0.2428616029875619
6753	FISH	0.0655562702034201	0.16477017317499434
7119	FISH	0.05230219130005155	0.13015789645058767
7288	FISH	0.06801190972328186	0.1496506088546344
7792	FISH	0.057515649391072135	0.13984563520976476
8363	FISH	0.049495404586195946	0.1273497183408056
8785	FISH	0.04444026042308126	0.14897208554404123
8914	FISH	0.017537819354661872	0.04782370584351676
10797	FISH	0.11445658121790205	0.2683574876614979
12297	FISH	0.07948118767568044	0.1650902714048113
13187	FISH	0.02280061026769025	0.10665288141795568
31246	FISH	0.04746427706309727	0.10885363923651832
31252	FISH	0.10100141274077552	0.23242000596863882
61209	FISH	0.05091405659914017	0.10634001876626696
61945	FISH	0.2059410022837775	0.43070848073278156
62144	FISH	0.3337388357945851	0.5993268021515438
62374	FISH	0.07647994985537869	0.15161266390766417
62378	FISH	0.06916774756142072	0.2025162833077567
62572	FISH	0.044770171865820885	0.11452981191022056
78925	FISH	0.3459899425506592	0.5597789117268154
638014	FISH	0.0798357075878552	0.22270468303135463
643820	FISH	0.0387287898255246	0.11521170075450625
5362588	FISH	0.0515659504703113	0.130424935902868
5365049	FISH	0.08017134560006005	0.17824366901602065
6429333	FISH	0.05030560653124537	0.125624024442264
5780	FISH	0.04533612861164978	0.0892474576830864
7500	FISH	0.12075932323932648	0.2523686332362039
439570	FISH	0.015401958088789667	0.07318406339202609
440967	FISH	0.041074546586189954	0.13240603996174677
16220109	FISH	0.07488715169685227	0.2064495107957295
176	GARLIC	0.09258667060307094	0.26474587832178387
240	GARLIC	0.046519650146365166	0.15409825316497258
243	GARLIC	0.07908336339252335	0.2103038557938167
244	GARLIC	0.09255118348768779	0.2107409621988024
261	GARLIC	0.0980404583471162	0.2945109563214438
325	GARLIC	0.15302712150982448	0.30018926518304007
454	GARLIC	0.08347633640680995	0.2166608657155718
994	GARLIC	0.08518692744629723	0.2441864481994084
1030	GARLIC	0.0879239450607981	0.23369809772287095
1068	GARLIC	0.3622883473123823	0.5873310140201023
6137	GARLIC	0.2515296957322529	0.44636988639831543
6505	GARLIC	0.09723657476050514	0.2955619181905474
6753	GARLIC	0.06481604224869184	0.21604618855885097
7119	GARLIC	0.050604726054838726	0.1507149189710617
7288	GARLIC	0.05585935419159276	0.19992202733244216
7792	GARLIC	0.06565894984773227	0.20439515369279043
8363	GARLIC	0.049711787807089944	0.15223438612052373
8785	GARLIC	0.03209522912012679	0.11426092790705818
8914	GARLIC	0.03970622670437608	0.0956747585109302
10797	GARLIC	0.13945502255644118	0.31650835275650024
12297	GARLIC	0.058292370821748464	0.1907177014010293
13187	GARLIC	0.047866360417434146	0.1471075713634491
31246	GARLIC	0.05259462499192783	0.12958505749702454
31252	GARLIC	0.12040241594825472	0.29270151044641224
61209	GARLIC	0.09985985606908798	0.26081186320100513
61945	GARLIC	0.2245826401880809	0.45127021840640474
62144	GARLIC	0.339765944651195	0.5817114625658307
62374	GARLIC	0.08997358168874468	0.22476619482040405
62378	GARLIC	0.07047067156859807	0.17939514560358866
62572	GARLIC	0.04253987595438957	0.14728044612067087
78925	GARLIC	0.4528210631438664	0.6085073011262077
638014	GARLIC	0.037003566910113604	0.2288995087146759
643820	GARLIC	0.06997734308242798	0.19124576875141688
5362588	GARLIC	0.0795484089425632	0.16747409318174636
5365049	GARLIC	0.06799340514200074	0.17279612592288426
6429333	GARLIC	0.08109647354909352	0.17600749965224946
5780	GARLIC	0.052012176918131967	0.20186495993818557
7500	GARLIC	0.08842467623097557	0.23451430456978933
439570	GARLIC	0.05439651810697147	0.1726676481110709
440967	GARLIC	0.04433018048959119	0.14014230029923574
16220109	GARLIC	0.10960802968059268	0.229197729911123
176	SPICES	0.18422431818076543	0.380353535924639
240	SPICES	0.2520068223987307	0.4615697477545057
243	SPICES	0.2363635344164712	0.4168663365500314
244	SPICES	0.22199816788945878	0.43385256614003864
261	SPICES	0.1429134692464556	0.338811708348138
325	SPICES	0.45924311876296997	0.678328445979527
454	SPICES	0.12857718765735626	0.3235237853867667
994	SPICES	0.21258389949798584	0.43712593827928814
1030	SPICES	0.17858068219252995	0.3724519610404968
1068	SPICES	0.26555622475487844	0.47105097344943453
6137	SPICES	0.2615709879568645	0.48973452193396433
6505	SPICES	0.1548706740140915	0.36765926650592257
6753	SPICES	0.19342507209096635	0.40499616094997953
7119	SPICES	0.15690651961735316	0.35816837208611624
7288	SPICES	0.11095079566751208	0.28510238017354694
7792	SPICES	0.1634454642023359	0.35106490765299114
8363	SPICES	0.1831257747752326	0.32186118619782583
8785	SPICES	0.14011255438838685	0.35319783432143076
8914	SPICES	0.06587419552462441	0.20976082661322185
10797	SPICES	0.23595841654709407	0.4387486364160265
12297	SPICES	0.1461428212268012	0.3473714802946363
13187	SPICES	0.16710739263466426	0.38507890701293945
31246	SPICES	0.12306760038648333	0.32226685541016714
31252	SPICES	0.2174543844802039	0.41359572751181467
61209	SPICES	0.24969532872949327	0.4646446577140263
61945	SPICES	0.31556692932333263	0.5417429634502956
62144	SPICES	0.31855968066624235	0.5710848229272025
62374	SPICES	0.24541922552245005	0.4522010385990143
62378	SPICES	0.179658941924572	0.3994357075010027
62572	SPICES	0.143362752028874	0.36035757405417307
78925	SPICES	0.32384674889700754	0.5423069681440081
638014	SPICES	0.15977701119014195	0.2897236560072218
643820	SPICES	0.20714002634797776	0.4068716125828879
5362588	SPICES	0.19698403349944524	0.42432527031217304
5365049	SPICES	0.1682237216404506	0.4109615811279842
6429333	SPICES	0.25923173342432293	0.4788609870842525
5780	SPICES	0.2239521358694349	0.4452180564403534
7500	SPICES	0.21059847942420415	0.4359014161995479
439570	SPICES	0.28006026574543547	0.5076031131403786
440967	SPICES	0.313081362417766	0.5195258642945971
16220109	SPICES	0.22214572983128683	0.4624941902501242
176	COLD	0.21946789962904795	0.3701593407562801
240	COLD	0.3066142882619585	0.4623961959566389
243	COLD	0.32076569540160044	0.4761571969304766
244	COLD	0.21686652515615737	0.3795293484415327
261	COLD	0.17882825008460454	0.33031792300088064
325	COLD	0.20245722361973353	0.3203910418919155
454	COLD	0.2688640888248171	0.43110616292272297
994	COLD	0.19436035411698477	0.359026768377849
1030	COLD	0.26142985267298563	0.4221485342298235
1068	COLD	0.14503213124615805	0.2594584460769381
6137	COLD	0.1788695603609085	0.2979531075273241
6505	COLD	0.20855270751885005	0.35289311834744047
6753	COLD	0.2354736945458821	0.3896252427782331
7119	COLD	0.3074023127555847	0.4867201702935355
7288	COLD	0.3053625907216753	0.472088451896395
7792	COLD	0.31102230293410166	0.4797641464642116
8363	COLD	0.31495846595082966	0.49577488218035015
8785	COLD	0.2411543003150395	0.44354282532419476
8914	COLD	0.4479134551116398	0.6331867064748492
10797	COLD	0.1956000668661935	0.33900959151131765
12297	COLD	0.3613437371594565	0.5433262118271419
13187	COLD	0.2737192383834294	0.4640495095934187
31246	COLD	0.24473659907068526	0.448990387575967
31252	COLD	0.19126525734152114	0.32350191473960876
61209	COLD	0.1919951949800764	0.36258999364716665
61945	COLD	0.09076638839074544	0.198701839361872
62144	COLD	0.05290771382195609	0.1544071329491479
62374	COLD	0.2898515122277396	0.44559712069375174
62378	COLD	0.2906542590686253	0.4819840575967516
62572	COLD	0.24539662258965628	0.4412409407751901
78925	COLD	0.13270593966756547	0.24652785914284842
638014	COLD	0.266371807881764	0.44510288749422344
643820	COLD	0.3154463342257908	0.4574432245322636
5362588	COLD	0.24848155677318573	0.430038366998945
5365049	COLD	0.1987284209047045	0.37972391503197805
6429333	COLD	0.26821072825363707	0.44358075090817045
5780	COLD	0.3073863514832088	0.4758389038699014
7500	COLD	0.29778061168534414	0.47799962759017944
439570	COLD	0.5103187901633126	0.6512874790600368
440967	COLD	0.4589097670146397	0.5939354130199977
16220109	COLD	0.217498351420675	0.38015481403895784
176	SOUR	0.2577212133577892	0.48568280679839
240	SOUR	0.18840237600462778	0.399452017886298
243	SOUR	0.22285590853009904	0.4572200221674783
244	SOUR	0.25717597348349436	0.4893678639616285
261	SOUR	0.4220533456121172	0.6363993883132935
325	SOUR	0.17938267758914403	0.4148360618523189
454	SOUR	0.2872760274580547	0.4936615654400417
994	SOUR	0.259630669440542	0.5069178257669721
1030	SOUR	0.1880194800240653	0.418203204870224
1068	SOUR	0.47834374223436626	0.7549960442951748
6137	SOUR	0.3579570949077606	0.6342723625046867
6505	SOUR	0.41413815532411846	0.6436748589788165
6753	SOUR	0.1887313106230327	0.3897508255073002
7119	SOUR	0.18854560596602304	0.4241895377635956
7288	SOUR	0.23685966219220841	0.4660060703754425
7792	SOUR	0.22776867023536138	0.5108745353562492
8363	SOUR	0.14455583691596985	0.3934692442417145
8785	SOUR	0.25504857301712036	0.48011975628989084
8914	SOUR	0.15192497202328273	0.4248881254877363
10797	SOUR	0.2402328018631254	0.4940721435206277
12297	SOUR	0.27005750792367117	0.49715531298092436
13187	SOUR	0.19641510929380143	0.4132390490600041
31246	SOUR	0.21181129770619528	0.44160748379571096
31252	SOUR	0.24931735013212478	0.5054004958697728
61209	SOUR	0.20526342306818282	0.4166188282626016
61945	SOUR	0.28306424617767334	0.545827886887959
62144	SOUR	0.36965830836977276	0.6359156625611442
62374	SOUR	0.2507777043751308	0.47373970917293
62378	SOUR	0.16069018840789795	0.38797897951943533
62572	SOUR	0.2472789521728243	0.4832365555422647
78925	SOUR	0.3838325781481607	0.6436450907162258
638014	SOUR	0.20214377982275827	0.45134373222078594
643820	SOUR	0.2184799611568451	0.4742338146482195
5362588	SOUR	0.2812843918800354	0.5153250311102185
5365049	SOUR	0.2808398561818259	0.5018147230148315
6429333	SOUR	0.17444692977837153	0.38404792972973417
5780	SOUR	0.18379979261330195	0.4083004040377481
7500	SOUR	0.28746558512960163	0.521710638489042
439570	SOUR	0.17573596749986922	0.41816726326942444
440967	SOUR	0.13332774383681162	0.3757957560675485
16220109	SOUR	0.2635846308299473	0.4859582228319986
176	BURNT	0.07971414923667908	0.2695117550236838
240	BURNT	0.1285604483314923	0.3740654332297189
243	BURNT	0.12635794494833266	0.33034929420266834
244	BURNT	0.10684254446199962	0.3146819642611912
261	BURNT	0.08862511068582535	0.27587272439684185
325	BURNT	0.13160806787865503	0.3811887672969273
454	BURNT	0.11891186769519534	0.37053638270923067
994	BURNT	0.1398640370794705	0.3595567047595978
1030	BURNT	0.10772801509925298	0.30320660557065693
1068	BURNT	0.14607643442494528	0.40488540274756296
6137	BURNT	0.2531771148954119	0.5704731941223145
6505	BURNT	0.10723058027880532	0.3514058675084795
6753	BURNT	0.12541338907820837	0.3566225639411381
7119	BURNT	0.09814709424972534	0.2964697118316378
7288	BURNT	0.13111089382852828	0.3380385552133833
7792	BURNT	0.10763933828898839	0.3468728278364454
8363	BURNT	0.06618694375668253	0.19615509041718074
8785	BURNT	0.057014349848032	0.24187923542090825
8914	BURNT	0.09194052645138331	0.335165479353496
10797	BURNT	0.14114810526371002	0.3908550867012569
12297	BURNT	0.09069586651665824	0.31365337542125155
13187	BURNT	0.06712343543767929	0.24902685412338801
31246	BURNT	0.0804130392415183	0.2286020964384079
31252	BURNT	0.23770279543740408	0.517921439238957
61209	BURNT	0.20140522505555833	0.47373908332415987
61945	BURNT	0.38852021949631826	0.7355267235210964
62144	BURNT	0.39178469351359774	0.745175165789468
62374	BURNT	0.17903970181941986	0.4442972924028124
62378	BURNT	0.05723867405738149	0.2495137197630746
62572	BURNT	0.06976648047566414	0.2242811577660697
78925	BURNT	0.1612031481095723	0.4403691589832306
638014	BURNT	0.06116260801042829	0.26365362107753754
643820	BURNT	0.08999235289437431	0.2962667942047119
5362588	BURNT	0.07807567396334239	0.25816987242017475
5365049	BURNT	0.056001939943858554	0.2454769057886941
6429333	BURNT	0.09356121399572917	0.3015661197049277
5780	BURNT	0.16035544872283936	0.4056688036237444
7500	BURNT	0.18501561454364232	0.475149861403874
439570	BURNT	0.10549984659467425	0.33207386093480246
440967	BURNT	0.14219899901321956	0.35300230979919434
16220109	BURNT	0.0766654419047492	0.29007271783692495
176	ACID	0.1724719660622733	0.3213780309472765
240	ACID	0.3755583848272051	0.5288097390106746
243	ACID	0.3147105893918446	0.47493949958256315
244	ACID	0.2896408438682556	0.4705919325351715
261	ACID	0.2248635994536536	0.392103054693767
325	ACID	0.2217002660036087	0.4010579117706844
454	ACID	0.32310632722718374	0.5350706790174756
994	ACID	0.17145252227783203	0.3461883280958448
1030	ACID	0.21746833409581864	0.371682665177754
1068	ACID	0.3201504179409572	0.5141839683055878
6137	ACID	0.26946217247418	0.46427183066095623
6505	ACID	0.2998049940381731	0.4818620426314218
6753	ACID	0.21068339475563594	0.37701719999313354
7119	ACID	0.3676102714879172	0.5422990620136261
7288	ACID	0.5119440129825047	0.6755478041512626
7792	ACID	0.37514178667749676	0.5767076441219875
8363	ACID	0.1721925213932991	0.32777974009513855
8785	ACID	0.2962560100214822	0.48398060883794514
8914	ACID	0.5405140348843166	0.7579243183135986
10797	ACID	0.2872618074928011	0.4540007156985147
12297	ACID	0.5134590310709817	0.6942434396062579
13187	ACID	0.28668947730745586	0.469210330929075
31246	ACID	0.2750464507511684	0.43402217967169626
31252	ACID	0.3098496901137488	0.47816793833460125
61209	ACID	0.22153654481683457	0.3811724143368857
61945	ACID	0.2601627154009683	0.4390738734177181
62144	ACID	0.2895132750272751	0.4810527946267809
62374	ACID	0.3493769211428506	0.5442394018173218
62378	ACID	0.32353961041995455	0.519674369267055
62572	ACID	0.1969711652823857	0.3790558789457594
78925	ACID	0.21191149524280004	0.41063940950802397
638014	ACID	0.1953404609646116	0.38263796057019916
643820	ACID	0.31976957406316486	0.4733284456389291
5362588	ACID	0.26240020777497974	0.42617693543434143
5365049	ACID	0.19138105000768388	0.38804348026003155
6429333	ACID	0.2518319572721209	0.4265688530036381
5780	ACID	0.26369507185050417	0.41511058807373047
7500	ACID	0.6139468124934605	0.7589410543441772
439570	ACID	0.47792270353862215	0.7168113674436297
440967	ACID	0.4371295230729239	0.6244642223630633
16220109	ACID	0.23819294784750258	0.4160241569791521
176	WARM	0.2683409196989877	0.42760938831738066
240	WARM	0.3416947509561266	0.5411412290164402
243	WARM	0.2877461314201355	0.4915537067822048
244	WARM	0.307820234979902	0.5252931160586221
261	WARM	0.2885166917528425	0.46875567521367756
325	WARM	0.35611388087272644	0.5389136757169452
454	WARM	0.26559327117034365	0.46978558387075153
994	WARM	0.3974834382534027	0.5713507107325962
1030	WARM	0.27014783024787903	0.449439708675657
1068	WARM	0.2698023446968624	0.4734899912561689
6137	WARM	0.3756834353719439	0.587663974080767
6505	WARM	0.29582679697445463	0.4810552384172167
6753	WARM	0.36108194078717915	0.5468404378209796
7119	WARM	0.27095252701214384	0.47226657611983164
7288	WARM	0.2091863410813468	0.432430808033262
7792	WARM	0.29435732534953524	0.480146804026195
8363	WARM	0.30517550451414927	0.5115680992603302
8785	WARM	0.2939475476741791	0.5568757653236389
8914	WARM	0.21203563894544328	0.40561510409627644
10797	WARM	0.2604705052716391	0.45121622937066214
12297	WARM	0.2156262206179755	0.44279863578932627
13187	WARM	0.31213532175336567	0.51435472709792
31246	WARM	0.30034630639212473	0.5231399067810604
31252	WARM	0.3195423356124333	0.5251279686178479
61209	WARM	0.500341215303966	0.6866313815116882
61945	WARM	0.4545482226780483	0.666514481816973
62144	WARM	0.4327304576124464	0.6725694111415318
62374	WARM	0.37034280385289875	0.5581273777144296
62378	WARM	0.28374569756644114	0.51931175163814
62572	WARM	0.28368728501456125	0.5122901584420886
78925	WARM	0.3320351541042328	0.546891953263964
638014	WARM	0.3270305735724313	0.4911468114171709
643820	WARM	0.2763482651540211	0.47631790808268953
5362588	WARM	0.3117052061217172	0.538375301020486
5365049	WARM	0.2580219634941646	0.49758292521749226
6429333	WARM	0.3386707433632442	0.5206803594316755
5780	WARM	0.3777528022016798	0.5411385766097477
7500	WARM	0.2569072033677782	0.5006947900567736
439570	WARM	0.288992634841374	0.5154752263001033
440967	WARM	0.31044902546065195	0.5393719588007245
16220109	WARM	0.2643982470035553	0.49042053307805744
176	MUSKY	0.26412934916360037	0.47095593384334017
240	MUSKY	0.2208508231810161	0.4337224449430193
243	MUSKY	0.2463982296841485	0.4829213874680655
244	MUSKY	0.26787098390715464	0.5286322704383305
261	MUSKY	0.3843060220990862	0.5977593660354614
325	MUSKY	0.18751897556441172	0.4533239390168871
454	MUSKY	0.30977986114365713	0.5580388861043113
994	MUSKY	0.300230188029153	0.5464333551270621
1030	MUSKY	0.2109223178454808	0.42131460138729643
1068	MUSKY	0.45745462604931425	0.7111445580210004
6137	MUSKY	0.4055526213986533	0.685444712638855
6505	MUSKY	0.3619706332683563	0.6195972646985736
6753	MUSKY	0.24933186386312758	0.4832808290209089
7119	MUSKY	0.20590033488614218	0.4285648592880794
7288	MUSKY	0.22488195981298173	0.43339722071375164
7792	MUSKY	0.23238382169178554	0.48782329899924143
8363	MUSKY	0.2049823020185743	0.4503085698400225
8785	MUSKY	0.1796140628201621	0.40344601018088205
8914	MUSKY	0.20286824234894343	0.4642218351364136
10797	MUSKY	0.27069665278707233	0.5301302926880973
12297	MUSKY	0.2335291760308402	0.46901075329099384
13187	MUSKY	0.14172078669071198	0.3367861637047359
31246	MUSKY	0.16123158165386745	0.34949249029159546
31252	MUSKY	0.322785952261516	0.5971055371420724
61209	MUSKY	0.24289540094988687	0.5107369635786329
61945	MUSKY	0.3875455302851541	0.68442417042596
62144	MUSKY	0.4200821561472757	0.7090538229261126
62374	MUSKY	0.32563598241124836	0.5802091104643685
62378	MUSKY	0.14918227706636703	0.4024403520992824
62572	MUSKY	0.1773775081549372	0.3756628930568695
78925	MUSKY	0.34855082631111145	0.6181516051292419
638014	MUSKY	0.2502245839153017	0.5005173555442265
643820	MUSKY	0.1622284139905657	0.3656022208077567
5362588	MUSKY	0.20037635947976792	0.40561594707625254
5365049	MUSKY	0.15312389603682927	0.34017529232161386
6429333	MUSKY	0.18874073454311915	0.40744325518608093
5780	MUSKY	0.1828362217971257	0.383830121585301
7500	MUSKY	0.29704552037375315	0.5532625530447278
439570	MUSKY	0.15683897584676743	0.373098475592477
440967	MUSKY	0.17319054582289287	0.4133270425455911
16220109	MUSKY	0.1949258723429271	0.4096866931234087
176	SWEATY	0.1574530495064599	0.31364057532378603
240	SWEATY	0.11797579271452767	0.27318012714385986
243	SWEATY	0.13010803397212709	0.2958596093314035
244	SWEATY	0.15180768711226328	0.36341494747570585
261	SWEATY	0.2873544565268925	0.4968279131821224
325	SWEATY	0.0999369163598333	0.22665663915021078
454	SWEATY	0.18195725977420807	0.37500802108219694
994	SWEATY	0.18562312424182892	0.40209325722285677
1030	SWEATY	0.10555665727172579	0.24124287920338766
1068	SWEATY	0.32632160612515043	0.5930933441434588
6137	SWEATY	0.2521665947777884	0.5043917638914925
6505	SWEATY	0.2487283434186663	0.5044698076588767
6753	SWEATY	0.1209125082407679	0.2693663622651781
7119	SWEATY	0.10030627569981984	0.2584575414657593
7288	SWEATY	0.12294614634343556	0.28897432344300406
7792	SWEATY	0.14432450064591	0.35876576389585224
8363	SWEATY	0.10271677907024111	0.27495722259793964
8785	SWEATY	0.11528502298252923	0.3094426393508911
8914	SWEATY	0.08839451947382518	0.26579966715403963
10797	SWEATY	0.1324546156185014	0.3369218579360417
12297	SWEATY	0.15747569927147456	0.34358019062450956
13187	SWEATY	0.08498573409659523	0.24392671244485037
31246	SWEATY	0.08253965473600797	0.20663140075547354
31252	SWEATY	0.14669049850531987	0.36996801836150034
61209	SWEATY	0.12314281931945256	0.31335076689720154
61945	SWEATY	0.20414376258850098	0.47300001978874207
62144	SWEATY	0.23024909624031611	0.497161009481975
62374	SWEATY	0.18175522770200456	0.3682298447404589
62378	SWEATY	0.08746714677129473	0.29125483546938213
62572	SWEATY	0.12380736640521459	0.266018807888031
78925	SWEATY	0.20559847142015183	0.4448078530175345
638014	SWEATY	0.15200642602784292	0.35545019592557636
643820	SWEATY	0.09708372397082192	0.24129133777959005
5362588	SWEATY	0.11210337281227112	0.27843753354890005
5365049	SWEATY	0.09211211225816182	0.29840652431760517
6429333	SWEATY	0.0855139781321798	0.23471184713499887
5780	SWEATY	0.09887425814356122	0.22025538768087113
7500	SWEATY	0.16629679926804133	0.3628654309681484
439570	SWEATY	0.05921089117016111	0.19234880805015564
440967	SWEATY	0.08332226265754018	0.19751147712979997
16220109	SWEATY	0.10984895591224943	0.30467537684100016
176	AMMONIA/URINOUS	0.18098628946713038	0.2610906660556793
240	AMMONIA/URINOUS	0.4324426225253514	0.4993850886821747
243	AMMONIA/URINOUS	0.3329946207148688	0.44428332788603647
244	AMMONIA/URINOUS	0.31609105850969044	0.41020987715039936
261	AMMONIA/URINOUS	0.30938813516071867	0.40046967778887066
325	AMMONIA/URINOUS	0.1905321947165898	0.27549681067466736
454	AMMONIA/URINOUS	0.377594598702022	0.4841653364045279
994	AMMONIA/URINOUS	0.2976456199373518	0.39991078632218496
1030	AMMONIA/URINOUS	0.23626234914575303	0.32641872337886263
1068	AMMONIA/URINOUS	0.4427831768989563	0.5303345407758441
6137	AMMONIA/URINOUS	0.45466701473508564	0.5547728879111153
6505	AMMONIA/URINOUS	0.3459805335317339	0.4633915296622685
6753	AMMONIA/URINOUS	0.22680638943399703	0.2950713464191982
7119	AMMONIA/URINOUS	0.36560655917440144	0.4711988057409014
7288	AMMONIA/URINOUS	0.5119088845593589	0.5893446803092957
7792	AMMONIA/URINOUS	0.41611102649143766	0.5523737158094134
8363	AMMONIA/URINOUS	0.21140538794653757	0.33226126432418823
8785	AMMONIA/URINOUS	0.24916280806064606	0.35420640451567514
8914	AMMONIA/URINOUS	0.5868187759603772	0.7053736363138471
10797	AMMONIA/URINOUS	0.27873251906463076	0.3762089099202837
12297	AMMONIA/URINOUS	0.5093466171196529	0.6056552486760276
13187	AMMONIA/URINOUS	0.2601952829531261	0.3492911159992218
31246	AMMONIA/URINOUS	0.26260452823979513	0.3535677364894322
31252	AMMONIA/URINOUS	0.3548118940421513	0.4798878644193922
61209	AMMONIA/URINOUS	0.3164564732994352	0.41395348736218046
61945	AMMONIA/URINOUS	0.36884077531950815	0.5228001432759422
62144	AMMONIA/URINOUS	0.4609640155519758	0.5891326325280326
62374	AMMONIA/URINOUS	0.4008052519389561	0.5186979940959385
62378	AMMONIA/URINOUS	0.294393322297505	0.39548483916691374
62572	AMMONIA/URINOUS	0.19906902951853617	0.29923291717256817
78925	AMMONIA/URINOUS	0.39264753460884094	0.47844795669828144
638014	AMMONIA/URINOUS	0.2405634479863303	0.3732875202383314
643820	AMMONIA/URINOUS	0.3335398733615875	0.4212833515235356
5362588	AMMONIA/URINOUS	0.23992390930652618	0.31678355591637747
5365049	AMMONIA/URINOUS	0.18786554038524628	0.23444847336837224
6429333	AMMONIA/URINOUS	0.2774140941245215	0.3640470164162772
5780	AMMONIA/URINOUS	0.23986391936029708	0.30680152773857117
7500	AMMONIA/URINOUS	0.5997849873134068	0.6836444054331098
439570	AMMONIA/URINOUS	0.43509414366313387	0.5798103724207196
440967	AMMONIA/URINOUS	0.4297772092478616	0.5367319413593837
16220109	AMMONIA/URINOUS	0.21260955504008702	0.28886692013059345
176	DECAYED	0.07568476189460073	0.27473952940532137
240	DECAYED	0.06292035271014486	0.28484974588666645
243	DECAYED	0.0848919004201889	0.3285057544708252
244	DECAYED	0.09569239456738744	0.3658177767481123
261	DECAYED	0.1517941015107291	0.4549743447984968
325	DECAYED	0.05426409574491637	0.27649944169180735
454	DECAYED	0.11030425450631551	0.35262295603752136
994	DECAYED	0.10007082138742719	0.34129480378968374
1030	DECAYED	0.06231811695865223	0.26558893067496164
1068	DECAYED	0.23943795902388437	0.5809613466262817
6137	DECAYED	0.24470320769718715	0.569346913269588
6505	DECAYED	0.11981722393206187	0.38339405400412424
6753	DECAYED	0.07258688126291547	0.28798733013016836
7119	DECAYED	0.06906261135424886	0.28807162599904196
7288	DECAYED	0.07809820771217346	0.34875292011669706
7792	DECAYED	0.08052379957267217	0.302897321326392
8363	DECAYED	0.07124891025679451	0.26315153922353474
8785	DECAYED	0.06892526894807816	0.31988256743976046
8914	DECAYED	0.02295609809724348	0.2640059526477541
10797	DECAYED	0.08257110949073519	0.3166613493646894
12297	DECAYED	0.10056617536715098	0.3652952994619097
13187	DECAYED	0.05004053456442697	0.26554230068411144
31246	DECAYED	0.060193852122340887	0.3121224514075688
31252	DECAYED	0.11493989080190659	0.38433547956602915
61209	DECAYED	0.0713792150574071	0.299379506281444
61945	DECAYED	0.19059206119605474	0.4949366705758231
62144	DECAYED	0.2596456983259746	0.6118924788066319
62374	DECAYED	0.11681329246078219	0.38243905561310904
62378	DECAYED	0.04804364698273795	0.2422021393265043
62572	DECAYED	0.07173507660627365	0.31838883246694294
78925	DECAYED	0.23482146433421544	0.574004807642528
638014	DECAYED	0.06793962897998947	0.3171525980745043
643820	DECAYED	0.04116909205913544	0.19690376307283128
5362588	DECAYED	0.08724887349775859	0.35645048533167156
5365049	DECAYED	0.061473174286740165	0.33811451281820026
6429333	DECAYED	0.0682968981564045	0.2649273638214384
5780	DECAYED	0.06828176310019833	0.255447262099811
7500	DECAYED	0.09906787744590215	0.3601384631225041
439570	DECAYED	0.06699252022164208	0.33169280205454144
440967	DECAYED	0.0693963382925306	0.2908622281891959
16220109	DECAYED	0.06890239247253963	0.3031898353781019
176	WOOD	0.2068063978637968	0.35270740730421885
240	WOOD	0.1787819926227842	0.33055726119450163
243	WOOD	0.19471990636416844	0.3444018917424338
244	WOOD	0.1998563983610698	0.37394218359674725
261	WOOD	0.15029942776475633	0.263106107711792
325	WOOD	0.343485917363848	0.5669136984007699
454	WOOD	0.29386176807539804	0.48144258345876423
994	WOOD	0.20097340430532182	0.34836684806006296
1030	WOOD	0.23921024799346924	0.36202098216329304
1068	WOOD	0.16810674433197295	0.31404005416802
6137	WOOD	0.2777464347226279	0.4712651755128588
6505	WOOD	0.1943662166595459	0.3711624911853245
6753	WOOD	0.3234844463212149	0.5181114077568054
7119	WOOD	0.19337014641080583	0.32946536796433584
7288	WOOD	0.15594122026647841	0.28034471188272747
7792	WOOD	0.20571315927164896	0.3998550772666931
8363	WOOD	0.1006212830543518	0.2123755450759615
8785	WOOD	0.0878363416663238	0.1877106215272631
8914	WOOD	0.2074412852525711	0.34344588432993206
10797	WOOD	0.30226644447871615	0.4795246592589787
12297	WOOD	0.16101653980357306	0.3105447803224836
13187	WOOD	0.20777282970292227	0.3752183360712869
31246	WOOD	0.09935740594352994	0.19001678483826773
31252	WOOD	0.39514244879995075	0.5612229704856873
61209	WOOD	0.21507263822214945	0.37364910330091206
61945	WOOD	0.40666440555027555	0.6199557781219482
62144	WOOD	0.25051667434828623	0.446107132094247
62374	WOOD	0.35186459336962017	0.5521108848708016
62378	WOOD	0.17221831849643163	0.3768250473908016
62572	WOOD	0.12288844904729299	0.22532753433500016
78925	WOOD	0.1097298732825688	0.24610756763390132
638014	WOOD	0.2438259678227561	0.44924308146749226
643820	WOOD	0.25654304240431103	0.4159932349409376
5362588	WOOD	0.16836435241358622	0.316265595810754
5365049	WOOD	0.09701720465506826	0.24325343540736608
6429333	WOOD	0.17969760937350138	0.34746164083480835
5780	WOOD	0.2602908675159727	0.3965514046805246
7500	WOOD	0.2964168190956116	0.46360827343804495
439570	WOOD	0.33645620942115784	0.5292412383215768
440967	WOOD	0.3170111817973001	0.49112403818539213
16220109	WOOD	0.16254570867334092	0.35533990604536875
176	GRASS	0.10120811952011925	0.23545848046030318
240	GRASS	0.03101406858435699	0.17020676923649652
243	GRASS	0.06304280140570231	0.19404586936746324
244	GRASS	0.14740756792681559	0.34185672657830374
261	GRASS	0.05910347029566765	0.20743577182292938
325	GRASS	0.113892740969147	0.2786589435168675
454	GRASS	0.0775735644357545	0.2501527965068817
994	GRASS	0.07449097026671682	0.20758164993354253
1030	GRASS	0.07300936590347971	0.19598881474563054
1068	GRASS	0.08453419432044029	0.2124807217291423
6137	GRASS	0.04979656104530607	0.2013373864548547
6505	GRASS	0.04979220325393336	0.15966007432767323
6753	GRASS	0.09150845238140651	0.2525217426674707
7119	GRASS	0.08169485788260188	0.255962746483939
7288	GRASS	0.027832099901778356	0.1503017938562802
7792	GRASS	0.0841456481388637	0.2702340121780123
8363	GRASS	0.0517920008195298	0.15096525635038102
8785	GRASS	0.15304421314171382	0.29531500594956533
8914	GRASS	0.04643136795078005	0.25224335704530987
10797	GRASS	0.1430681816169194	0.32332038027899607
12297	GRASS	0.11660456763846534	0.29846947533743723
13187	GRASS	0.06884713098406792	0.22580198730741227
31246	GRASS	0.026364042290619442	0.15470656965460097
31252	GRASS	0.12786199897527695	0.30312142414706095
61209	GRASS	0.009440099820494652	0.12505852856806346
61945	GRASS	0.05125717792127814	0.2218547293118068
62144	GRASS	0.03184806794992515	0.1790956471647535
62374	GRASS	0.08718030633670944	0.2645719647407532
62378	GRASS	0.09870649129152298	0.2679135522672108
62572	GRASS	0.1020242188658033	0.25625852814742495
78925	GRASS	0.08131243767482894	0.2058369985648564
638014	GRASS	0.12159812663282667	0.35070321389607023
643820	GRASS	0.1845558456012181	0.41798398750168936
5362588	GRASS	0.13599430663245066	0.29427005989210947
5365049	GRASS	0.37163856625556946	0.5770560503005981
6429333	GRASS	0.08291654288768768	0.23900683862822397
5780	GRASS	0.0698085001536778	0.21397961463247026
7500	GRASS	0.09358833836657661	0.2520221791097096
439570	GRASS	0.13845395403248922	0.3333986358983176
440967	GRASS	0.13414654667888368	0.3680607080459595
16220109	GRASS	0.2669051928179605	0.470379433461598
176	FLOWER	0.17811922941889083	0.36747214623859953
240	FLOWER	0.16476805827447347	0.3514187974589212
243	FLOWER	0.16907556780747005	0.339412659406662
244	FLOWER	0.2260728840317045	0.44025713205337524
261	FLOWER	0.12951626202889852	0.29262371574129376
325	FLOWER	0.10702892712184361	0.290291713816779
454	FLOWER	0.08666781229632241	0.24157671417508805
994	FLOWER	0.13591552206448146	0.37250898139817373
1030	FLOWER	0.13467748037406377	0.33421036175319124
1068	FLOWER	0.053526836314371655	0.13507625779935292
6137	FLOWER	0.03604791313409805	0.1285641704286848
6505	FLOWER	0.09091044164129666	0.2385765165090561
6753	FLOWER	0.2523476076977594	0.415689549275807
7119	FLOWER	0.2489436055932726	0.4433724156447819
7288	FLOWER	0.09520508029631206	0.24322479111807688
7792	FLOWER	0.2732331412179129	0.4961058923176357
8363	FLOWER	0.36771389842033386	0.6100179808480399
8785	FLOWER	0.3366543310029166	0.590033403464726
8914	FLOWER	0.2518333579812731	0.43280403103147236
10797	FLOWER	0.12335895427635737	0.28455793857574463
12297	FLOWER	0.1038482135960034	0.26768481518541065
13187	FLOWER	0.2519209257193974	0.45967490332467215
31246	FLOWER	0.19819006749561854	0.41198047144072397
31252	FLOWER	0.051484208554029465	0.1927427053451538
61209	FLOWER	0.09042648119585854	0.31851580313273836
61945	FLOWER	0.0027598674808229718	0.09485836486731257
62144	FLOWER	-0.001021411269903183	0.03753115236759186
62374	FLOWER	0.10886066247309957	0.2593750613076346
62378	FLOWER	0.38972731147493633	0.5974166904176984
62572	FLOWER	0.22059006350381033	0.44130456873348783
78925	FLOWER	0.07154962101152965	0.17194205416100367
638014	FLOWER	0.43559905886650085	0.5429889559745789
643820	FLOWER	0.34202663813318523	0.5347522028854915
5362588	FLOWER	0.1826886726277215	0.4126793827329363
5365049	FLOWER	0.2335524239710399	0.4662157339709146
6429333	FLOWER	0.19685624539852142	0.40614590474537443
5780	FLOWER	0.11408565086977822	0.32941190685544697
7500	FLOWER	0.0629421052123819	0.17649561592510768
439570	FLOWER	0.13148330364908492	0.3364230351788657
440967	FLOWER	0.11139049168143954	0.3135589616639273
16220109	FLOWER	0.17993201528276717	0.38916618057659697
176	CHEMICAL	0.1738287934235164	0.45389966879572186
240	CHEMICAL	0.45998253992625643	0.6550971865653992
243	CHEMICAL	0.38074019977024626	0.6496787582124982
244	CHEMICAL	0.3369784482887813	0.5975082686969212
261	CHEMICAL	0.21597819030284882	0.49643356459481375
325	CHEMICAL	0.2854525532041277	0.5438688312258039
454	CHEMICAL	0.3656471201351711	0.6472869174821037
994	CHEMICAL	0.16468822956085205	0.44208722029413494
1030	CHEMICAL	0.23972143232822418	0.5334707881723132
1068	CHEMICAL	0.19352272152900696	0.5237058528832027
6137	CHEMICAL	0.2352526124034609	0.5586193374225071
6505	CHEMICAL	0.24693059708390916	0.5381065266472953
6753	CHEMICAL	0.2461420042174203	0.4929530365126474
7119	CHEMICAL	0.43535938007490976	0.6917479378836495
7288	CHEMICAL	0.5985388670648847	0.7839289648192269
7792	CHEMICAL	0.40229553409985136	0.6567646265029907
8363	CHEMICAL	0.25524188578128815	0.5442489896501813
8785	CHEMICAL	0.35326854246003286	0.6168739795684814
8914	CHEMICAL	0.6820546814373561	0.9258096814155579
10797	CHEMICAL	0.301688620022365	0.5615243230547223
12297	CHEMICAL	0.5993460629667554	0.8032675044877189
13187	CHEMICAL	0.3174524562699454	0.5794708473341805
31246	CHEMICAL	0.33444586396217346	0.5925717013222831
31252	CHEMICAL	0.3232483778681074	0.5896018402917045
61209	CHEMICAL	0.23424285224505834	0.4586551572595324
61945	CHEMICAL	0.24889148133141653	0.5181204889501844
62144	CHEMICAL	0.2325241310255868	0.5511908871786935
62374	CHEMICAL	0.37613187943186077	0.6341915556362697
62378	CHEMICAL	0.32297758970941814	0.5668075340134757
62572	CHEMICAL	0.24794598988124303	0.531124085187912
78925	CHEMICAL	0.18013674446514674	0.494337797164917
638014	CHEMICAL	0.23561887443065643	0.46147686668804716
643820	CHEMICAL	0.36554032989910673	0.610069922038487
5362588	CHEMICAL	0.2924525354589735	0.5604422007288251
5365049	CHEMICAL	0.19463905904974257	0.4996008702686855
6429333	CHEMICAL	0.2917573941605432	0.5468220157282693
5780	CHEMICAL	0.2616831191948482	0.5006379783153534
7500	CHEMICAL	0.6781643288476127	0.8523934483528137
439570	CHEMICAL	0.5267393801893506	0.8248862198420933
440967	CHEMICAL	0.6006630999701363	0.7861096092632839
16220109	CHEMICAL	0.2517576834985188	0.5277668706008366
