oID	descriptor	value	sigma
180	INTENSITY/STRENGTH	0.12146487353103501	0.5489610518727984
264	INTENSITY/STRENGTH	0.3441102291856493	0.6844565527779716
702	INTENSITY/STRENGTH	0.13435982753123557	0.5146775926862445
1031	INTENSITY/STRENGTH	0.1526221207209996	0.5350743063858577
3102	INTENSITY/STRENGTH	0.29218878064836773	0.5950341394969395
3314	INTENSITY/STRENGTH	0.2759972981044224	0.6127059544835772
6506	INTENSITY/STRENGTH	0.2426740335566657	0.6233381884438651
6544	INTENSITY/STRENGTH	0.4962026945182255	0.6607085977281842
6561	INTENSITY/STRENGTH	0.31097215839794706	0.6387425831386021
7092	INTENSITY/STRENGTH	0.4354056715965271	0.6133807046072823
7302	INTENSITY/STRENGTH	0.46696620753833223	0.6393650685037885
7476	INTENSITY/STRENGTH	0.5166890323162079	0.7037873779024396
7559	INTENSITY/STRENGTH	0.503147291285651	0.7170792903218951
7657	INTENSITY/STRENGTH	0.3437372488634927	0.6149419546127319
7770	INTENSITY/STRENGTH	0.5829497150012425	0.692226597240993
7793	INTENSITY/STRENGTH	0.40340533001082285	0.6688550710678101
7797	INTENSITY/STRENGTH	0.5910577859197345	0.6855160423687526
8025	INTENSITY/STRENGTH	0.23915985226631165	0.5808004822049823
8049	INTENSITY/STRENGTH	0.1641997109566416	0.558566859790257
8094	INTENSITY/STRENGTH	0.40793190257889883	0.6227271216256278
8419	INTENSITY/STRENGTH	0.3861636774880545	0.7177736418587821
8438	INTENSITY/STRENGTH	0.42445567675999235	0.694290680544717
8468	INTENSITY/STRENGTH	0.22940328930105483	0.6213850378990173
8815	INTENSITY/STRENGTH	0.4290179950850351	0.5964347038950238
8878	INTENSITY/STRENGTH	0.5458222925662994	0.720907483782087
9012	INTENSITY/STRENGTH	0.5432917645999363	0.6371800473758152
10886	INTENSITY/STRENGTH	0.36907426374299185	0.6498972943850926
11567	INTENSITY/STRENGTH	0.6078243681362697	0.6636377062116351
12020	INTENSITY/STRENGTH	0.3371476190430777	0.617205125944955
12265	INTENSITY/STRENGTH	0.323196108852114	0.6091833284923008
12377	INTENSITY/STRENGTH	0.40967391644205364	0.5134510270186833
16537	INTENSITY/STRENGTH	0.35886496731213163	0.6691047464098249
17898	INTENSITY/STRENGTH	0.46633061340876986	0.6355665581566947
18467	INTENSITY/STRENGTH	0.37141786941460203	0.6059443354606628
21363	INTENSITY/STRENGTH	0.44474888273647856	0.6754959055355617
27440	INTENSITY/STRENGTH	0.6278169495718819	0.689617999962398
31219	INTENSITY/STRENGTH	0.4592307891164507	0.7049070341246468
31276	INTENSITY/STRENGTH	0.5569619621549334	0.7002933195659092
31283	INTENSITY/STRENGTH	0.15175866867814744	0.490446537733078
60998	INTENSITY/STRENGTH	0.3605880652155195	0.6735184703554425
61523	INTENSITY/STRENGTH	0.38828584126063753	0.7042600001607623
62351	INTENSITY/STRENGTH	0.3472912183829716	0.5904630592891148
62465	INTENSITY/STRENGTH	0.3080809542110988	0.6690441540309361
251531	INTENSITY/STRENGTH	0.09076880503978048	0.5144445683274951
440917	INTENSITY/STRENGTH	0.27634845674037933	0.6012893489428929
637758	INTENSITY/STRENGTH	0.4290568104812077	0.7662702117647443
1549025	INTENSITY/STRENGTH	0.13642008283308574	0.5632152727672032
2733294	INTENSITY/STRENGTH	0.6469604628426688	0.7099359120641436
5281167	INTENSITY/STRENGTH	0.5170998232705253	0.7045821036611285
5281168	INTENSITY/STRENGTH	0.4696350906576429	0.6766193423952375
5318599	INTENSITY/STRENGTH	0.49441067235810415	0.7015368682997567
5352837	INTENSITY/STRENGTH	0.5296281405857631	0.7057355642318726
5364231	INTENSITY/STRENGTH	0.462892438684191	0.695168844291142
262	INTENSITY/STRENGTH	0.24760786976133073	0.5882303203855243
323	INTENSITY/STRENGTH	0.500379856143679	0.7044074790818351
750	INTENSITY/STRENGTH	0.18535905863557542	0.4789230780942099
753	INTENSITY/STRENGTH	0.18199675849505834	0.58762868813106
962	INTENSITY/STRENGTH	0.21526652787412917	0.5667281193392617
5862	INTENSITY/STRENGTH	0.26006472962243216	0.562973507813045
5962	INTENSITY/STRENGTH	0.2835638352802822	0.5894403202193124
6274	INTENSITY/STRENGTH	0.20781897008419037	0.555036050932748
6322	INTENSITY/STRENGTH	0.189327458185809	0.5312979604516711
6669	INTENSITY/STRENGTH	0.1623206628220422	0.5003578748021807
7137	INTENSITY/STRENGTH	0.49621717418943134	0.7119236843926566
15654	INTENSITY/STRENGTH	0.3097530007362366	0.5963199649538312
62089	INTENSITY/STRENGTH	0.4754802371774401	0.6476432085037231
853433	INTENSITY/STRENGTH	0.34145104246480124	0.6468385543142047
5371102	INTENSITY/STRENGTH	0.341778610433851	0.6932203429085868
10857465	INTENSITY/STRENGTH	0.16927387991121837	0.6838838798659188
180	VALENCE/PLEASANTNESS	0.4441316638674055	0.5579464265278408
264	VALENCE/PLEASANTNESS	0.27035691269806456	0.48328639354024616
702	VALENCE/PLEASANTNESS	0.5228493809700012	0.5673021333558219
1031	VALENCE/PLEASANTNESS	0.44118531686919077	0.5578094380242484
3102	VALENCE/PLEASANTNESS	0.4703987581389291	0.607588393347604
3314	VALENCE/PLEASANTNESS	0.589755083833422	0.6066984278815133
6506	VALENCE/PLEASANTNESS	0.4114316531590053	0.5599110977990287
6544	VALENCE/PLEASANTNESS	0.39554274507931303	0.5832540222576686
6561	VALENCE/PLEASANTNESS	0.3568718731403351	0.5589319808142525
7092	VALENCE/PLEASANTNESS	0.5713412250791278	0.6724286760602679
7302	VALENCE/PLEASANTNESS	0.40160204683031353	0.6104476026126316
7476	VALENCE/PLEASANTNESS	0.6300158500671387	0.6432612112590245
7559	VALENCE/PLEASANTNESS	0.5954003419194903	0.737853297165462
7657	VALENCE/PLEASANTNESS	0.451310647385461	0.5932189311300006
7770	VALENCE/PLEASANTNESS	0.662831323487418	0.6638792157173157
7793	VALENCE/PLEASANTNESS	0.6250272222927639	0.5991278205599103
7797	VALENCE/PLEASANTNESS	0.7633944153785706	0.6710500376565116
8025	VALENCE/PLEASANTNESS	0.5297975710460118	0.598644529070173
8049	VALENCE/PLEASANTNESS	0.5682054928370884	0.5804398911339896
8094	VALENCE/PLEASANTNESS	0.2862784372908728	0.43949471201215473
8419	VALENCE/PLEASANTNESS	0.6965687445231846	0.597695563520704
8438	VALENCE/PLEASANTNESS	0.6886537841388157	0.6268571444920131
8468	VALENCE/PLEASANTNESS	0.5390455382210868	0.6136692847524371
8815	VALENCE/PLEASANTNESS	0.5685304403305054	0.60506101165499
8878	VALENCE/PLEASANTNESS	0.6958707060132708	0.6400863953999111
9012	VALENCE/PLEASANTNESS	0.25484319031238556	0.5341483013970512
10886	VALENCE/PLEASANTNESS	0.5126587152481079	0.6352158614567348
11567	VALENCE/PLEASANTNESS	0.37771464245659964	0.6336995278085981
12020	VALENCE/PLEASANTNESS	0.44031442063195364	0.586327041898455
12265	VALENCE/PLEASANTNESS	0.3700949123927525	0.5898054753031049
12377	VALENCE/PLEASANTNESS	0.3721988797187805	0.5626022645405361
16537	VALENCE/PLEASANTNESS	0.6538842575890678	0.5715889249529157
17898	VALENCE/PLEASANTNESS	0.40616489308221	0.6565259780202594
18467	VALENCE/PLEASANTNESS	0.42528195466314045	0.6124808532851083
21363	VALENCE/PLEASANTNESS	0.3219795397349766	0.5593288966587612
27440	VALENCE/PLEASANTNESS	0.3251548026289259	0.6674818907465253
31219	VALENCE/PLEASANTNESS	0.5346876467977252	0.6963743822915214
31276	VALENCE/PLEASANTNESS	0.628534734249115	0.6974277070590428
31283	VALENCE/PLEASANTNESS	0.5594226973397392	0.5345866254397801
60998	VALENCE/PLEASANTNESS	0.44909608364105225	0.683537312916347
61523	VALENCE/PLEASANTNESS	0.500092225415366	0.6753026928220477
62351	VALENCE/PLEASANTNESS	0.35155210324696134	0.5480234282357352
62465	VALENCE/PLEASANTNESS	0.5156464491571698	0.5961390137672424
251531	VALENCE/PLEASANTNESS	0.611727603844234	0.5422976315021515
440917	VALENCE/PLEASANTNESS	0.639019957610539	0.6763707484517779
637758	VALENCE/PLEASANTNESS	0.583301305770874	0.6768503359385899
1549025	VALENCE/PLEASANTNESS	0.5547053473336356	0.5067071403775897
2733294	VALENCE/PLEASANTNESS	0.6742619276046753	0.7312368835721698
5281167	VALENCE/PLEASANTNESS	0.5229736396244594	0.7005871023450579
5281168	VALENCE/PLEASANTNESS	0.38122135400772095	0.5646039843559265
5318599	VALENCE/PLEASANTNESS	0.4656183677060263	0.6427059429032462
5352837	VALENCE/PLEASANTNESS	0.5690802506038121	0.6989793266568866
5364231	VALENCE/PLEASANTNESS	0.489784836769104	0.6618318217141288
262	VALENCE/PLEASANTNESS	0.5033228312219892	0.587916910648346
323	VALENCE/PLEASANTNESS	0.6160896505628314	0.7060496125902448
750	VALENCE/PLEASANTNESS	0.5145369001797268	0.6140635865075248
753	VALENCE/PLEASANTNESS	0.5129750200680324	0.58881128685815
962	VALENCE/PLEASANTNESS	0.535786475454058	0.583385135446276
5862	VALENCE/PLEASANTNESS	0.43792265227862764	0.6247552292687553
5962	VALENCE/PLEASANTNESS	0.40083499039922443	0.6371892094612122
6274	VALENCE/PLEASANTNESS	0.4831008698259081	0.6084224922316415
6322	VALENCE/PLEASANTNESS	0.4751650265284947	0.6217612028121948
6669	VALENCE/PLEASANTNESS	0.666906476020813	0.5811910799571446
7137	VALENCE/PLEASANTNESS	0.7011857032775879	0.6155824405806405
15654	VALENCE/PLEASANTNESS	0.40937537380627226	0.6113209213529315
62089	VALENCE/PLEASANTNESS	0.27056148861135754	0.47897050636155264
853433	VALENCE/PLEASANTNESS	0.6223275831767491	0.6112603970936367
5371102	VALENCE/PLEASANTNESS	0.49793241705213276	0.5929468614714486
10857465	VALENCE/PLEASANTNESS	0.4622618130275181	0.6157591087477547
180	BAKERY	0.08892407906906945	0.28440030557768686
264	BAKERY	0.059852397202381065	0.14063470917088644
702	BAKERY	0.10656186512538365	0.31044818248067585
1031	BAKERY	0.08331519684621266	0.25755911214011057
3102	BAKERY	0.054048706378255575	0.18890401933874404
3314	BAKERY	0.18406438614640916	0.5112141583647046
6506	BAKERY	0.07591902943594116	0.27794927784374784
6544	BAKERY	0.024817793630063534	0.1533168117914881
6561	BAKERY	0.05898442917636463	0.2023023877825056
7092	BAKERY	0.13978554947035654	0.4244630294186728
7302	BAKERY	0.11658277149711337	0.3385717762368066
7476	BAKERY	0.11889062875083514	0.3496877806527274
7559	BAKERY	0.06547946642552104	0.2832438903195517
7657	BAKERY	0.045889537781476974	0.18882480263710022
7770	BAKERY	0.12867032949413573	0.410282096692494
7793	BAKERY	0.08205664636833328	0.22510171362331935
7797	BAKERY	0.1308812296816281	0.39054329480443684
8025	BAKERY	0.10857003182172775	0.33479775701250347
8049	BAKERY	0.13275484953607833	0.3732976274830954
8094	BAKERY	0.026503399413611208	0.11404374241828918
8419	BAKERY	0.33139642647334505	0.6080104027475629
8438	BAKERY	0.2590438446828297	0.5562055706977844
8468	BAKERY	0.14512198737689427	0.41100978425570894
8815	BAKERY	0.09593177906104497	0.30815212641443523
8878	BAKERY	0.14694971697671072	0.42046937346458435
9012	BAKERY	0.06082364384617124	0.24690250200884684
10886	BAKERY	0.08354964745896203	0.27138532272406984
11567	BAKERY	0.03944505312080894	0.17914301795618875
12020	BAKERY	0.06945884440626417	0.22768981754779816
12265	BAKERY	0.057360833776848655	0.2246841937303543
12377	BAKERY	0.06486964491861207	0.23072256786482676
16537	BAKERY	0.02967219374009541	0.14324542667184556
17898	BAKERY	0.15399146612201417	0.4548279855932508
18467	BAKERY	0.13809916164193833	0.4031828045845032
21363	BAKERY	0.08546788032565798	0.24920435888426645
27440	BAKERY	0.09871115854808263	0.330605434519904
31219	BAKERY	0.06062358724219458	0.25044577036585125
31276	BAKERY	0.08648524859121867	0.33497423785073416
31283	BAKERY	0.14520124239580973	0.360844292810985
60998	BAKERY	0.09128655280385699	0.30154515164239065
61523	BAKERY	0.028238550227667605	0.1242884269782475
62351	BAKERY	0.07834243561540331	0.2882346830197743
62465	BAKERY	0.16199072769709996	0.402056804725102
251531	BAKERY	0.07136868898357664	0.20078427238123758
440917	BAKERY	0.040767960782561986	0.22190265357494354
637758	BAKERY	0.11986847328288215	0.3560797486986433
1549025	BAKERY	0.11027456074953079	0.31406268903187345
2733294	BAKERY	0.12023479810782842	0.331330452646528
5281167	BAKERY	0.0588060271527086	0.21642456948757172
5281168	BAKERY	0.035945633692400794	0.15682681117738997
5318599	BAKERY	0.04930544538157327	0.17984462422983988
5352837	BAKERY	0.07229739534003395	0.2497896764959608
5364231	BAKERY	0.07058861798473767	0.24448133366448538
262	BAKERY	0.07846605777740479	0.2689905081476484
323	BAKERY	0.21254779079130717	0.5446662306785583
750	BAKERY	0.13261930538075312	0.3983724628176008
753	BAKERY	0.11277905745165688	0.36359247139522005
962	BAKERY	0.06491726264357567	0.2476614373070853
5862	BAKERY	0.13873705906527384	0.4110204747744969
5962	BAKERY	0.10017607467515129	0.33425294501440866
6274	BAKERY	0.08927288332155772	0.3086991012096405
6322	BAKERY	0.08834927209786006	0.3124098650046757
6669	BAKERY	0.12053937997136797	0.38907578587532043
7137	BAKERY	0.24076180372919356	0.6041843805994306
15654	BAKERY	0.13373735866376332	0.4180187923567636
62089	BAKERY	0.04466430630002703	0.1418845568384443
853433	BAKERY	0.2120668664574623	0.5418032663209098
5371102	BAKERY	0.026821507140994072	0.1270022647721427
10857465	BAKERY	0.06665806525519916	0.17311782709189824
180	SWEET	0.1141485327056476	0.397247565644128
264	SWEET	0.07906773260661534	0.3100835851260594
702	SWEET	0.16770706857953752	0.45766365953854155
1031	SWEET	0.10576890302555901	0.37596794962882996
3102	SWEET	0.1312942930630275	0.40648387159620014
3314	SWEET	0.24458275948251998	0.5915954623903547
6506	SWEET	0.12051385694316455	0.39921522991997854
6544	SWEET	0.07559361149157796	0.29196870752743315
6561	SWEET	0.09326820607696261	0.37172797322273254
7092	SWEET	0.24767820537090302	0.5868907996586391
7302	SWEET	0.1299862904208047	0.4119159536702292
7476	SWEET	0.3376027303082602	0.7072313513074603
7559	SWEET	0.3566708096436092	0.7863136615071978
7657	SWEET	0.1123117565044335	0.38512722083500456
7770	SWEET	0.5565953595297677	0.8337699004581997
7793	SWEET	0.29255146213940214	0.5837686274732862
7797	SWEET	0.5811861668314252	0.8784567969185966
8025	SWEET	0.2251942072595869	0.557832522051675
8049	SWEET	0.25380587577819824	0.5796573076929364
8094	SWEET	0.07043829879590444	0.207190107022013
8419	SWEET	0.40046834094183786	0.7173915675708226
8438	SWEET	0.41153331313814434	0.7637001190866742
8468	SWEET	0.19861325408731187	0.5105542029653277
8815	SWEET	0.20514096745422908	0.4917204167161669
8878	SWEET	0.5576742972646441	0.8185805252620152
9012	SWEET	0.011500048318079539	0.12597083300352097
10886	SWEET	0.28609831418309895	0.6268782956259591
11567	SWEET	0.062028411243643077	0.3459269106388092
12020	SWEET	0.10304711971964155	0.39175785865102497
12265	SWEET	0.06712522251265389	0.3422594283308302
12377	SWEET	0.020750744534390315	0.11306862426655633
16537	SWEET	0.24571644408362253	0.5684721129281181
17898	SWEET	0.122310428747109	0.4579601671014513
18467	SWEET	0.118119549538408	0.40671663199152264
21363	SWEET	0.10226872137614659	0.3250469352517809
27440	SWEET	0.061853853187390735	0.3538168328148978
31219	SWEET	0.3078437404973166	0.7105030247143337
31276	SWEET	0.4500684525285448	0.802498825958797
31283	SWEET	0.22146248604570115	0.48323094844818115
60998	SWEET	0.20231985407216208	0.533491062266486
61523	SWEET	0.14168179035186768	0.44160904203142437
62351	SWEET	0.055150495043822696	0.23230436444282532
62465	SWEET	0.17188830780131475	0.4618912296635764
251531	SWEET	0.19728208865438188	0.5219468133790153
440917	SWEET	0.14953777832644327	0.5306125581264496
637758	SWEET	0.33748491747038706	0.7366558568818229
1549025	SWEET	0.22440157404967717	0.532405687229974
2733294	SWEET	0.4800351474966322	0.8226354377610343
5281167	SWEET	0.19656630711896078	0.5383480702127729
5281168	SWEET	0.10577005786555153	0.30588688594954355
5318599	SWEET	0.16973239396299636	0.44759551542145865
5352837	SWEET	0.2750657967158726	0.6179459605898175
5364231	SWEET	0.1843187574829374	0.48957863450050354
262	SWEET	0.1515464037656784	0.4718141555786133
323	SWEET	0.32560557978493826	0.7219478232519967
750	SWEET	0.17603819923741476	0.49046524507658823
753	SWEET	0.16493465644972666	0.4909578944955553
962	SWEET	0.15096227398940495	0.45251132760729107
5862	SWEET	0.13258505293301173	0.40736005135944914
5962	SWEET	0.11717818783862251	0.3988470009395054
6274	SWEET	0.10655818560293742	0.3863782712391445
6322	SWEET	0.11390724778175354	0.3954432947295053
6669	SWEET	0.2941944088254656	0.6419371451650348
7137	SWEET	0.448213198355266	0.8107228023665292
15654	SWEET	0.09475175717047282	0.3947288010801588
62089	SWEET	0.04049812736255782	0.14337005572659628
853433	SWEET	0.30130478739738464	0.6604427439825875
5371102	SWEET	0.13834842613765172	0.4288520174367087
10857465	SWEET	0.11224087753466197	0.3565815644604819
180	FRUIT	0.04450036372457232	0.16506347485951015
264	FRUIT	0.049391397940261025	0.2419736087322235
702	FRUIT	0.07459907872336251	0.2153470367193222
1031	FRUIT	0.029068034142255783	0.161528865141528
3102	FRUIT	0.07172539883426257	0.2597951867750713
3314	FRUIT	0.0521010056670223	0.25290595633643015
6506	FRUIT	0.06794947439006396	0.22910512558051518
6544	FRUIT	0.041734109233532636	0.18950413380350387
6561	FRUIT	0.046433904341288974	0.2150173027600561
7092	FRUIT	0.11856465999569211	0.3232018692152841
7302	FRUIT	0.050880110157387595	0.16683440655469894
7476	FRUIT	0.15528427277292525	0.443890175649098
7559	FRUIT	0.29411356363977703	0.6313819289207458
7657	FRUIT	0.08107101544737816	0.2622719577380589
7770	FRUIT	0.5250345298222133	0.7730675169399807
7793	FRUIT	0.15792810384716308	0.4232424369880131
7797	FRUIT	0.5953102622713361	0.8522740347044808
8025	FRUIT	0.12269886476652962	0.3043408180986132
8049	FRUIT	0.12781041328396117	0.33683588249342783
8094	FRUIT	0.028327881757702147	0.18460859571184432
8419	FRUIT	0.06362514463918549	0.3463763339178903
8438	FRUIT	0.15444570779800415	0.42158642411231995
8468	FRUIT	0.04212902433105877	0.2067494115659169
8815	FRUIT	0.1403436522398676	0.32043217761175974
8878	FRUIT	0.545049671615873	0.7606974584715707
9012	FRUIT	-0.006064254524452346	0.03697426031742777
10886	FRUIT	0.2641101075070245	0.526502366576876
11567	FRUIT	0.02644463229392256	0.20753630995750427
12020	FRUIT	0.031547272843973975	0.20411580801010132
12265	FRUIT	0.025110688592706407	0.16913790575095586
12377	FRUIT	0.015315320076686996	0.0006086379289627075
16537	FRUIT	0.17334804364613124	0.40576991013118197
17898	FRUIT	0.035086557801280706	0.1380917727947235
18467	FRUIT	0.034151289612054825	0.12988410251481192
21363	FRUIT	0.014577999977128846	0.15813504798071726
27440	FRUIT	0.02010087562458856	0.11886401048728398
31219	FRUIT	0.23941903454916819	0.5893235632351467
31276	FRUIT	0.42134525946208407	0.7066281182425362
31283	FRUIT	0.06245673181755202	0.2338610908814839
60998	FRUIT	0.07758283295801707	0.28793113998004366
61523	FRUIT	0.09124356188944407	0.2960833992276873
62351	FRUIT	0.016721905874354497	0.10144525447062083
62465	FRUIT	0.014833189014877592	0.18854278113160813
251531	FRUIT	0.03735608288219997	0.19736494336809432
440917	FRUIT	0.18092641873019083	0.46213744793619427
637758	FRUIT	0.18842734822205134	0.49007623961993624
1549025	FRUIT	0.13653686429773057	0.39041622621672495
2733294	FRUIT	0.5476633480616978	0.8344226649829319
5281167	FRUIT	0.20111619574683054	0.4478703737258911
5281168	FRUIT	0.07928846457174846	0.25682266482285093
5318599	FRUIT	0.15354987233877182	0.3862109822886331
5352837	FRUIT	0.26895737860883984	0.5467223439897809
5364231	FRUIT	0.17002424597740173	0.3849707118102482
262	FRUIT	0.06852706574967929	0.2626918341432299
323	FRUIT	0.13070818036794662	0.36471584013530184
750	FRUIT	0.04949241131544113	0.1703347106065069
753	FRUIT	0.05585357653243201	0.2137022124869483
962	FRUIT	0.06884065696171351	0.21949136895792826
5862	FRUIT	0.033307150804570744	0.16191486588546208
5962	FRUIT	0.028791395681244985	0.1607813494546073
6274	FRUIT	0.030505988214697157	0.12604569430862153
6322	FRUIT	0.028960252180695534	0.13247328996658325
6669	FRUIT	0.06722927785345487	0.261128442628043
7137	FRUIT	0.2375681208712714	0.48137148788997103
15654	FRUIT	0.02406176259475095	0.12270516370024
62089	FRUIT	0.0007979124784469604	0.09570150024124555
853433	FRUIT	0.07368339544960431	0.2992990357535226
5371102	FRUIT	0.0766454248556069	0.28641427414757864
10857465	FRUIT	0.011460179196936744	0.10892391949892044
180	FISH	0.0962648263999394	0.24587002396583557
264	FISH	0.16574937530926295	0.3414707737309592
702	FISH	0.07750023156404495	0.20298827120235988
1031	FISH	0.09338003503424781	0.22519166554723466
3102	FISH	0.058201950043439865	0.1409410195691245
3314	FISH	0.08629066284213747	0.17211352501596724
6506	FISH	0.09987422291721616	0.235344403556415
6544	FISH	0.09373594288315092	0.18619162270001002
6561	FISH	0.12407965851681572	0.268336404647146
7092	FISH	0.0538653348173414	0.13640473357268743
7302	FISH	0.11973083338567189	0.2355333183492933
7476	FISH	0.0841680397944791	0.1817511362688882
7559	FISH	0.0428670197725296	0.12055422897849764
7657	FISH	0.09459462016820908	0.23750169575214386
7770	FISH	0.05356155974524362	0.13485922983714513
7793	FISH	0.030273593430008208	0.09983293499265398
7797	FISH	0.0358804427087307	0.08850671989577157
8025	FISH	0.06792824023536273	0.17499264010361262
8049	FISH	0.041154464174594195	0.15060838950531824
8094	FISH	0.12464096610035215	0.3021933819566454
8419	FISH	0.07652264301265989	0.15261932356016977
8438	FISH	0.04802519828081131	0.11511984893253871
8468	FISH	0.07364770929728236	0.12794186068432672
8815	FISH	0.08350067798580442	0.2234875432082585
8878	FISH	0.05209808370896748	0.1265527116400855
9012	FISH	0.27616592815944124	0.5303534609930856
10886	FISH	0.07040588025535856	0.1687506607600621
11567	FISH	0.05473246585045542	0.14392538155828202
12020	FISH	0.0732775160244533	0.183306308729308
12265	FISH	0.13649936658995493	0.2965567537716457
12377	FISH	0.2791463243109839	0.5263920894690922
16537	FISH	0.05936170209731374	0.1608623777117048
17898	FISH	0.10442190085138593	0.23351259103843144
18467	FISH	0.10193558888775962	0.23996141340051377
21363	FISH	0.17917642635958536	0.2987929327147348
27440	FISH	0.194081649184227	0.3937223383358547
31219	FISH	0.047499876735465865	0.13948889076709747
31276	FISH	0.0449699977678912	0.0997267844421523
31283	FISH	0.041761062507118495	0.18024790925639017
60998	FISH	0.07670953976256507	0.17088137141295842
61523	FISH	0.0859096742102078	0.21575917303562164
62351	FISH	0.2158247104712895	0.4402270955698831
62465	FISH	0.07708903987492834	0.17990514210292272
251531	FISH	0.05844774789043835	0.11714052728244237
440917	FISH	0.034448864071496894	0.07683634066155978
637758	FISH	0.059038596759949415	0.14396212569304875
1549025	FISH	0.047261214682034085	0.14520215349537985
2733294	FISH	0.06476293557456561	0.11795066722801753
5281167	FISH	0.09109771038804736	0.21695634722709656
5281168	FISH	0.15688061607735498	0.3152378797531128
5318599	FISH	0.07722548714705876	0.19240527493613108
5352837	FISH	0.05623934657445976	0.1391141638159752
5364231	FISH	0.10922679411513465	0.2466237587588174
262	FISH	0.05161423449005399	0.12499442057950157
323	FISH	0.04960158493902002	0.09155647030898503
750	FISH	0.07207484969070979	0.17361125137124742
753	FISH	0.06010500288435391	0.124611069049154
962	FISH	0.07694826966949872	0.16881117863314493
5862	FISH	0.1786981001496315	0.32890993782452177
5962	FISH	0.11876702308654785	0.25149713456630707
6274	FISH	0.08374238599623952	0.17483214608260564
6322	FISH	0.09478868278009552	0.20533810768808639
6669	FISH	0.045664290232317786	0.10411387256213597
7137	FISH	0.06332303477185112	0.12406006987605776
15654	FISH	0.13887151224272593	0.3076106437614986
62089	FISH	0.12413125378744942	0.27800456966672626
853433	FISH	0.07362195796200208	0.14421607553958893
5371102	FISH	0.09990829016481127	0.24421508823122298
10857465	FISH	0.06093052588403225	0.1687575259378978
180	GARLIC	0.12039520059313093	0.3320507747786386
264	GARLIC	0.09673978175435748	0.34711457576070515
702	GARLIC	0.11199739894696645	0.3028962399278368
1031	GARLIC	0.11309801893574851	0.30680812682424274
3102	GARLIC	0.08772394167525428	0.21808493988854544
3314	GARLIC	0.09281569453222412	0.18922804296016693
6506	GARLIC	0.09651198983192444	0.28858653136662077
6544	GARLIC	0.0944421866110393	0.23643398710659572
6561	GARLIC	0.09964333261762347	0.3034142255783081
7092	GARLIC	0.08936359946216856	0.2006133986370904
7302	GARLIC	0.13270454853773117	0.30642116495541166
7476	GARLIC	0.029859234179769243	0.1364568259034838
7559	GARLIC	0.03052831973348345	0.10776434732334954
7657	GARLIC	0.10355107699121747	0.2766764738730022
7770	GARLIC	0.04019183080111231	0.11807624463524137
7793	GARLIC	0.04624654432492597	0.17723884752818517
7797	GARLIC	0.01650758965739182	0.07246103776352746
8025	GARLIC	0.09565294640404838	0.2667005317551749
8049	GARLIC	0.073081408228193	0.2423312153135027
8094	GARLIC	0.12352700850793294	0.30938161270959036
8419	GARLIC	0.055586698332003186	0.175771740930421
8438	GARLIC	0.04206090819622789	0.1449559224503381
8468	GARLIC	0.07149233562605721	0.1891824326344899
8815	GARLIC	0.13991655941520417	0.25708628978048054
8878	GARLIC	0.048700518373932154	0.1081101553780692
9012	GARLIC	0.31861610071999685	0.5415694032396589
10886	GARLIC	0.06550389262182373	0.18547376990318298
11567	GARLIC	0.04674171922462327	0.17307028706584657
12020	GARLIC	0.10170252195426396	0.2632219216653279
12265	GARLIC	0.12936187429087503	0.3098134313310896
12377	GARLIC	0.5068270351205554	0.6654577510697501
16537	GARLIC	0.052764231605189185	0.2036073591027941
17898	GARLIC	0.13222108887774603	0.31945148749010904
18467	GARLIC	0.13046556285449437	0.3226503963981356
21363	GARLIC	0.1253401722226824	0.3007694525378091
27440	GARLIC	0.20949099319321768	0.3686698419707162
31219	GARLIC	0.04051390875663076	0.13224601106984274
31276	GARLIC	0.045915166182177405	0.11469420790672302
31283	GARLIC	0.07823565602302551	0.2867665929453714
60998	GARLIC	0.06903679668903351	0.22114036977291107
61523	GARLIC	0.14145356629576003	0.26791234740189146
62351	GARLIC	0.24326778309685843	0.4729449578693935
62465	GARLIC	0.08007648161479405	0.16560555355889456
251531	GARLIC	0.06509300640651158	0.18961755718503678
440917	GARLIC	0.055953009852341244	0.24995153716632298
637758	GARLIC	0.05483865684696606	0.15864469962460653
1549025	GARLIC	0.08829987687723977	0.2695449803556715
2733294	GARLIC	0.04379222754921232	0.09902650756495339
5281167	GARLIC	0.10772375123841423	0.23754283785820007
5281168	GARLIC	0.15573198135410035	0.31744242140225004
5318599	GARLIC	0.10780312440225057	0.20356643412794387
5352837	GARLIC	0.08492261703525271	0.16774543481213705
5364231	GARLIC	0.1579143266592707	0.28289165454251425
262	GARLIC	0.07113472798040935	0.2023120735372816
323	GARLIC	0.07481302001646586	0.16468090138265065
750	GARLIC	0.08594714158347674	0.24974386394023895
753	GARLIC	0.07774034727896963	0.21910117140838078
962	GARLIC	0.09790667040007454	0.24969611210482462
5862	GARLIC	0.17547992084707534	0.36090460419654846
5962	GARLIC	0.09488364042980331	0.2849721099649157
6274	GARLIC	0.07864059188536235	0.22697737387248448
6322	GARLIC	0.07595936900803021	0.23522853425570897
6669	GARLIC	0.04248807805457285	0.18528638992990767
7137	GARLIC	0.0614606040929045	0.1531848588160106
15654	GARLIC	0.17623794078826904	0.38700041600636076
62089	GARLIC	0.13401113769837789	0.31736639567783903
853433	GARLIC	0.07717216440609523	0.1653396976845605
5371102	GARLIC	0.08808079894099917	0.2398239948919841
10857465	GARLIC	0.05962623709014484	0.19585816987923213
180	SPICES	0.18024927377700806	0.38253016557012287
264	SPICES	0.10201817591275487	0.2892881653138569
702	SPICES	0.1926719695329666	0.38627555114882334
1031	SPICES	0.177428132721356	0.3731688005583627
3102	SPICES	0.17446445567267282	0.37337641205106464
3314	SPICES	0.41573858686855863	0.6575615746634347
6506	SPICES	0.16560844438416616	0.3729779464857919
6544	SPICES	0.27686448820999693	0.4886082964284079
6561	SPICES	0.14593105763196945	0.3470063635281154
7092	SPICES	0.369494582925524	0.5719534627028874
7302	SPICES	0.202129100050245	0.40392036523137775
7476	SPICES	0.21022830690656388	0.44291279571396963
7559	SPICES	0.15167227387428284	0.35655753527368816
7657	SPICES	0.19878744227545603	0.3974986033780234
7770	SPICES	0.10292674601078033	0.3147700386387961
7793	SPICES	0.14249244758061	0.3358663490840367
7797	SPICES	0.11193723657301494	0.3659801057406834
8025	SPICES	0.16478456556797028	0.3659848655973162
8049	SPICES	0.15936632880142756	0.36817427618162973
8094	SPICES	0.155832473720823	0.31848704389163424
8419	SPICES	0.27638562662260874	0.5415993843759809
8438	SPICES	0.26578005296843393	0.5089726277760097
8468	SPICES	0.2820356530802591	0.5026511124202183
8815	SPICES	0.37659573767866406	0.6037447580269405
8878	SPICES	0.12173224879162652	0.3580027435507093
9012	SPICES	0.2781503477266857	0.5097701847553253
10886	SPICES	0.1353322288819722	0.3463017983095987
11567	SPICES	0.1649237722158432	0.36069755469049725
12020	SPICES	0.1993825669799532	0.4036314444882529
12265	SPICES	0.19867840622152602	0.40171728815351215
12377	SPICES	0.4125183778149741	0.613023715359824
16537	SPICES	0.18548697658947536	0.39526770796094624
17898	SPICES	0.24533729468073165	0.4549270612852914
18467	SPICES	0.24457748234272003	0.4495671306337629
21363	SPICES	0.1956919687134879	0.3764586065496717
27440	SPICES	0.29370819883687155	0.5132014410836356
31219	SPICES	0.13729893948350633	0.32755246758461
31276	SPICES	0.09537545910903386	0.2769231881414141
31283	SPICES	0.14476271825177328	0.35976150206157137
60998	SPICES	0.1755265529666628	0.3816755584308079
61523	SPICES	0.20712635559695108	0.4206652513572148
62351	SPICES	0.3026869978223528	0.5126204064914158
62465	SPICES	0.3902869735445295	0.6422106793948582
251531	SPICES	0.16177816263266973	0.3018216150147574
440917	SPICES	0.32534622294562204	0.4895183656896864
637758	SPICES	0.1981091627052852	0.3708987236022949
1549025	SPICES	0.13505505344697408	0.303624410714422
2733294	SPICES	0.12456899349178586	0.3710852009909494
5281167	SPICES	0.20336451913629258	0.4438301665442331
5281168	SPICES	0.1845977838550295	0.404264224427087
5318599	SPICES	0.16952561906405858	0.40357586315699984
5352837	SPICES	0.179196440747806	0.4231440680367606
5364231	SPICES	0.22116980595248087	0.4461923709937504
262	SPICES	0.14151923145566667	0.3329107293060848
323	SPICES	0.39088822262627737	0.6151472074644906
750	SPICES	0.19205360540321895	0.3963075748511723
753	SPICES	0.19883403394903457	0.3979707828589848
962	SPICES	0.21995991468429565	0.4147650897502899
5862	SPICES	0.2324866077729634	0.4505579812186105
5962	SPICES	0.1875648604972022	0.39296441418784006
6274	SPICES	0.20758994562285288	0.4060791219983782
6322	SPICES	0.19323730043002538	0.38936758041381836
6669	SPICES	0.168477224452155	0.3923378161021641
7137	SPICES	0.3865184017590114	0.6292301160948617
15654	SPICES	0.26732141843863894	0.4730508838381086
62089	SPICES	0.18475778613771712	0.36331009439059664
853433	SPICES	0.3981841504573822	0.6465430898325784
5371102	SPICES	0.22085586190223694	0.4137803869588034
10857465	SPICES	0.2679489552974701	0.48185926250049044
180	COLD	0.2099456169775554	0.3519791194370815
264	COLD	0.18395621648856572	0.29403149230139597
702	COLD	0.22061927829469954	0.37294094051633564
1031	COLD	0.23056930090699876	0.37417555281094145
3102	COLD	0.3062461827482496	0.47084244234221323
3314	COLD	0.24265991577080318	0.42843009744371685
6506	COLD	0.20143819068159377	0.34748315811157227
6544	COLD	0.3124698145048959	0.4701858971800123
6561	COLD	0.21634077174322947	0.36077171564102173
7092	COLD	0.22634648638112204	0.38481979284967693
7302	COLD	0.20831507444381714	0.3569502021585192
7476	COLD	0.2976090354578836	0.4507904648780823
7559	COLD	0.20175211557320186	0.39374962874821257
7657	COLD	0.2370568343571254	0.37290920530046734
7770	COLD	0.22361671711717332	0.43081152013369967
7793	COLD	0.2488983337368284	0.40455433300563265
7797	COLD	0.236713673387255	0.4364223693098341
8025	COLD	0.2144910075834819	0.38626750452177866
8049	COLD	0.20885586525712693	0.3721117675304413
8094	COLD	0.15652706367628916	0.30384247643607004
8419	COLD	0.22367505303450994	0.3997632222516196
8438	COLD	0.24989120023591177	0.4257329915251051
8468	COLD	0.2660787297146661	0.42687111667224337
8815	COLD	0.22570568748882838	0.36670437455177307
8878	COLD	0.2284175774880818	0.426760162625994
9012	COLD	0.09506054807986532	0.21175069894109452
10886	COLD	0.21577684368406022	0.4076307713985443
11567	COLD	0.34055941871234346	0.5150097991739001
12020	COLD	0.2681739756039211	0.4174716089453016
12265	COLD	0.19432516183171952	0.34713510956083027
12377	COLD	0.11573274859360286	0.24414079317024776
16537	COLD	0.2921823731490544	0.44518206800733295
17898	COLD	0.17095057559864862	0.30728561111858915
18467	COLD	0.17666768708399364	0.3057439476251602
21363	COLD	0.1852913988488061	0.3205452859401703
27440	COLD	0.13119243936879293	0.27859874069690704
31219	COLD	0.22326989897659846	0.41416903478758677
31276	COLD	0.27179313770362307	0.4735462324959891
31283	COLD	0.205728109393801	0.32758247426577974
60998	COLD	0.1654956681387765	0.31666654348373413
61523	COLD	0.22522484830447606	0.39322119099753244
62351	COLD	0.12156656916652407	0.22344886192253657
62465	COLD	0.25807267001696993	0.4438164106437138
251531	COLD	0.26743858626910616	0.4250263954911913
440917	COLD	0.5664296235357013	0.6773457612310138
637758	COLD	0.2665038321699415	0.4732615734849657
1549025	COLD	0.1604661898953574	0.2970078842980521
2733294	COLD	0.19906760326453618	0.4019058517047337
5281167	COLD	0.2310435857091631	0.4133980529648917
5281168	COLD	0.17019120390926087	0.3453288418906076
5318599	COLD	0.2460165194102696	0.41967486483710154
5352837	COLD	0.24389526035104478	0.4268155310835157
5364231	COLD	0.19718208696160996	0.3659487877573286
262	COLD	0.32642797912870136	0.4780754787581308
323	COLD	0.24111483991146088	0.43763309717178345
750	COLD	0.23895918258598872	0.3911152737481253
753	COLD	0.2904561332293919	0.44855968015534536
962	COLD	0.30689085381371634	0.4493520132132939
5862	COLD	0.20434423855372838	0.3315806474004473
5962	COLD	0.2393790887934821	0.3915419450828007
6274	COLD	0.30841411437307087	0.46529085295540945
6322	COLD	0.2975497671536037	0.45567589146750315
6669	COLD	0.2327933268887656	0.39453597153936115
7137	COLD	0.21102548497063772	0.3988190506185804
15654	COLD	0.1331730612686702	0.2476326652935573
62089	COLD	0.17800821363925934	0.34437060356140137
853433	COLD	0.24910928734711238	0.4458859520299094
5371102	COLD	0.3145333741392408	0.46584612131118774
10857465	COLD	0.23797828810555594	0.4231649807521275
180	SOUR	0.3509279063769749	0.5861522299902779
264	SOUR	0.6888126390320914	0.8118660705430167
702	SOUR	0.26350800693035126	0.5104425251483917
1031	SOUR	0.3396823065621512	0.5714541843959263
3102	SOUR	0.2120369757924761	0.45238095947674345
3314	SOUR	0.14321170321532659	0.35146306242261616
6506	SOUR	0.42918770228113445	0.6567108631134033
6544	SOUR	0.2868459182126181	0.4726920085293906
6561	SOUR	0.4524745302540915	0.6567860841751099
7092	SOUR	0.16860157889979227	0.37742507457733154
7302	SOUR	0.30094675506864277	0.5304196902683803
7476	SOUR	0.14570710275854384	0.35988283157348633
7559	SOUR	0.2627437881061009	0.4868144861289433
7657	SOUR	0.24641092334474837	0.4810942794595446
7770	SOUR	0.3035440572670528	0.5500143553529467
7793	SOUR	0.2186249600989478	0.49977064984185354
7797	SOUR	0.18526052151407515	0.416190573147365
8025	SOUR	0.2609052615506308	0.5081844798156193
8049	SOUR	0.18644879758358002	0.3968997044222696
8094	SOUR	0.503584840467998	0.6434335112571716
8419	SOUR	0.12334667359079633	0.3642985650471279
8438	SOUR	0.12516669290406363	0.3435693553515843
8468	SOUR	0.18255834707192012	0.41028123668261934
8815	SOUR	0.20317598112991878	0.4099342482430594
8878	SOUR	0.23601330178124563	0.4706508048943111
9012	SOUR	0.3816778404372079	0.635782505784716
10886	SOUR	0.29602308784212383	0.532087790114539
11567	SOUR	0.19657413022858755	0.4405597150325775
12020	SOUR	0.27645967049258097	0.5064974512372699
12265	SOUR	0.267038745539529	0.5269735370363507
12377	SOUR	0.36445712191717966	0.6205055713653564
16537	SOUR	0.19547168697629655	0.4295848139694759
17898	SOUR	0.26985666368688854	0.5305296395506177
18467	SOUR	0.24775844599519456	0.4992514933858599
21363	SOUR	0.4170582209314619	0.6048362084797451
27440	SOUR	0.32813951798847746	0.5961265223366874
31219	SOUR	0.2977026913847242	0.5178064959389823
31276	SOUR	0.2370213270187378	0.47714837534087046
31283	SOUR	0.16936648317745753	0.39784325446401325
60998	SOUR	0.302215393100466	0.5176513237612588
61523	SOUR	0.26538033144814627	0.5381038103784833
62351	SOUR	0.2829349509307316	0.5294420974595206
62465	SOUR	0.15790747212512152	0.3951670527458191
251531	SOUR	0.1404453686305455	0.40110956345285687
440917	SOUR	0.17304801728044236	0.4968254693916866
637758	SOUR	0.22028906856264388	0.46241638915879385
1549025	SOUR	0.3129048006875174	0.5605362824031285
2733294	SOUR	0.24966118165424891	0.47220633711133686
5281167	SOUR	0.2739226051739284	0.5061805418559483
5281168	SOUR	0.39244980471474783	0.6085590549877712
5318599	SOUR	0.24510204366275243	0.4796335782323565
5352837	SOUR	0.21498069167137146	0.4414888790675572
5364231	SOUR	0.3159857520035335	0.5422519786017281
262	SOUR	0.17485994739191874	0.4019954034260341
323	SOUR	0.15434097179344722	0.33978332792009625
750	SOUR	0.23418520816734859	0.4689509698322841
753	SOUR	0.20430090810571397	0.431180796452931
962	SOUR	0.19316563861710684	0.43808266520500183
5862	SOUR	0.24194916657039098	0.5208037665912083
5962	SOUR	0.3425409368106297	0.5898758598736354
6274	SOUR	0.24908395537308284	0.5068959253174918
6322	SOUR	0.24909594016415731	0.5095169373920986
6669	SOUR	0.1390064944114004	0.3013905329363687
7137	SOUR	0.10502445591347558	0.2987130199159895
15654	SOUR	0.25305058700697763	0.508096090384892
62089	SOUR	0.48207327723503113	0.6785880071776254
853433	SOUR	0.13530870633465902	0.3427818076951163
5371102	SOUR	0.21625597987856185	0.4667211728436606
10857465	SOUR	0.25701266740049633	0.5056798841272082
180	BURNT	0.10568110325506755	0.33246125067983356
264	BURNT	0.07310964752520833	0.2596014418772289
702	BURNT	0.08736140174525124	0.28649650301252094
1031	BURNT	0.08769642561674118	0.30194495405469624
3102	BURNT	0.11433225337948118	0.3378294919218336
3314	BURNT	0.1762768445270402	0.3887874867234911
6506	BURNT	0.10064254168953214	0.3340223346437727
6544	BURNT	0.14701254878725326	0.3962807059288025
6561	BURNT	0.09502817690372467	0.3194047808647156
7092	BURNT	0.12487629694598061	0.3529080791132791
7302	BURNT	0.19125127792358398	0.444485536643437
7476	BURNT	0.07557532138058118	0.2623177298477718
7559	BURNT	0.05368935529674802	0.24038094920771463
7657	BURNT	0.1191104022519929	0.3564581147262028
7770	BURNT	0.048742390636886866	0.16299059348446981
7793	BURNT	0.09489144065550395	0.2945480942726135
7797	BURNT	0.036331264568226676	0.1527124739118985
8025	BURNT	0.09226198813744954	0.2845911979675293
8049	BURNT	0.10997577543769564	0.32113739422389437
8094	BURNT	0.12775637954473495	0.37005624175071716
8419	BURNT	0.11388600830520902	0.3677005342074803
8438	BURNT	0.08385347894259862	0.2848569537912096
8468	BURNT	0.15369949489831924	0.39834699034690857
8815	BURNT	0.11722494981118611	0.33898264169692993
8878	BURNT	0.055285552250487466	0.15477375899042403
9012	BURNT	0.3074288283075605	0.6003916221005576
10886	BURNT	0.0770664129938398	0.2579571647303445
11567	BURNT	0.17699321678706578	0.4411690022264208
12020	BURNT	0.11731459413255964	0.3471996401037489
12265	BURNT	0.1880155418600355	0.4736320120947702
12377	BURNT	0.14315464241164072	0.43452159421784536
16537	BURNT	0.07348941905157906	0.26394147319453104
17898	BURNT	0.2800180379833494	0.5778878927230835
18467	BURNT	0.25098370015621185	0.5276116303035191
21363	BURNT	0.16050148010253906	0.3998931220599583
27440	BURNT	0.27496191007750376	0.615863731929234
31219	BURNT	0.06402747386268207	0.24192485426153457
31276	BURNT	0.06227472424507141	0.19641937954085215
31283	BURNT	0.14476845732757024	0.4279097957270486
60998	BURNT	0.10230064711400441	0.3210188278130123
61523	BURNT	0.08906562945672444	0.3439317686217172
62351	BURNT	0.25025826479707447	0.5189236913408551
62465	BURNT	0.23343293368816376	0.5249262537275042
251531	BURNT	0.06769155444843429	0.21427526005676814
440917	BURNT	0.10384957918098994	0.31293238060814993
637758	BURNT	0.06797630499516215	0.1958153247833252
1549025	BURNT	0.11981465986796788	0.35809096693992615
2733294	BURNT	0.05018179225070136	0.2036221580845969
5281167	BURNT	0.09139525890350342	0.29934116346495493
5281168	BURNT	0.13531335762568883	0.38240756733076914
5318599	BURNT	0.12091340124607086	0.3542994090488979
5352837	BURNT	0.07904613816312381	0.2564003872019904
5364231	BURNT	0.08243586335863386	0.32240445273263113
262	BURNT	0.09906149762017387	0.2777561332498278
323	BURNT	0.12425459282738822	0.344804231609617
750	BURNT	0.1500676167862756	0.40401752505983624
753	BURNT	0.14870175506387437	0.34661663855825153
962	BURNT	0.09308997541666031	0.29647294325487955
5862	BURNT	0.20620139581816538	0.48866094435964313
5962	BURNT	0.16413533048970358	0.4355136368955885
6274	BURNT	0.1543098304952894	0.4006383163588388
6322	BURNT	0.1565695862684931	0.40952710594449726
6669	BURNT	0.0999757530433791	0.3064578303268978
7137	BURNT	0.10112014945064272	0.29230015192713055
15654	BURNT	0.21934183367661067	0.5091141675199781
62089	BURNT	0.20309573411941528	0.5098533502646855
853433	BURNT	0.14769861953599112	0.35854988012995037
5371102	BURNT	0.11227662861347198	0.32167086005210876
10857465	BURNT	0.14213433329548156	0.42263654300144743
180	ACID	0.2671376019716263	0.4399815116609846
264	ACID	0.26988644897937775	0.44338204179491314
702	ACID	0.20701820296900614	0.36150639823504854
1031	ACID	0.24806249354566848	0.40319586651665823
3102	ACID	0.37302318641117643	0.5443717624459948
3314	ACID	0.16423773552690232	0.3305236654622214
6506	ACID	0.2722128693546568	0.4430469700268337
6544	ACID	0.45829164130347116	0.6390071596418109
6561	ACID	0.34332452501569477	0.509507281439645
7092	ACID	0.20068461341517313	0.380471054996763
7302	ACID	0.35027143146310535	0.5096268483570644
7476	ACID	0.1997380554676056	0.38270677413259235
7559	ACID	0.23179796125207627	0.4220509571688516
7657	ACID	0.35374986699649263	0.5174065147127423
7770	ACID	0.18316959696156637	0.36046330843652996
7793	ACID	0.2733537086418697	0.4457774545465197
7797	ACID	0.11538040691188403	0.3038299637181418
8025	ACID	0.24080315232276917	0.4126054900033133
8049	ACID	0.18819406841482436	0.35678022674151827
8094	ACID	0.2711566516331264	0.4579585705484663
8419	ACID	0.13555065861770085	0.3190759675843375
8438	ACID	0.13142327911087445	0.31237897276878357
8468	ACID	0.23338739361081803	0.40274931703295025
8815	ACID	0.22123415768146515	0.37934416958263945
8878	ACID	0.13599099005971635	0.3113095164299011
9012	ACID	0.3516066712992532	0.5427896124976022
10886	ACID	0.22532832409654344	0.4029918440750667
11567	ACID	0.5932623744010925	0.7313125133514404
12020	ACID	0.33788698485919405	0.5091110978807721
12265	ACID	0.41140895656176973	0.5722911187580654
12377	ACID	0.24238571311746324	0.4224927978856223
16537	ACID	0.23169259939874923	0.4006736235959189
17898	ACID	0.28164811219487873	0.468685976096562
18467	ACID	0.2674135906355722	0.43635623369898113
21363	ACID	0.30339945214135305	0.4842464200087956
27440	ACID	0.3655249646731785	0.552076416356223
31219	ACID	0.3152899869850704	0.48213050195149015
31276	ACID	0.32544560943331036	0.4978038711207254
31283	ACID	0.1938229650259018	0.35276201367378235
60998	ACID	0.23356346147400991	0.4260921691145216
61523	ACID	0.33441219159535	0.5265182852745056
62351	ACID	0.2772733228547232	0.44004000084740774
62465	ACID	0.28516529500484467	0.46712500708443777
251531	ACID	0.16743111184665135	0.2953330363546099
440917	ACID	0.38786727615765165	0.6172410420009068
637758	ACID	0.17820534110069275	0.3694971203804016
1549025	ACID	0.20241820173604147	0.31401488184928894
2733294	ACID	0.12722803971597127	0.322026435817991
5281167	ACID	0.22980915648596628	0.42607611417770386
5281168	ACID	0.2815627540860857	0.4721857266766684
5318599	ACID	0.27285874102796825	0.48545309049742563
5352837	ACID	0.21347281762531825	0.4079410433769226
5364231	ACID	0.20923331805637904	0.3971477576664516
262	ACID	0.33005661198071073	0.47545452203069416
323	ACID	0.20090387548719132	0.37159809470176697
750	ACID	0.2197532206773758	0.3710583320685795
753	ACID	0.26858710604054586	0.414377110345023
962	ACID	0.26123749145439695	0.40279437814440044
5862	ACID	0.21283202724797384	0.3773799921785082
5962	ACID	0.26335822684424265	0.44188906039510456
6274	ACID	0.3038360859666552	0.4660899341106415
6322	ACID	0.28728044458798	0.45513392771993366
6669	ACID	0.16889472837959016	0.31744725363595144
7137	ACID	0.10922198955501829	0.26601812669209074
15654	ACID	0.20845890045166016	0.3698779600007193
62089	ACID	0.36070896472249714	0.5555261628968375
853433	ACID	0.1502045371702739	0.3195387125015259
5371102	ACID	0.32286718487739563	0.5011583140918187
10857465	ACID	0.3898648577077048	0.5857454368046352
180	WARM	0.24771172872611455	0.4266001156398228
264	WARM	0.323857592684882	0.5260146302836282
702	WARM	0.2518086241824286	0.4250083991459438
1031	WARM	0.2494127026626042	0.422396434204919
3102	WARM	0.25532396350588116	0.4433123597076961
3314	WARM	0.3967578964573996	0.5891253863062177
6506	WARM	0.27768643626144957	0.456428200006485
6544	WARM	0.2941336078303201	0.5210857476506915
6561	WARM	0.2611325340611594	0.45606585911342074
7092	WARM	0.38839698689324514	0.5524561405181885
7302	WARM	0.3276969705309187	0.5254857795579093
7476	WARM	0.35003956726619173	0.5590383325304303
7559	WARM	0.3190761549132211	0.5563424399920872
7657	WARM	0.2489155658653804	0.45156905906541006
7770	WARM	0.3119540938309261	0.5800670044762748
7793	WARM	0.3394929724080222	0.5008112362452916
7797	WARM	0.31452483364513945	0.5578999093600682
8025	WARM	0.2568891516753605	0.4391254654952458
8049	WARM	0.33379261408533367	0.5127061562878745
8094	WARM	0.3440380735056741	0.5385573378631047
8419	WARM	0.4705947254385267	0.6466558490480695
8438	WARM	0.4175388813018799	0.6008991003036499
8468	WARM	0.3466781122343881	0.5220668656485421
8815	WARM	0.3207566610404423	0.5057956916945321
8878	WARM	0.31967410870960783	0.5772960015705654
9012	WARM	0.35617985469954355	0.559623692716871
10886	WARM	0.2651604413986206	0.4847137715135302
11567	WARM	0.2711851383958544	0.49721909846578327
12020	WARM	0.24924994366509573	0.4289070538112095
12265	WARM	0.25198530512196676	0.4769576277051653
12377	WARM	0.2912234961986542	0.4784726543085916
16537	WARM	0.2723194807767868	0.48622583065714153
17898	WARM	0.3747955134936741	0.584130448954446
18467	WARM	0.3543700064931597	0.5453412660530635
21363	WARM	0.38340201548167635	0.5610972813197544
27440	WARM	0.38087816749300274	0.6109856196812221
31219	WARM	0.29543261017118183	0.5323968189103263
31276	WARM	0.267041095665523	0.5147859241281237
31283	WARM	0.40112326400620596	0.5851489646094186
60998	WARM	0.38474381821496145	0.5810952697481427
61523	WARM	0.28241632665906635	0.4881055908543723
62351	WARM	0.3371542990207672	0.5293450951576233
62465	WARM	0.40183941807065693	0.6239141310964312
251531	WARM	0.2696391088621957	0.457712505544935
440917	WARM	0.24047308095863887	0.4901120236941746
637758	WARM	0.3318697597299303	0.5498540529182979
1549025	WARM	0.2953158276421683	0.4811851254531315
2733294	WARM	0.29610646622521536	0.5450858899525234
5281167	WARM	0.26443685378347126	0.47533213666507174
5281168	WARM	0.292742839881352	0.5145720839500427
5318599	WARM	0.30799141951969694	0.516577695097242
5352837	WARM	0.281310498714447	0.4900441254888262
5364231	WARM	0.26976250750677927	0.4690865363393511
262	WARM	0.23240865554128373	0.4214092663356236
323	WARM	0.4401137275355203	0.6062146254948207
750	WARM	0.32660371490887236	0.5009460321494511
753	WARM	0.28466481821877615	0.4660477765968868
962	WARM	0.24959345587662288	0.442650990826743
5862	WARM	0.36216236863817486	0.5721357635089329
5962	WARM	0.33913721782820566	0.52804867710386
6274	WARM	0.25496301693575724	0.42486339807510376
6322	WARM	0.26909440755844116	0.44744737659181866
6669	WARM	0.41198847549302237	0.595221757888794
7137	WARM	0.4485419690608978	0.6246387617928642
15654	WARM	0.3358160895960672	0.5408252562795367
62089	WARM	0.3823785270963396	0.5951839855739048
853433	WARM	0.4138553185122354	0.603527273450579
5371102	WARM	0.27483099699020386	0.49351351601736887
10857465	WARM	0.3346217657838549	0.5523045233317784
180	MUSKY	0.3153869254248483	0.5412034562655857
264	MUSKY	0.6691442174570901	0.8237003087997437
702	MUSKY	0.268570465700967	0.49123620986938477
1031	MUSKY	0.3377807778971536	0.5664992587906974
3102	MUSKY	0.23273423739842006	0.4580225774220058
3314	MUSKY	0.18909297032015665	0.36733164957591463
6506	MUSKY	0.3524004987307957	0.5979555887835366
6544	MUSKY	0.2987650441271918	0.5148513146809169
6561	MUSKY	0.41403018151010784	0.6360740917069572
7092	MUSKY	0.20422482916287013	0.43353989720344543
7302	MUSKY	0.3081794934613364	0.5805030805724007
7476	MUSKY	0.20122060818331583	0.4249374909060342
7559	MUSKY	0.21485393175057002	0.42540689025606426
7657	MUSKY	0.24021859467029572	0.4730429947376251
7770	MUSKY	0.18421023445469992	0.40844149248940603
7793	MUSKY	0.17767074278422765	0.41327453936849323
7797	MUSKY	0.08812288620642253	0.2536565065383911
8025	MUSKY	0.2302283282790865	0.44371151498385836
8049	MUSKY	0.20560076194150106	0.4195701777935028
8094	MUSKY	0.5443748959473201	0.7337749941008431
8419	MUSKY	0.16423214333398	0.3830270894936153
8438	MUSKY	0.15394824743270874	0.35176796572549
8468	MUSKY	0.22674548200198583	0.4390186241694859
8815	MUSKY	0.16938838149820054	0.3537812999316624
8878	MUSKY	0.17921923952443258	0.40184064848082407
9012	MUSKY	0.42396237168993267	0.6959066987037659
10886	MUSKY	0.24312164315155574	0.4676411918231419
11567	MUSKY	0.23551144131592341	0.48214614391326904
12020	MUSKY	0.26414977652685984	0.48714938334056307
12265	MUSKY	0.3043378932135446	0.554696261882782
12377	MUSKY	0.318215297801154	0.6024609889302935
16537	MUSKY	0.15342766898018972	0.3802180119923183
17898	MUSKY	0.33008318075111936	0.6225070783070156
18467	MUSKY	0.2985079565218517	0.5651399110044751
21363	MUSKY	0.5060394619192395	0.7326304146221706
27440	MUSKY	0.38134207895823885	0.703968175819942
31219	MUSKY	0.23171934911182948	0.45504709652491976
31276	MUSKY	0.14565986607755935	0.3376966714859009
31283	MUSKY	0.2250320315361023	0.44960673792021616
60998	MUSKY	0.3480554861681802	0.6247810891696385
61523	MUSKY	0.2375803142786026	0.48560039486203876
62351	MUSKY	0.3482893024172102	0.588946772473199
62465	MUSKY	0.24162716950689042	0.4330017481531416
251531	MUSKY	0.1881786286830902	0.4155495209353311
440917	MUSKY	0.040957181581429074	0.2429004098687853
637758	MUSKY	0.2229245262486594	0.4732674700873239
1549025	MUSKY	0.21445571099008834	0.37584008489336285
2733294	MUSKY	0.1294866374560765	0.2889920813696725
5281167	MUSKY	0.21502096099512918	0.41869563715798513
5281168	MUSKY	0.3783350672040667	0.61429911000388
5318599	MUSKY	0.26753621229103636	0.49613167132650104
5352837	MUSKY	0.17787899715559824	0.36315358536584036
5364231	MUSKY	0.2676230881895338	0.49517470598220825
262	MUSKY	0.1977803941283907	0.40753187452043804
323	MUSKY	0.20217858680656978	0.4213832701955523
750	MUSKY	0.26457232023988453	0.4865435447011675
753	MUSKY	0.22242401327405656	0.42756051676613943
962	MUSKY	0.2326087078877858	0.4650469848087856
5862	MUSKY	0.29240899426596506	0.5481772252491542
5962	MUSKY	0.3997862722192492	0.6501020022800991
6274	MUSKY	0.2844045077051435	0.524418579680579
6322	MUSKY	0.30318689346313477	0.5399823827402932
6669	MUSKY	0.20986551472118922	0.452593662909099
7137	MUSKY	0.11766611571822848	0.28424288971083506
15654	MUSKY	0.31964862772396635	0.5901422074862889
62089	MUSKY	0.5743247781481061	0.8094914896147591
853433	MUSKY	0.1679487590278898	0.33924744384629385
5371102	MUSKY	0.25209937351090567	0.5103696414402553
10857465	MUSKY	0.3691808411053249	0.6671664799962725
180	SWEATY	0.2156106914792742	0.44051890288080486
264	SWEATY	0.5944918351513999	0.7468334606715611
702	SWEATY	0.1603364965745381	0.34866497772080557
1031	SWEATY	0.23522381910255977	0.45766293576785494
3102	SWEATY	0.11816556006669998	0.2945666866643088
3314	SWEATY	0.06607052683830261	0.13249635696411133
6506	SWEATY	0.2433154284954071	0.48906863161495756
6544	SWEATY	0.19033475433077132	0.32833094682012287
6561	SWEATY	0.3219379910400936	0.540870896407536
7092	SWEATY	0.09476343435900551	0.23792091012001038
7302	SWEATY	0.1668767992939268	0.3861568868160248
7476	SWEATY	0.1066993453672954	0.27280534378119875
7559	SWEATY	0.1338979069675718	0.3279620749609811
7657	SWEATY	0.13167439507586615	0.32666683197021484
7770	SWEATY	0.13592450746468135	0.282267872776304
7793	SWEATY	0.12476207635232381	0.30972413080079214
7797	SWEATY	0.07937000159706388	0.2012796870299748
8025	SWEATY	0.1364461470927511	0.3106789631502969
8049	SWEATY	0.09841129290206092	0.2509282167468752
8094	SWEATY	0.413909124476569	0.5579370941434588
8419	SWEATY	0.07771525319133486	0.18906439202172415
8438	SWEATY	0.06180022869791303	0.1805865615606308
8468	SWEATY	0.10754260527236122	0.22664283854620798
8815	SWEATY	0.08249410295060702	0.2005434206553868
8878	SWEATY	0.1049603202513286	0.2549805705036436
9012	SWEATY	0.24618495787893022	0.4797704943588802
10886	SWEATY	0.15766681943620955	0.3640594482421875
11567	SWEATY	0.111598154263837	0.2886392431599753
12020	SWEATY	0.162222221493721	0.3542667031288147
12265	SWEATY	0.14446820531572616	0.36774054169654846
12377	SWEATY	0.16206142093454087	0.3810171144349234
16537	SWEATY	0.09876862274748939	0.23951010406017303
17898	SWEATY	0.15296407895428793	0.4031477953706469
18467	SWEATY	0.14206483321530478	0.36192301767213003
21363	SWEATY	0.35983785135405405	0.5396305407796588
27440	SWEATY	0.19536817286695754	0.46966677052634104
31219	SWEATY	0.1456539151923997	0.3446271972996848
31276	SWEATY	0.0952229771230902	0.22430792876652308
31283	SWEATY	0.10998061299324036	0.29976472684315275
60998	SWEATY	0.23403154526438033	0.46669612186295645
61523	SWEATY	0.13888444006443024	0.3588068698133741
62351	SWEATY	0.18242721685341426	0.39013180136680603
62465	SWEATY	0.07927719290767397	0.1666866477046694
251531	SWEATY	0.0850373027580125	0.24461846479347774
440917	SWEATY	0.02027571733508791	0.15682120195456914
637758	SWEATY	0.11902072599955968	0.30788497201034
1549025	SWEATY	0.16377703845500946	0.35457540835653034
2733294	SWEATY	0.09422466903924942	0.2774133895124708
5281167	SWEATY	0.126367592385837	0.31193100980349947
5281168	SWEATY	0.25246053508349825	0.4649056536810739
5318599	SWEATY	0.15026751373495376	0.31989402430398123
5352837	SWEATY	0.09384527908904212	0.2502987150635038
5364231	SWEATY	0.15651430934667587	0.381297767162323
262	SWEATY	0.1135803833603859	0.24754835665225983
323	SWEATY	0.08069242004837308	0.16060586060796464
750	SWEATY	0.1552211344242096	0.32058897614479065
753	SWEATY	0.11731418328625816	0.2451783482517515
962	SWEATY	0.10959422694785255	0.2607357714857374
5862	SWEATY	0.16485700011253357	0.37700926831790377
5962	SWEATY	0.26970631522791727	0.5076686143875122
6274	SWEATY	0.17785790775503432	0.3484396125589098
6322	SWEATY	0.18954963982105255	0.3725980818271637
6669	SWEATY	0.07772896172744888	0.18393332830497197
7137	SWEATY	0.03621086371796472	0.10863924931202616
15654	SWEATY	0.15762497058936528	0.37455532806260244
62089	SWEATY	0.3897553299154554	0.5868762135505676
853433	SWEATY	0.05756289219217641	0.1286979466676712
5371102	SWEATY	0.12785755842924118	0.31783256360462736
10857465	SWEATY	0.18870221717017038	0.43085228545325144
180	AMMONIA/URINOUS	0.2857233094317572	0.3908726828438895
264	AMMONIA/URINOUS	0.4732193350791931	0.5336286851337978
702	AMMONIA/URINOUS	0.22524512665612356	0.32678091526031494
1031	AMMONIA/URINOUS	0.30912289236273083	0.4071023975099836
3102	AMMONIA/URINOUS	0.37275281122752596	0.46937102505138945
3314	AMMONIA/URINOUS	0.16875688944544112	0.24938727276665823
6506	AMMONIA/URINOUS	0.31096344334738596	0.4317369205611093
6544	AMMONIA/URINOUS	0.4350007857595171	0.5434488739286151
6561	AMMONIA/URINOUS	0.4080317233289991	0.5061199835368565
7092	AMMONIA/URINOUS	0.22196864017418452	0.3237289488315582
7302	AMMONIA/URINOUS	0.39162755012512207	0.4994503004210336
7476	AMMONIA/URINOUS	0.2631245085171291	0.3670400551387242
7559	AMMONIA/URINOUS	0.27034146019390654	0.34918334228651865
7657	AMMONIA/URINOUS	0.341949645962034	0.43467909523418974
7770	AMMONIA/URINOUS	0.22285621081079757	0.308035101209368
7793	AMMONIA/URINOUS	0.3243097024304526	0.4311661294528416
7797	AMMONIA/URINOUS	0.11648998835257121	0.16372781140463694
8025	AMMONIA/URINOUS	0.22882108603205	0.33232004727636066
8049	AMMONIA/URINOUS	0.19100758007594518	0.2570508463042123
8094	AMMONIA/URINOUS	0.36077997939927237	0.41821236269814627
8419	AMMONIA/URINOUS	0.1433789155312947	0.24458297661372594
8438	AMMONIA/URINOUS	0.16564288522515977	0.2539366696562086
8468	AMMONIA/URINOUS	0.23454557146344865	0.3147172842706953
8815	AMMONIA/URINOUS	0.18207030211176192	0.25321951295648304
8878	AMMONIA/URINOUS	0.1662665158510208	0.2173342662198203
9012	AMMONIA/URINOUS	0.4334665153707777	0.531441215957914
10886	AMMONIA/URINOUS	0.2605693127427782	0.3492109307221004
11567	AMMONIA/URINOUS	0.6185417941638401	0.6885309134210859
12020	AMMONIA/URINOUS	0.35599649378231596	0.45084624205316814
12265	AMMONIA/URINOUS	0.45574537771088736	0.551092837538038
12377	AMMONIA/URINOUS	0.27285543935639517	0.3533980931554522
16537	AMMONIA/URINOUS	0.20511678286961146	0.2784615627356938
17898	AMMONIA/URINOUS	0.32248746923037935	0.4671215074402945
18467	AMMONIA/URINOUS	0.3050671773297446	0.4255428782531193
21363	AMMONIA/URINOUS	0.459713625056403	0.5497676474707467
27440	AMMONIA/URINOUS	0.41237880076680866	0.5573469996452332
31219	AMMONIA/URINOUS	0.30468423451696125	0.4015941790172032
31276	AMMONIA/URINOUS	0.2866763983454023	0.39415439111845835
31283	AMMONIA/URINOUS	0.17681633787495749	0.2142088817698615
60998	AMMONIA/URINOUS	0.44345094902174814	0.5588321685791016
61523	AMMONIA/URINOUS	0.3526129850319454	0.4437940035547529
62351	AMMONIA/URINOUS	0.36563724279403687	0.4642144867352077
62465	AMMONIA/URINOUS	0.2650689631700516	0.3642084172793797
251531	AMMONIA/URINOUS	0.19671577640942164	0.28755612671375275
440917	AMMONIA/URINOUS	0.3381417521408626	0.43441363743373324
637758	AMMONIA/URINOUS	0.268742846591132	0.36713363017354694
1549025	AMMONIA/URINOUS	0.23510378386293138	0.29606612239565167
2733294	AMMONIA/URINOUS	0.15367104219538824	0.17972881027630397
5281167	AMMONIA/URINOUS	0.2239303035395486	0.32314964703151156
5281168	AMMONIA/URINOUS	0.3172183930873871	0.3999979283128466
5318599	AMMONIA/URINOUS	0.2938478397471564	0.39692104288509916
5352837	AMMONIA/URINOUS	0.2197546192577907	0.300048474754606
5364231	AMMONIA/URINOUS	0.24262016798768724	0.3114484591143472
262	AMMONIA/URINOUS	0.3454527131148747	0.43616317425455364
323	AMMONIA/URINOUS	0.21154804953507014	0.27818427979946136
750	AMMONIA/URINOUS	0.2628475491489683	0.33238180194582256
753	AMMONIA/URINOUS	0.273943230509758	0.3566671311855316
962	AMMONIA/URINOUS	0.2503993660211563	0.33662924596241545
5862	AMMONIA/URINOUS	0.37514973112515043	0.4664146602153778
5962	AMMONIA/URINOUS	0.4013522480215345	0.5055020536695208
6274	AMMONIA/URINOUS	0.34263757722718374	0.41673696466854643
6322	AMMONIA/URINOUS	0.3660848694188254	0.4438540254320417
6669	AMMONIA/URINOUS	0.19153696298599243	0.22289060481957026
7137	AMMONIA/URINOUS	0.13940611268792832	0.18434556254318782
15654	AMMONIA/URINOUS	0.2932625412940979	0.41719383001327515
62089	AMMONIA/URINOUS	0.4359519439084189	0.5031193537371499
853433	AMMONIA/URINOUS	0.1490689782159669	0.2349760447229658
5371102	AMMONIA/URINOUS	0.3138236403465271	0.4142952987125942
10857465	AMMONIA/URINOUS	0.39277440309524536	0.52506251846041
180	DECAYED	0.09915142027395112	0.34969362616539
264	DECAYED	0.34529997408390045	0.6762368338448661
702	DECAYED	0.08333848203931536	0.30980601481028963
1031	DECAYED	0.11745337822607585	0.3711658035005842
3102	DECAYED	0.07393497228622437	0.2837554599557604
3314	DECAYED	0.06580700033477374	0.2802926025220326
6506	DECAYED	0.11704065650701523	0.38201390845435007
6544	DECAYED	0.1354908240692956	0.3723959071295602
6561	DECAYED	0.17148075039897645	0.47407950673784527
7092	DECAYED	0.0730144732764789	0.30378531983920504
7302	DECAYED	0.12537350399153574	0.4015447923115322
7476	DECAYED	0.05917708256414959	0.25517022609710693
7559	DECAYED	0.07030966718282018	0.3168896606990269
7657	DECAYED	0.0630381910928658	0.289890644805772
7770	DECAYED	0.10889578291348048	0.3986130314213889
7793	DECAYED	0.05959892698696682	0.24952181109360286
7797	DECAYED	0.06197449032749448	0.2641715833118984
8025	DECAYED	0.07688817062548228	0.31265161292893545
8049	DECAYED	0.05309526675513813	0.2585290478808539
8094	DECAYED	0.2408421720777239	0.5193472334316799
8419	DECAYED	0.06144712599260466	0.24046962814671652
8438	DECAYED	0.04339360099818025	0.21856417613370077
8468	DECAYED	0.07452412162508283	0.28206045286996023
8815	DECAYED	0.05947414093783924	0.23025119304656982
8878	DECAYED	0.09298324584960938	0.35389947465487887
9012	DECAYED	0.22936791607311793	0.5538949923855918
10886	DECAYED	0.11415060822452817	0.37860730290412903
11567	DECAYED	0.0710507162979671	0.35792366521699087
12020	DECAYED	0.08312324647392545	0.32563702549253193
12265	DECAYED	0.10016706905194692	0.3780062922409603
12377	DECAYED	0.19402211904525757	0.5039328762463161
16537	DECAYED	0.02871913569314139	0.17493951320648193
17898	DECAYED	0.13411296904087067	0.4370841383934021
18467	DECAYED	0.10698821502072471	0.37341170225824627
21363	DECAYED	0.252251461148262	0.5430406587464469
27440	DECAYED	0.18340447864362172	0.5126756003924778
31219	DECAYED	0.08245566966278213	0.3503668393407549
31276	DECAYED	0.07552386767097882	0.3442260665552957
31283	DECAYED	0.05822604734982763	0.2529800406524113
60998	DECAYED	0.11337595113686152	0.3908731383936746
61523	DECAYED	0.06679945811629295	0.30512023184980663
62351	DECAYED	0.14031648635864258	0.4190785927431924
62465	DECAYED	0.06708056799003057	0.3055889478751591
251531	DECAYED	0.04803274359021868	0.2072415522166661
440917	DECAYED	0.06189341736691339	0.2168653075184141
637758	DECAYED	0.10604478418827057	0.3911662357194083
1549025	DECAYED	0.06915659244571414	0.2477171186889921
2733294	DECAYED	0.07738097544227328	0.30284800274031504
5281167	DECAYED	0.07139497622847557	0.3228009343147278
5281168	DECAYED	0.1556576288172177	0.4410143026283809
5318599	DECAYED	0.0993618837424687	0.3405370797429766
5352837	DECAYED	0.05908987085734095	0.266015214579446
5364231	DECAYED	0.09245044525180544	0.36575381670679363
262	DECAYED	0.06304006544607026	0.2893554610865457
323	DECAYED	0.05378674130354609	0.2828998544386455
750	DECAYED	0.08855063681091581	0.2987587239061083
753	DECAYED	0.07437561399170331	0.2758047197546278
962	DECAYED	0.06774903993521418	0.25469687793936047
5862	DECAYED	0.14777168525116785	0.4332215573106493
5962	DECAYED	0.16957407125404902	0.4681987762451172
6274	DECAYED	0.10889169041599546	0.34130806582314627
6322	DECAYED	0.12205922816480909	0.37390246987342834
6669	DECAYED	0.06692772411874362	0.2552339179175241
7137	DECAYED	0.03752460038023336	0.21167942668710435
15654	DECAYED	0.1216663366981915	0.41612798827035086
62089	DECAYED	0.221614414027759	0.5358461609908513
853433	DECAYED	0.05829479172825813	0.2597305881125586
5371102	DECAYED	0.08229140511580876	0.3295827805995941
10857465	DECAYED	0.08523184593234744	0.358347658600126
180	WOOD	0.2121240986245019	0.3629617520741054
264	WOOD	0.09887325870139259	0.22667484624045237
702	WOOD	0.20638013098921096	0.33339033808026997
1031	WOOD	0.20389076428753988	0.33815512486866545
3102	WOOD	0.2194298803806305	0.36010897159576416
3314	WOOD	0.2688069684164865	0.41478411640439716
6506	WOOD	0.19028936539377486	0.35004653675215586
6544	WOOD	0.32248784814562115	0.5267904996871948
6561	WOOD	0.17893383758408682	0.3432947099208832
7092	WOOD	0.2909815290144512	0.47721212676593233
7302	WOOD	0.22766517315592086	0.4009898475238255
7476	WOOD	0.17230904528072902	0.33810604895864216
7559	WOOD	0.10310260312897819	0.20693986756461008
7657	WOOD	0.21148665887968882	0.372727815593992
7770	WOOD	0.03691098839044571	0.08717561726059232
7793	WOOD	0.22877695943628037	0.36466152327401297
7797	WOOD	0.09836904811007637	0.21474779503686087
8025	WOOD	0.17423535244805471	0.2938370278903416
8049	WOOD	0.21675819158554077	0.3652742675372532
8094	WOOD	0.28105554836136953	0.4619877977030618
8419	WOOD	0.21890041444982802	0.39121333190373014
8438	WOOD	0.1728279675756182	0.3212533806051527
8468	WOOD	0.31472533089773996	0.4760938584804535
8815	WOOD	0.24137755376952036	0.4271262841565268
8878	WOOD	0.07374935064996992	0.17705702355929784
9012	WOOD	0.26413457308496746	0.43107167312077116
10886	WOOD	0.13789358415773936	0.2695756895201547
11567	WOOD	0.2793824076652527	0.44908770067351206
12020	WOOD	0.21249426901340485	0.35060086846351624
12265	WOOD	0.30219680922372	0.4697384663990566
12377	WOOD	0.14489795693329402	0.3092416248151234
16537	WOOD	0.26877505438668386	0.4287675363676889
17898	WOOD	0.4146053067275456	0.590890279838017
18467	WOOD	0.3525138199329376	0.5207415350845882
21363	WOOD	0.2753609376294272	0.4408190505845206
27440	WOOD	0.43996648277555195	0.6533697417804173
31219	WOOD	0.09278657925980431	0.19471936566489084
31276	WOOD	0.04995704708354814	0.10456915625504085
31283	WOOD	0.26356741786003113	0.4557193602834429
60998	WOOD	0.180890115244048	0.3709099803652082
61523	WOOD	0.23549500107765198	0.4365357117993491
62351	WOOD	0.246296261038099	0.41353767258780344
62465	WOOD	0.3832795875413077	0.5522557071277073
251531	WOOD	0.15447979313986643	0.2634828133242471
440917	WOOD	0.3051111953599112	0.4802059658936092
637758	WOOD	0.01820209569164685	0.11388063217912402
1549025	WOOD	0.21244799877916062	0.3369459680148533
2733294	WOOD	0.0922659800520965	0.24446883159024374
5281167	WOOD	0.1778753250837326	0.3339437076023647
5281168	WOOD	0.27529075528894154	0.41887139422552927
5318599	WOOD	0.2587106376886368	0.44145124724933077
5352837	WOOD	0.15975339178528106	0.3123982974461147
5364231	WOOD	0.1789746880531311	0.34998187848499845
262	WOOD	0.1799456285578864	0.29024254637105124
323	WOOD	0.301798688513892	0.4743624670164926
750	WOOD	0.297356726867812	0.4618129985673087
753	WOOD	0.2546620901141848	0.371303243296487
962	WOOD	0.2516543034996305	0.4055154323577881
5862	WOOD	0.2286892043692725	0.3832518458366394
5962	WOOD	0.31392286505017963	0.5014886089733669
6274	WOOD	0.419540068932942	0.580424291746957
6322	WOOD	0.3947535242353167	0.5665779284068516
6669	WOOD	0.2718473332268851	0.47764642749513897
7137	WOOD	0.20584318041801453	0.3620381908757346
15654	WOOD	0.32458395404475077	0.48911220686776297
62089	WOOD	0.3902525305747986	0.593643137386867
853433	WOOD	0.2367742019040244	0.3922909413065229
5371102	WOOD	0.25341297898973736	0.43308281898498535
10857465	WOOD	0.43193118061338154	0.7022506424358913
180	GRASS	0.07235042325087956	0.21079156015600478
264	GRASS	0.037271233541624885	0.1906986204641206
702	GRASS	0.08454010795269694	0.22000913321971893
1031	GRASS	0.07063355935471398	0.2118800069604601
3102	GRASS	0.09836882885013308	0.25848587283066343
3314	GRASS	0.045920265040227344	0.1640898095709937
6506	GRASS	0.05109638241784913	0.17168046746935164
6544	GRASS	0.12298392930201121	0.3171172780650003
6561	GRASS	0.058605777365820746	0.20724557127271379
7092	GRASS	0.06761559844017029	0.2221269564969199
7302	GRASS	0.0386106792305197	0.15461671033075877
7476	GRASS	0.10568279985870634	0.28380165142672403
7559	GRASS	0.15021767360823496	0.3074916643755777
7657	GRASS	0.17025894565241678	0.37075423342841013
7770	GRASS	0.04019670507737568	0.1650310531258583
7793	GRASS	0.09032043814659119	0.2862027883529663
7797	GRASS	0.15007441703762328	0.30732326422418865
8025	GRASS	0.07503764863525118	0.2189618604523795
8049	GRASS	0.04058598806815488	0.16877897935254232
8094	GRASS	0.052095835762364526	0.16037519701889583
8419	GRASS	0.04714018239506653	0.21831275522708893
8438	GRASS	0.06302120350301266	0.21656798464911325
8468	GRASS	0.08658092096447945	0.24040800971644266
8815	GRASS	0.14748519446168626	0.3243546315601894
8878	GRASS	0.07564704066940717	0.19123601061957224
9012	GRASS	0.0977618055684226	0.25830344217164175
10886	GRASS	0.09964080367769514	0.26498349223818096
11567	GRASS	0.039738255952085764	0.18284558824130467
12020	GRASS	0.10310814423220498	0.279959431716374
12265	GRASS	0.12146949555192675	0.2992998702185495
12377	GRASS	0.099785287465368	0.2434681781700679
16537	GRASS	0.21170215521539962	0.4219018987246922
17898	GRASS	0.116170948105199	0.29937183005469187
18467	GRASS	0.08711354061961174	0.24799188758645738
21363	GRASS	0.04410080185958317	0.19035145214625768
27440	GRASS	0.21832706459930964	0.43037788782800945
31219	GRASS	0.08581592994076866	0.21594082244804927
31276	GRASS	0.047967115683215	0.1830516095672335
31283	GRASS	0.03353988618722984	0.14439439986433303
60998	GRASS	0.06960824291620936	0.2282180573259081
61523	GRASS	0.18927324669701712	0.45315065128462656
62351	GRASS	0.12994431278535298	0.2874343352658408
62465	GRASS	0.06677147719476904	0.22411114616053446
251531	GRASS	0.06286318866269928	0.18149853817054204
440917	GRASS	0.12694941461086273	0.4373225654874529
637758	GRASS	0.04206551584814276	0.15835983625480107
1549025	GRASS	0.055405809943165095	0.19897050729819707
2733294	GRASS	0.2767151210989271	0.4689309128693172
5281167	GRASS	0.30345319850104197	0.5351765751838684
5281168	GRASS	0.1860954122883933	0.3696172152246748
5318599	GRASS	0.18956932851246425	0.40017980337142944
5352837	GRASS	0.2464538323027747	0.4627351335116795
5364231	GRASS	0.24858920063291276	0.44703249420438496
262	GRASS	0.05535520293882915	0.1850424302475793
323	GRASS	0.07148021832108498	0.23052265814372472
750	GRASS	0.06459712662867137	0.1761936949832099
753	GRASS	0.07699349416153771	0.21537702424185617
962	GRASS	0.12641590195042746	0.2840479037591389
5862	GRASS	0.05028562593672957	0.17381191892283304
5962	GRASS	0.07203237286635808	0.21955532474177225
6274	GRASS	0.11694544553756714	0.272872548018183
6322	GRASS	0.105634263583592	0.25158481087003437
6669	GRASS	0.0791246412055833	0.23111151797430857
7137	GRASS	0.052280887961387634	0.18435022873537882
15654	GRASS	0.12169280861105237	0.2684822657278606
62089	GRASS	0.02679855190217495	0.13908451795578003
853433	GRASS	0.041910571711403985	0.1754226407834462
5371102	GRASS	0.13470620768410818	0.3233350259917123
10857465	GRASS	0.14915022253990173	0.34422255413872854
180	FLOWER	0.09868177931223597	0.2573095772947584
264	FLOWER	0.060879350772925785	0.18048841931990214
702	FLOWER	0.13567493643079484	0.32252146516527447
1031	FLOWER	0.09175142752272743	0.24976457442556108
3102	FLOWER	0.16882037477833883	0.35374443445886883
3314	FLOWER	0.15698213875293732	0.4021323961871011
6506	FLOWER	0.08550048140542847	0.22676001276288713
6544	FLOWER	0.08073636889457703	0.21632546612194606
6561	FLOWER	0.08233444658773285	0.20829214794295176
7092	FLOWER	0.1440426196370806	0.3473776749202183
7302	FLOWER	0.059814363185848506	0.19963803993804113
7476	FLOWER	0.36991543003490995	0.5793429442814418
7559	FLOWER	0.37115005935941425	0.6186158997671944
7657	FLOWER	0.15332640494619096	0.3317206097500665
7770	FLOWER	0.23926057347229548	0.48566693493298124
7793	FLOWER	0.3953845032623836	0.6029414193970817
7797	FLOWER	0.33001474823270527	0.5665560449872699
8025	FLOWER	0.1484821949686323	0.34240431444985525
8049	FLOWER	0.18416201642581395	0.38504996470042635
8094	FLOWER	0.058327400258609226	0.15717460640839168
8419	FLOWER	0.2075341705765043	0.46917446170534405
8438	FLOWER	0.24638003323759353	0.5053426878792899
8468	FLOWER	0.1335705007825579	0.3382191870893751
8815	FLOWER	0.15560935544116156	0.35091630050114225
8878	FLOWER	0.25121042132377625	0.471310019493103
9012	FLOWER	0.01668710634112358	0.07995503076485225
10886	FLOWER	0.1903004731450762	0.40313815219061716
11567	FLOWER	0.05852672830224037	0.18507641341005052
12020	FLOWER	0.0929957606962749	0.24140337535313197
12265	FLOWER	0.07617933462773051	0.214918919972011
12377	FLOWER	0.08479580921786171	0.17717571556568146
16537	FLOWER	0.41869525398526874	0.6092523719583239
17898	FLOWER	0.04930806479283741	0.17934186117989676
18467	FLOWER	0.055569778595651896	0.20268895583493368
21363	FLOWER	0.0706705174275807	0.21624921475137984
27440	FLOWER	0.03288243391684124	0.1466915543590273
31219	FLOWER	0.28213405183383394	0.5283478455884116
31276	FLOWER	0.2214272426707404	0.45276754668780733
31283	FLOWER	0.17765057512692042	0.3530149757862091
60998	FLOWER	0.2520538398197719	0.48079900230680195
61523	FLOWER	0.3034680315426418	0.5385513603687286
62351	FLOWER	0.07411198850188937	0.20311824125902994
62465	FLOWER	0.11386744571583611	0.3278794586658478
251531	FLOWER	0.38419219851493835	0.6282079560416085
440917	FLOWER	0.19421415030956268	0.4534884180341448
637758	FLOWER	0.30300277045794893	0.5597320965358189
1549025	FLOWER	0.2129714467695781	0.45263467516217915
2733294	FLOWER	0.2713263077395303	0.5130002668925694
5281167	FLOWER	0.19262224435806274	0.396932738167899
5281168	FLOWER	0.10728107924972262	0.2320588997432164
5318599	FLOWER	0.14924495773656027	0.33929999811308725
5352837	FLOWER	0.23407214879989624	0.4678433282034738
5364231	FLOWER	0.1624506733247212	0.33789398414748056
262	FLOWER	0.11789486557245255	0.2952530213764736
323	FLOWER	0.17936448752880096	0.41649863549641203
750	FLOWER	0.11687136867216655	0.297872109072549
753	FLOWER	0.10908252532993044	0.31196235758917673
962	FLOWER	0.1797328633921487	0.3835046717098781
5862	FLOWER	0.0664391139788287	0.2308178607906614
5962	FLOWER	0.07612701558641025	0.23937557637691498
6274	FLOWER	0.0881183711545808	0.27872989433152334
6322	FLOWER	0.10302412935665675	0.2840717690331595
6669	FLOWER	0.42126154473849703	0.5668611526489258
7137	FLOWER	0.2340402432850429	0.49786706055913654
15654	FLOWER	0.07020113883273942	0.20775287917682103
62089	FLOWER	0.02453856436269624	0.09322850246514593
853433	FLOWER	0.17969261322702682	0.4336680088724409
5371102	FLOWER	0.22221454552241734	0.41942690525736126
10857465	FLOWER	0.1804677535380636	0.32506836312157766
180	CHEMICAL	0.23257700673171453	0.5250160481248584
264	CHEMICAL	0.19440564513206482	0.4778350847108023
702	CHEMICAL	0.20840177365711757	0.5000794742788587
1031	CHEMICAL	0.23964154081685202	0.5328468893255506
3102	CHEMICAL	0.40781391518456594	0.6712387033871242
3314	CHEMICAL	0.21154201243604934	0.5120808354445866
6506	CHEMICAL	0.2239417369876589	0.5209279443536486
6544	CHEMICAL	0.4885375031403133	0.7345371331487384
6561	CHEMICAL	0.3188723751476833	0.5869554536683219
7092	CHEMICAL	0.23665636777877808	0.5113576820918492
7302	CHEMICAL	0.3666171814714159	0.6085208569254194
7476	CHEMICAL	0.2506406307220459	0.5013625919818878
7559	CHEMICAL	0.2794596978596279	0.5572411673409599
7657	CHEMICAL	0.3581885738032205	0.6080176404544285
7770	CHEMICAL	0.2314011071409498	0.5163651577063969
7793	CHEMICAL	0.30362002338681904	0.5430738031864166
7797	CHEMICAL	0.15756307329450334	0.4396119330610548
8025	CHEMICAL	0.2550974573407854	0.5420748932021004
8049	CHEMICAL	0.20176980112280166	0.45640761085918974
8094	CHEMICAL	0.2261632319007601	0.5341874275888715
8419	CHEMICAL	0.15075358429125377	0.40912565163203646
8438	CHEMICAL	0.16814137250185013	0.43599502955164227
8468	CHEMICAL	0.27002838041101185	0.5473714130265372
8815	CHEMICAL	0.2572861909866333	0.519078403711319
8878	CHEMICAL	0.18017837405204773	0.4640758718763079
9012	CHEMICAL	0.2777127666132791	0.5885842953409467
10886	CHEMICAL	0.22548313651766097	0.5144887311117989
11567	CHEMICAL	0.7309000492095947	0.8553626537322998
12020	CHEMICAL	0.3774398054395403	0.6355572768620082
12265	CHEMICAL	0.4314969224589212	0.6681083951677594
12377	CHEMICAL	0.19112872651645116	0.5000699801104409
16537	CHEMICAL	0.2721213038478579	0.5175769754818508
17898	CHEMICAL	0.2869111256940024	0.568553056035723
18467	CHEMICAL	0.28711054367678507	0.5477562035833087
21363	CHEMICAL	0.26822074396269663	0.5719101088387626
27440	CHEMICAL	0.3554259325776781	0.6574838502066476
31219	CHEMICAL	0.356802761554718	0.6085165909358433
31276	CHEMICAL	0.39466756156512667	0.66632650579725
31283	CHEMICAL	0.20756782165595464	0.4208652377128601
60998	CHEMICAL	0.24870853764670237	0.5283679451261248
61523	CHEMICAL	0.343611832175936	0.6229635732514518
62351	CHEMICAL	0.24253860328878676	0.5344520296369281
62465	CHEMICAL	0.35263935582978384	0.6436484200613839
251531	CHEMICAL	0.22444194555282593	0.5229768199580056
440917	CHEMICAL	0.5406927764415741	0.7397836872509548
637758	CHEMICAL	0.2496944751058306	0.549523115158081
1549025	CHEMICAL	0.15624520289046423	0.41262458051954
2733294	CHEMICAL	0.13087218680552073	0.43877341066087994
5281167	CHEMICAL	0.25146643604551044	0.5342696479388646
5281168	CHEMICAL	0.24542222491332463	0.5534162095614842
5318599	CHEMICAL	0.31220872700214386	0.6193477511405945
5352837	CHEMICAL	0.2622470089367458	0.5441249481269291
5364231	CHEMICAL	0.19533605234963552	0.4897989460400173
262	CHEMICAL	0.39640563300677706	0.6382154311452594
323	CHEMICAL	0.2424895465373993	0.5170944971697671
750	CHEMICAL	0.2122703194618225	0.4883458060877664
753	CHEMICAL	0.29612453494753155	0.5666586330958775
962	CHEMICAL	0.2871087044477463	0.5693117805889675
5862	CHEMICAL	0.21290557937962667	0.4943867198058537
5962	CHEMICAL	0.2348139307328633	0.5332018136978149
6274	CHEMICAL	0.30473316993032185	0.593246340751648
6322	CHEMICAL	0.27445739081927706	0.5642751710755485
6669	CHEMICAL	0.22398463955947331	0.44854950053351267
7137	CHEMICAL	0.1596840609397207	0.4372942532811846
15654	CHEMICAL	0.21137891496930802	0.4842014866215842
62089	CHEMICAL	0.33640257375580923	0.6422082015446254
853433	CHEMICAL	0.2051519410950797	0.5036463780062539
5371102	CHEMICAL	0.37047052809170317	0.6394969735826764
10857465	CHEMICAL	0.39706897735595703	0.72288236447743
