oID	descriptor	value	sigma
263	INTENSITY/STRENGTH	0.29091691332204	0.6135396531649998
1001	INTENSITY/STRENGTH	0.36192612988608225	0.6628187724522182
6569	INTENSITY/STRENGTH	0.2740807554551533	0.6167121529579163
6584	INTENSITY/STRENGTH	0.18444531198058808	0.5672336731638227
6997	INTENSITY/STRENGTH	0.6688791768891471	0.6604189872741699
6998	INTENSITY/STRENGTH	0.624627343245915	0.6340118476322719
7151	INTENSITY/STRENGTH	0.3832195486341204	0.6290123973573957
7360	INTENSITY/STRENGTH	0.3782097484384264	0.5996608223233905
7632	INTENSITY/STRENGTH	0.4315773674419948	0.7049064976828439
7761	INTENSITY/STRENGTH	0.33406995449747356	0.6776684692927769
7826	INTENSITY/STRENGTH	0.5573983575616565	0.7125795228140694
7894	INTENSITY/STRENGTH	0.2435584898505892	0.5687342711857387
7969	INTENSITY/STRENGTH	0.5478450613362449	0.6721929737499782
8077	INTENSITY/STRENGTH	0.48197456342833384	0.6624883753912789
8137	INTENSITY/STRENGTH	0.5490885419504983	0.7368533781596592
8375	INTENSITY/STRENGTH	0.5817061705248696	0.6250016689300537
8658	INTENSITY/STRENGTH	0.5871276003973824	0.6584427782467434
8908	INTENSITY/STRENGTH	0.508208521774837	0.7540956139564514
9256	INTENSITY/STRENGTH	0.45736832703862873	0.6191647904259818
11569	INTENSITY/STRENGTH	0.6506357533591134	0.6615787318774632
12180	INTENSITY/STRENGTH	0.36785945296287537	0.7001482929502215
14514	INTENSITY/STRENGTH	0.5401171701295036	0.633080644266946
21057	INTENSITY/STRENGTH	0.3604644111224583	0.6156411852155413
21648	INTENSITY/STRENGTH	0.4849834144115448	0.6500423039708819
22310	INTENSITY/STRENGTH	0.6106244623661041	0.702214138848441
23642	INTENSITY/STRENGTH	0.6250427620751517	0.7015675221170697
31249	INTENSITY/STRENGTH	0.3776125822748457	0.6725592357771737
60999	INTENSITY/STRENGTH	0.4326981135777065	0.7349494780812945
61005	INTENSITY/STRENGTH	0.3464982126440321	0.6891223277364459
61130	INTENSITY/STRENGTH	0.6220263029847827	0.6969054426465716
61408	INTENSITY/STRENGTH	0.5960203068596976	0.7861801726477486
61653	INTENSITY/STRENGTH	0.6695823243686131	0.6642743349075317
62835	INTENSITY/STRENGTH	0.42222297191619873	0.59796370778765
641423	INTENSITY/STRENGTH	0.4403431458132608	0.7623338188443866
1550470	INTENSITY/STRENGTH	0.36040143030030386	0.6248632669448853
5280450	INTENSITY/STRENGTH	0.3916488289833069	0.6669882195336478
5365027	INTENSITY/STRENGTH	0.6626799702644348	0.7538696782929557
8615	INTENSITY/STRENGTH	0.3193063076053347	0.6368064710072109
31404	INTENSITY/STRENGTH	0.16910083485501154	0.5667178545679364
3578033	INTENSITY/STRENGTH	0.6522095458848136	0.6384067535400391
5315892	INTENSITY/STRENGTH	0.5060519788946424	0.7403136151177543
263	VALENCE/PLEASANTNESS	0.40313200865473064	0.5389717050961086
1001	VALENCE/PLEASANTNESS	0.43556090763636995	0.623814983027322
6569	VALENCE/PLEASANTNESS	0.42730372718402315	0.5501255818775722
6584	VALENCE/PLEASANTNESS	0.47496447818619864	0.5294574754578727
6997	VALENCE/PLEASANTNESS	0.35956571783338276	0.6319775240761893
6998	VALENCE/PLEASANTNESS	0.632371723651886	0.6524064285414559
7151	VALENCE/PLEASANTNESS	0.450762471982411	0.5786848834582737
7360	VALENCE/PLEASANTNESS	0.4975434328828539	0.5968387297221592
7632	VALENCE/PLEASANTNESS	0.5599679180553981	0.6615738698414394
7761	VALENCE/PLEASANTNESS	0.5540818401745388	0.5724392192704337
7826	VALENCE/PLEASANTNESS	0.6662771957261222	0.6219602908406939
7894	VALENCE/PLEASANTNESS	0.458982731614794	0.5482922707285199
7969	VALENCE/PLEASANTNESS	0.28258120162146433	0.5568378227097648
8077	VALENCE/PLEASANTNESS	0.25744358769484926	0.5178006844861167
8137	VALENCE/PLEASANTNESS	0.4852616233485086	0.7141138740948269
8375	VALENCE/PLEASANTNESS	0.48325092026165556	0.6571842432022095
8658	VALENCE/PLEASANTNESS	0.5850287633282798	0.6360467331750053
8908	VALENCE/PLEASANTNESS	0.5993084226335798	0.6853295734950474
9256	VALENCE/PLEASANTNESS	0.3264148363045284	0.5187630823680333
11569	VALENCE/PLEASANTNESS	0.722415396145412	0.5376114419528416
12180	VALENCE/PLEASANTNESS	0.42960541588919504	0.5993017213685172
14514	VALENCE/PLEASANTNESS	0.39581681149346487	0.6129197307995388
21057	VALENCE/PLEASANTNESS	0.4465000884873526	0.5846275431769234
21648	VALENCE/PLEASANTNESS	0.5383394360542297	0.6242974315370832
22310	VALENCE/PLEASANTNESS	0.5810261028153556	0.6471113307135445
23642	VALENCE/PLEASANTNESS	0.2733126218829836	0.5734101363590786
31249	VALENCE/PLEASANTNESS	0.5268855435507638	0.5745902487209865
60999	VALENCE/PLEASANTNESS	0.4868700887475695	0.665478161403111
61005	VALENCE/PLEASANTNESS	0.45725084628377644	0.5971998912947518
61130	VALENCE/PLEASANTNESS	0.5149927181856973	0.6829159344945636
61408	VALENCE/PLEASANTNESS	0.48911138091768536	0.6305897406169346
61653	VALENCE/PLEASANTNESS	0.2912122117621558	0.5512402483395168
62835	VALENCE/PLEASANTNESS	0.5138132189001355	0.6156093648501805
641423	VALENCE/PLEASANTNESS	0.564265468290874	0.6460567031587873
1550470	VALENCE/PLEASANTNESS	0.48345733540398733	0.5763378994805473
5280450	VALENCE/PLEASANTNESS	0.32826381496020723	0.5341243062700544
5365027	VALENCE/PLEASANTNESS	0.3867009537560599	0.6279295768056598
8615	VALENCE/PLEASANTNESS	0.6421221239226205	0.6255413549286979
31404	VALENCE/PLEASANTNESS	0.44426324112074717	0.5447523934500558
3578033	VALENCE/PLEASANTNESS	0.5034565840448652	0.5975872789110456
5315892	VALENCE/PLEASANTNESS	0.5943821157727923	0.6652750032288688
263	BAKERY	0.05771361184971673	0.2893991087164198
1001	BAKERY	0.053737283285175054	0.27107704111507963
6569	BAKERY	0.056354404027972906	0.2735155607972826
6584	BAKERY	0.08259383801903043	0.31903925112315584
6997	BAKERY	0.020580238795706203	0.18442977432693755
6998	BAKERY	0.21696140723569052	0.5998862045151847
7151	BAKERY	0.054889098341975896	0.2691589593887329
7360	BAKERY	0.1157155664903777	0.42344172511781963
7632	BAKERY	0.04855657022978578	0.20523049363068172
7761	BAKERY	0.09548565106732505	0.3769063651561737
7826	BAKERY	0.1136133394071034	0.4316837617329189
7894	BAKERY	0.0689409433731011	0.31936906916754587
7969	BAKERY	0.08182271091001374	0.3416579323155539
8077	BAKERY	0.02664836442896298	0.23551989453179495
8137	BAKERY	0.04303290748170444	0.22873371626649583
8375	BAKERY	0.09003559659634318	0.4098531348364694
8658	BAKERY	0.13923199687685286	0.466650698866163
8908	BAKERY	0.06140830421022007	0.2723320169108255
9256	BAKERY	0.06589633758578982	0.3229147621563503
11569	BAKERY	0.37780337035655975	0.7140160841601235
12180	BAKERY	0.05763734025614602	0.2706380124602999
14514	BAKERY	0.07708427735737391	0.3411293072359903
21057	BAKERY	0.05649357634995665	0.27409171206610544
21648	BAKERY	0.12804504483938217	0.4364082600389208
22310	BAKERY	0.035106612369418144	0.2686340425695692
23642	BAKERY	0.05291799934847014	0.27309798129967283
31249	BAKERY	0.0829487315246037	0.37014887162617277
60999	BAKERY	0.07585138721125466	0.2969972150666373
61005	BAKERY	0.06216172607881682	0.2750823029450008
61130	BAKERY	0.04920238070189953	0.28329590388706755
61408	BAKERY	0.08497608186943191	0.3382412110056196
61653	BAKERY	0.11998977724994932	0.45273877893175396
62835	BAKERY	0.18268991581031255	0.5314441578728812
641423	BAKERY	0.1326663281236376	0.43408369592257906
1550470	BAKERY	0.07764918516789164	0.3204175957611629
5280450	BAKERY	0.06790094024368695	0.1815733356135232
5365027	BAKERY	0.03983364839638982	0.1297502304826464
8615	BAKERY	0.09467611994062151	0.2824819045407431
31404	BAKERY	0.07014799490571022	0.266172787972859
3578033	BAKERY	0.13418953440019063	0.42777385456221445
5315892	BAKERY	0.19632558737482345	0.5009202659130096
263	SWEET	0.1327531337738037	0.4978638504232679
1001	SWEET	0.1256327767457281	0.5138489007949829
6569	SWEET	0.14017674646207265	0.5119328073092869
6584	SWEET	0.14964989679200308	0.524881626878466
6997	SWEET	0.06757707947066852	0.34439270411218914
6998	SWEET	0.38988326489925385	0.8108569724219186
7151	SWEET	0.1549577766231128	0.539680506501879
7360	SWEET	0.18240988467420852	0.5906778999737331
7632	SWEET	0.17749786164079392	0.6573448521750314
7761	SWEET	0.27657564835889	0.6698542407580784
7826	SWEET	0.48487292868750437	0.8733080710683551
7894	SWEET	0.10814285491194044	0.4769433353628431
7969	SWEET	0.045520885182278495	0.2633990687983377
8077	SWEET	0.0032860487699508667	0.18665828023638045
8137	SWEET	0.11534050745623452	0.5501752410616193
8375	SWEET	0.19244158693722316	0.5948544910975865
8658	SWEET	0.32814198093754904	0.7510448098182678
8908	SWEET	0.34039504400321413	0.8237107225826809
9256	SWEET	0.032367662127528875	0.2704432031938008
11569	SWEET	0.5194318741559982	0.8399317349706378
12180	SWEET	0.18433263259274618	0.5880752376147679
14514	SWEET	0.1344239605324609	0.5090720908982413
21057	SWEET	0.11752743806157794	0.4773943211351122
21648	SWEET	0.27110656670161654	0.706849992275238
22310	SWEET	0.2528610846826008	0.6177075760705131
23642	SWEET	0.041223126862730296	0.2931738666125706
31249	SWEET	0.2835637203284672	0.6590768269130162
60999	SWEET	0.21878064743110112	0.6860793914113726
61005	SWEET	0.18241673495088304	0.5777298637798854
61130	SWEET	0.19107927169118608	0.5837192535400391
61408	SWEET	0.3304727247783116	0.7372280699866158
61653	SWEET	0.055132994162184853	0.3509541026183537
62835	SWEET	0.21358002509389604	0.6316004906381879
641423	SWEET	0.2983787315232413	0.7420216458184379
1550470	SWEET	0.20778651535511017	0.5845789739063808
5280450	SWEET	0.04951142519712448	0.2570865899324417
5365027	SWEET	0.12105552958590644	0.406035099710737
8615	SWEET	0.30136988844190327	0.7602464641843524
31404	SWEET	0.10273332680974688	0.4270872175693512
3578033	SWEET	0.2563441981162344	0.6120008400508335
5315892	SWEET	0.30787351727485657	0.7403688601085118
263	FRUIT	0.06959857525570053	0.25889396241733004
1001	FRUIT	0.05926756135054997	0.2326338759490422
6569	FRUIT	0.07463282666036061	0.27538877512727467
6584	FRUIT	0.08043912478855678	0.22093249644551957
6997	FRUIT	0.036912037059664726	0.14082662335463933
6998	FRUIT	0.1833823323249817	0.41153818368911743
7151	FRUIT	0.08966480301959175	0.3086452249969755
7360	FRUIT	0.08184114950043815	0.25118081271648407
7632	FRUIT	0.17246272734233312	0.4329965242317745
7761	FRUIT	0.2295205635683877	0.4432323958192553
7826	FRUIT	0.4869809704167502	0.7615404214177813
7894	FRUIT	0.06070982398731368	0.19755915445940836
7969	FRUIT	0.024785520508885384	0.09043557143637113
8077	FRUIT	0.012404334066169602	0.07461955877287048
8137	FRUIT	0.1746964795248849	0.4390546338898795
8375	FRUIT	0.0976757939372744	0.23310481437614985
8658	FRUIT	0.17512028557913645	0.4292131257908685
8908	FRUIT	0.2978057989052364	0.625563234090805
9256	FRUIT	0.028716168499418666	0.097286121653659
11569	FRUIT	0.2221209385565349	0.4909943108047758
12180	FRUIT	0.1141575819679669	0.36151927283832
14514	FRUIT	0.06129607717905726	0.22532534386430467
21057	FRUIT	0.08557736022131783	0.27381633647850584
21648	FRUIT	0.1437614762357303	0.37396934628486633
22310	FRUIT	0.20479876228741237	0.4407678416797093
23642	FRUIT	0.02660254601921354	0.11221775306122643
31249	FRUIT	0.27120740924562725	0.4962823646409171
60999	FRUIT	0.09022722286837441	0.32259941952569143
61005	FRUIT	0.11570884500231061	0.3821228955473219
61130	FRUIT	0.11565325834921428	0.28294569679668974
61408	FRUIT	0.35722955635615755	0.6520827327455793
61653	FRUIT	0.024393812620214055	0.07882686464914254
62835	FRUIT	0.0718294515141419	0.24643240869045258
641423	FRUIT	0.14764664428574698	0.4155212342739105
1550470	FRUIT	0.16761070915630885	0.4088029946599688
5280450	FRUIT	0.03482847261641707	0.1118077736880098
5365027	FRUIT	0.1373405201094491	0.28282494630132404
8615	FRUIT	0.18054828899247305	0.43736294337681364
31404	FRUIT	0.016166811542851583	0.1413991419332368
3578033	FRUIT	0.15527713192360743	0.36949002742767334
5315892	FRUIT	0.09800644431795393	0.34396339314324514
263	FISH	0.10472184738942555	0.2336082479783467
1001	FISH	0.09621160690273557	0.23913371562957764
6569	FISH	0.0813925207725593	0.18121578012193953
6584	FISH	0.0938432514667511	0.22433893595423018
6997	FISH	0.10000240589891161	0.2278107191835131
6998	FISH	0.049400368971484046	0.1277404267873083
7151	FISH	0.08022672789437431	0.20000467130116054
7360	FISH	0.07791975300226893	0.1959529263632638
7632	FISH	0.09024443796702794	0.2043972760438919
7761	FISH	0.0652359277009964	0.18865947212491715
7826	FISH	0.05618091566222055	0.13773487508296967
7894	FISH	0.10241764783859253	0.22589077055454254
7969	FISH	0.24789284808295114	0.46991886837141855
8077	FISH	0.37893994791167124	0.6419905083520072
8137	FISH	0.1025313287973404	0.25715023066316334
8375	FISH	0.06568083113857678	0.19881298073700496
8658	FISH	0.052811872746263235	0.14350325294903346
8908	FISH	0.031165787151881626	0.0922534731881959
9256	FISH	0.30808102233069284	0.5505394382136208
11569	FISH	0.04175314014511449	0.11941810590880257
12180	FISH	0.07390791550278664	0.18749006518295833
14514	FISH	0.07867342765842165	0.20982534757682256
21057	FISH	0.08408143743872643	0.22009296076638357
21648	FISH	0.04540227672883442	0.1278254155601774
22310	FISH	0.05625257108892713	0.17971619750772203
23642	FISH	0.2314034742968423	0.4396886910711016
31249	FISH	0.06616728699633054	0.19670624605246953
60999	FISH	0.05486677959561348	0.1540911261524473
61005	FISH	0.06082865010414805	0.15170240508658545
61130	FISH	0.04462327728314059	0.11696752692971911
61408	FISH	0.09958884865045547	0.22849509119987488
61653	FISH	0.24047939692224776	0.4426484320844923
62835	FISH	0.06798322339143072	0.18361114817006247
641423	FISH	0.04006893653422594	0.15321223863533565
1550470	FISH	0.07624291735036033	0.18324012628623418
5280450	FISH	0.07637636203851018	0.19410196159567153
5365027	FISH	0.0847821193081992	0.1671024284192494
8615	FISH	0.04422660171985626	0.09711816587618419
31404	FISH	0.05036355129310063	0.14216854316847666
3578033	FISH	0.08574812114238739	0.19703855684825353
5315892	FISH	0.05805790637220655	0.17742153576442174
263	GARLIC	0.09319796093872615	0.3196263313293457
1001	GARLIC	0.08130091322319848	0.27544559964111875
6569	GARLIC	0.06535400982413973	0.2708779807601656
6584	GARLIC	0.1266969165631703	0.34325488550322397
6997	GARLIC	0.03415831098599093	0.2053207265479224
6998	GARLIC	0.052928177905934196	0.16314049916607992
7151	GARLIC	0.06609552619712693	0.2460580255304064
7360	GARLIC	0.08359234513981002	0.28687897111688343
7632	GARLIC	0.058846436973129	0.2161362341472081
7761	GARLIC	0.10440723544784955	0.26810358251844135
7826	GARLIC	0.03269724441426141	0.1526486085993903
7894	GARLIC	0.1128372922539711	0.3272195415837424
7969	GARLIC	0.27420458623341154	0.5047913406576429
8077	GARLIC	0.47929883003234863	0.7033519148826599
8137	GARLIC	0.07288276670234543	0.24577337503433228
8375	GARLIC	0.042668914422392845	0.19832618747438704
8658	GARLIC	0.04246372436838491	0.1522982514330319
8908	GARLIC	0.021109077680323805	0.15230784565210342
9256	GARLIC	0.3459621625287192	0.6071071795054844
11569	GARLIC	0.053788080013224056	0.14241972352777207
12180	GARLIC	0.060949595645070076	0.2563864652599607
14514	GARLIC	0.05134915693530014	0.23559387028217316
21057	GARLIC	0.08978454183254923	0.29767542651721407
21648	GARLIC	0.04931506860469069	0.18483925930091313
22310	GARLIC	0.08786449262074061	0.22170333990028926
23642	GARLIC	0.20763541970934188	0.43219595296042307
31249	GARLIC	0.08871900183813912	0.26130439553942
60999	GARLIC	0.042813631306801526	0.20284616308552877
61005	GARLIC	0.052268395998648236	0.21946710561003005
61130	GARLIC	0.04763340391218662	0.1598475639309202
61408	GARLIC	0.07197587937116623	0.22628297124590194
61653	GARLIC	0.2318716879401888	0.4914597656045641
62835	GARLIC	0.08053724254880633	0.28478130059582846
641423	GARLIC	0.07293531617947988	0.24314498049872263
1550470	GARLIC	0.1033906920679978	0.257692494562694
5280450	GARLIC	0.09859609178134374	0.2916963866778782
5365027	GARLIC	0.0661073023719447	0.23816012697560446
8615	GARLIC	0.04256432769554002	0.17266420594283513
31404	GARLIC	0.06403557796563421	0.21132040236677443
3578033	GARLIC	0.07308946017708097	0.24231705282415664
5315892	GARLIC	0.06966998268451009	0.21941842990262167
263	SPICES	0.18088987256799424	0.3950212597846985
1001	SPICES	0.19055222613470896	0.42318524633135113
6569	SPICES	0.1655684390238353	0.38193720153399874
6584	SPICES	0.2100613351379122	0.4000747118677412
6997	SPICES	0.28518231425966534	0.5553487879889352
6998	SPICES	0.28151712247303556	0.5776321036475045
7151	SPICES	0.2040888943842479	0.4362041396754129
7360	SPICES	0.21724191520895278	0.46477734191077097
7632	SPICES	0.19039971274988993	0.4030237581048693
7761	SPICES	0.18752371200493403	0.4171850638730185
7826	SPICES	0.16768213042191096	0.4265291009630476
7894	SPICES	0.21918627406869615	0.4321045918124063
7969	SPICES	0.25562010066849844	0.5314860812255314
8077	SPICES	0.3378037852900369	0.5794867106846401
8137	SPICES	0.22857089127813066	0.4587740812982832
8375	SPICES	0.2703536536012377	0.5481282472610474
8658	SPICES	0.2517302760056087	0.5099637721266065
8908	SPICES	0.12533578063760484	0.37040551219667706
9256	SPICES	0.3080906995705196	0.5545689761638641
11569	SPICES	0.26968192202704294	0.5579537791865212
12180	SPICES	0.14705360787255423	0.35330390504428316
14514	SPICES	0.1561818623117038	0.3734663128852844
21057	SPICES	0.22348362846033915	0.4582163095474243
21648	SPICES	0.2110644451209477	0.4724061276231493
22310	SPICES	0.28760879380362375	0.518593111208507
23642	SPICES	0.2468067386320659	0.502992297921862
31249	SPICES	0.19030024324144637	0.4313163033553532
60999	SPICES	0.1558161824941635	0.38300576380320955
61005	SPICES	0.15617940894195012	0.39015626907348633
61130	SPICES	0.30680405667849947	0.5701988850321088
61408	SPICES	0.16848876859460557	0.39799650652068
61653	SPICES	0.22476541783128465	0.4493603025163923
62835	SPICES	0.2413338146039418	0.5134211140019553
641423	SPICES	0.2113331982067653	0.48982069747788565
1550470	SPICES	0.20270864239760808	0.42591426627976553
5280450	SPICES	0.15948254295757838	0.3931182750633785
5365027	SPICES	0.15370604182992662	0.379076395715986
8615	SPICES	0.1607361797775541	0.36114154968942913
31404	SPICES	0.23357801352228438	0.4862906038761139
3578033	SPICES	0.2392955103090831	0.49762952753475737
5315892	SPICES	0.26366153359413147	0.5260566473007202
263	COLD	0.2182336449623108	0.4098403240953173
1001	COLD	0.25785344200474875	0.42875006794929504
6569	COLD	0.286072130714144	0.4619960103716169
6584	COLD	0.2437454206602914	0.4228010731084006
6997	COLD	0.3878116011619568	0.5812072115285056
6998	COLD	0.3234683445521763	0.5135378667286464
7151	COLD	0.2673960498401097	0.43683295590536936
7360	COLD	0.27795698387282236	0.4517588956015451
7632	COLD	0.3407582938671112	0.5233120322227478
7761	COLD	0.22923524252005986	0.41445170981543406
7826	COLD	0.2524444844041552	0.46506822534969877
7894	COLD	0.3000639336449759	0.4723633655479976
7969	COLD	0.15662449172564916	0.3053495969091143
8077	COLD	0.2011880683047431	0.37705284357070923
8137	COLD	0.3190242222377232	0.5571824141911098
8375	COLD	0.3288329115935734	0.5167008893830436
8658	COLD	0.2956625946930477	0.4876823127269745
8908	COLD	0.3583125727517264	0.5658314142908368
9256	COLD	0.16770563381058828	0.3084978887013027
11569	COLD	0.23172812163829803	0.4289799758366176
12180	COLD	0.25938986454691204	0.4534691997936794
14514	COLD	0.3010109620434897	0.4655601978302002
21057	COLD	0.32886339936937603	0.4879722850663321
21648	COLD	0.2996614021914346	0.498683363199234
22310	COLD	0.4235988897936685	0.599520070212228
23642	COLD	0.1849439569881984	0.3452149076121194
31249	COLD	0.20801510981151036	0.38807834897722515
60999	COLD	0.24861533726964677	0.435243512902941
61005	COLD	0.2407840554203306	0.4081137180328369
61130	COLD	0.47143476775714327	0.6573373419897897
61408	COLD	0.22913025319576263	0.39816394448280334
61653	COLD	0.114966339298657	0.2577470051390784
62835	COLD	0.23705775822911943	0.4299127289227077
641423	COLD	0.20830865417207992	0.3724149635859898
1550470	COLD	0.2397528737783432	0.4245455733367375
5280450	COLD	0.25670791949544636	0.4179399609565735
5365027	COLD	0.3506679151739393	0.5693827441760472
8615	COLD	0.3212304839066097	0.5169463923999241
31404	COLD	0.294677551303591	0.47097926480429514
3578033	COLD	0.2042828926018306	0.4035806102412088
5315892	COLD	0.20160695910453796	0.3884685976164682
263	SOUR	0.33054106150354656	0.5146612269537789
1001	SOUR	0.2644505032471248	0.49869708503995624
6569	SOUR	0.2711865987096514	0.46490914055279325
6584	SOUR	0.288292442049299	0.46799088375908987
6997	SOUR	0.18084790238312312	0.4323946791035788
6998	SOUR	0.12223183257239205	0.3122642380850656
7151	SOUR	0.22761493708406175	0.45499074884823393
7360	SOUR	0.1929535291024617	0.3950769773551396
7632	SOUR	0.2452306023665837	0.483620034796851
7761	SOUR	0.27090777456760406	0.4656839668750763
7826	SOUR	0.21777871463979995	0.44143269317490713
7894	SOUR	0.2663145661354065	0.4541910205568586
7969	SOUR	0.38467670338494436	0.6448089565549578
8077	SOUR	0.455578693321773	0.6833380801337106
8137	SOUR	0.24630616392408097	0.47693280237061636
8375	SOUR	0.161656882081713	0.37280317715236116
8658	SOUR	0.134771822818688	0.3432258197239467
8908	SOUR	0.22255868996892655	0.425674421446664
9256	SOUR	0.45563257592064993	0.6861465317862374
11569	SOUR	0.1262328401207924	0.2749393348182951
12180	SOUR	0.32047116330691744	0.5117969470364707
14514	SOUR	0.25418303268296377	0.49083987304142546
21057	SOUR	0.2575134975569589	0.47546406728880747
21648	SOUR	0.17787667683192662	0.3845447727612087
22310	SOUR	0.1647558052624975	0.3944625897066934
23642	SOUR	0.38510405591556	0.6331577301025391
31249	SOUR	0.27548205639634815	0.48185546483312336
60999	SOUR	0.2588307091167995	0.4857706384999411
61005	SOUR	0.3246447316237858	0.5329463737351554
61130	SOUR	0.16352774415697371	0.3743323598589216
61408	SOUR	0.4596103472369058	0.6592086468424115
61653	SOUR	0.3787739702633449	0.5971687776701791
62835	SOUR	0.21925721636840276	0.4252378898007529
641423	SOUR	0.2727770635059902	0.4806118224348341
1550470	SOUR	0.2446512132883072	0.44125892009053913
5280450	SOUR	0.32631769350596834	0.5981348923274449
5365027	SOUR	0.2797161511012486	0.5118284140314374
8615	SOUR	0.1992057583161763	0.4004690647125244
31404	SOUR	0.2378419509955815	0.4437449106148311
3578033	SOUR	0.18800996669701167	0.43436608569962637
5315892	SOUR	0.22588495484420232	0.42347237042018343
263	BURNT	0.09940414769308907	0.3357200026512146
1001	BURNT	0.1557979562452861	0.4299106299877167
6569	BURNT	0.09382560104131699	0.310482382774353
6584	BURNT	0.09228341121758733	0.3241406423704965
6997	BURNT	0.23607584621225083	0.5914490818977356
6998	BURNT	0.12511266022920609	0.3682689539023808
7151	BURNT	0.1306950726679393	0.3759260433060782
7360	BURNT	0.14694100618362427	0.41117124472345623
7632	BURNT	0.07956747604267937	0.33237833636147635
7761	BURNT	0.07180780172348022	0.2978142031601497
7826	BURNT	0.04772814576114927	0.2262141172374998
7894	BURNT	0.11961680863584791	0.3665670795100076
7969	BURNT	0.3255486105169569	0.685517932687487
8077	BURNT	0.25256077306611197	0.5494750908442906
8137	BURNT	0.11160023404019219	0.40741074085235596
8375	BURNT	0.18407500428812845	0.49773768867765156
8658	BURNT	0.1073592294539724	0.3456062504223415
8908	BURNT	0.05598052750740733	0.24181485176086426
9256	BURNT	0.2448655515909195	0.5698398011071342
11569	BURNT	0.08476139871137482	0.29949517122336794
12180	BURNT	0.08582355507782527	0.3155943921634129
14514	BURNT	0.19299270851271494	0.500302927834647
21057	BURNT	0.1170947157910892	0.35781560625348774
21648	BURNT	0.13197395844118937	0.3663196010249002
22310	BURNT	0.0676884294620582	0.29694958456924986
23642	BURNT	0.29679521918296814	0.650305484022413
31249	BURNT	0.08688458906752723	0.30638221332005094
60999	BURNT	0.0966524960739272	0.3138409640107836
61005	BURNT	0.0980814631496157	0.3261416384152004
61130	BURNT	0.12599909199135645	0.38946363755634855
61408	BURNT	0.07129229019795146	0.29991250378744944
61653	BURNT	0.3490582151072366	0.6925863964217049
62835	BURNT	0.19167750860963548	0.48159490738596233
641423	BURNT	0.07656913782869067	0.2791781446763447
1550470	BURNT	0.09079250107918467	0.31263311420168194
5280450	BURNT	0.2319270031792777	0.5705353958266122
5365027	BURNT	0.1701854807989938	0.4940271633011954
8615	BURNT	0.04794013287339892	0.20775850330080306
31404	BURNT	0.14970460534095764	0.45975344095911297
3578033	BURNT	0.16344358452728816	0.43054880840437754
5315892	BURNT	0.11322317591735295	0.32139405821050915
263	ACID	0.2708773485251835	0.44735733951841083
1001	ACID	0.29542658584458487	0.49394139647483826
6569	ACID	0.3294039922101157	0.5004035958221981
6584	ACID	0.2215976736375264	0.38191425800323486
6997	ACID	0.58473111476217	0.7743881940841675
6998	ACID	0.202444389462471	0.39074876052992685
7151	ACID	0.3228503721100943	0.5187167993613652
7360	ACID	0.2344792868409838	0.4166366968836103
7632	ACID	0.29388357060296194	0.5223355293273926
7761	ACID	0.20345905423164368	0.3628587807927813
7826	ACID	0.17425744235515594	0.3687473365238735
7894	ACID	0.27213006360190256	0.4463576206139156
7969	ACID	0.3510373319898333	0.5082695867334094
8077	ACID	0.3557840202535902	0.5552794933319092
8137	ACID	0.2793721407651901	0.5190830315862384
8375	ACID	0.33735095603125437	0.5195237568446568
8658	ACID	0.25942978050027576	0.44081440567970276
8908	ACID	0.3221166580915451	0.5152661119188581
9256	ACID	0.26133821053164347	0.4526811753000532
11569	ACID	0.16809948214462825	0.32818940707615446
12180	ACID	0.34596011894089834	0.5479002935545785
14514	ACID	0.41563017879213604	0.6217399920736041
21057	ACID	0.36721934591020855	0.5547734413828168
21648	ACID	0.22862433748585836	0.4128518189702715
22310	ACID	0.2808519112212317	0.5031201200825828
23642	ACID	0.4402570426464081	0.5950535961559841
31249	ACID	0.20456756225654057	0.35219776204654146
60999	ACID	0.2551318236759731	0.4625519726957594
61005	ACID	0.2531450241804123	0.44207894802093506
61130	ACID	0.3426249303988048	0.5318538589136941
61408	ACID	0.23956431874207088	0.4289595229285104
61653	ACID	0.30302153314862934	0.4780713532652174
62835	ACID	0.20018457514899118	0.3867769752229963
641423	ACID	0.14882400631904602	0.3310782185622624
1550470	ACID	0.20433413556643895	0.3540004108633314
5280450	ACID	0.4497911887509482	0.6282788600240435
5365027	ACID	0.41784275429589407	0.6105490071432931
8615	ACID	0.17315476494176046	0.39409935048648287
31404	ACID	0.37547095332826885	0.5449479648045131
3578033	ACID	0.23990006957735335	0.454194392476763
5315892	ACID	0.15346203105790274	0.35421266726085116
263	WARM	0.27763915061950684	0.4705004564353398
1001	WARM	0.3455075706754412	0.5428637606757027
6569	WARM	0.26584333394254955	0.45292933923857553
6584	WARM	0.26222409520830425	0.4291699698993138
6997	WARM	0.3937485558646066	0.6107819080352783
6998	WARM	0.47675725391932894	0.6726929886000497
7151	WARM	0.30405798980167936	0.514336998973574
7360	WARM	0.3421528552259718	0.55113114629473
7632	WARM	0.3067341617175511	0.5008016909871783
7761	WARM	0.31806930899620056	0.5151352754661015
7826	WARM	0.35135678734098164	0.5747005428586688
7894	WARM	0.27893924713134766	0.4654037909848349
7969	WARM	0.4062453125204359	0.6413159966468811
8077	WARM	0.33213928767613005	0.5746648567063468
8137	WARM	0.2603281949247633	0.4841268403189523
8375	WARM	0.41642437662397114	0.6471183981214251
8658	WARM	0.4014710400785719	0.6076856936727252
8908	WARM	0.2715814369065421	0.49812264101845877
9256	WARM	0.3537635547774179	0.5721410172326225
11569	WARM	0.5463089857782636	0.7097550545419965
12180	WARM	0.27225017121859957	0.47212521944727215
14514	WARM	0.35500870857919964	0.5880532009260995
21057	WARM	0.290655289377485	0.4997052933488573
21648	WARM	0.3801081308296749	0.5964913027627128
22310	WARM	0.28920825890132357	0.49770723070417133
23642	WARM	0.4057849645614624	0.6389860255377633
31249	WARM	0.31477061339787077	0.5138110518455505
60999	WARM	0.36078547154154095	0.5777513469968524
61005	WARM	0.3203255534172058	0.5293425917625427
61130	WARM	0.3774937944752829	0.6036486966269357
61408	WARM	0.37255196486200604	0.627673191683633
61653	WARM	0.41172643644469126	0.6619343417031425
62835	WARM	0.4324206752436502	0.6480138897895813
641423	WARM	0.4157750393663134	0.63006591796875
1550470	WARM	0.30580549580710276	0.49233080233846394
5280450	WARM	0.3686421641281673	0.5608194896153041
5365027	WARM	0.2838262617588043	0.5198972054890224
8615	WARM	0.30193487661225454	0.4866319213594709
31404	WARM	0.3548345054898943	0.5796899710382734
3578033	WARM	0.386361939566476	0.5902007562773568
5315892	WARM	0.4668760086808886	0.6523101840700422
263	MUSKY	0.31069183349609375	0.5268137965883527
1001	MUSKY	0.3304000624588558	0.607011752469199
6569	MUSKY	0.2600787729024887	0.4715124709265573
6584	MUSKY	0.24790880722658976	0.45987632870674133
6997	MUSKY	0.22174855853830064	0.49357315046446665
6998	MUSKY	0.14261815803391592	0.3650862191404615
7151	MUSKY	0.23394143368516648	0.49054356132234844
7360	MUSKY	0.23291267028876714	0.48454305103846956
7632	MUSKY	0.2507119136197226	0.5073862203529903
7761	MUSKY	0.22336570492812566	0.43731882742473055
7826	MUSKY	0.12794791268450872	0.34358478443963186
7894	MUSKY	0.25524773980890003	0.46832131913730074
7969	MUSKY	0.3842179775238037	0.6955577220235553
8077	MUSKY	0.3581648554120745	0.6569000567708697
8137	MUSKY	0.21201978836740767	0.4550146928855351
8375	MUSKY	0.2188524752855301	0.47433110645839144
8658	MUSKY	0.18912622332572937	0.41307041474751066
8908	MUSKY	0.1545947226030486	0.34599236505372183
9256	MUSKY	0.4008384644985199	0.6873759286744254
11569	MUSKY	0.11957423016428947	0.3222495530332838
12180	MUSKY	0.26047408155032564	0.4711215879235949
14514	MUSKY	0.32198554277420044	0.5926527466092791
21057	MUSKY	0.23213731178215571	0.4598172349589212
21648	MUSKY	0.22812634706497192	0.46620271035603117
22310	MUSKY	0.12143331553254809	0.34003715217113495
23642	MUSKY	0.3920340623174395	0.7073904275894165
31249	MUSKY	0.21991012351853506	0.42663913113730295
60999	MUSKY	0.3146764912775585	0.5674601580415454
61005	MUSKY	0.29710371792316437	0.5255107624190194
61130	MUSKY	0.17362269014120102	0.40555624450956074
61408	MUSKY	0.32049861550331116	0.5204354482037681
61653	MUSKY	0.39507454207965303	0.7116053104400635
62835	MUSKY	0.2465055968080248	0.5222345122269222
641423	MUSKY	0.27558956827436176	0.5127852303641183
1550470	MUSKY	0.22234142465250833	0.42039555311203003
5280450	MUSKY	0.40059745737484526	0.6597428832735334
5365027	MUSKY	0.2942143827676773	0.5829118915966579
8615	MUSKY	0.1828070410660335	0.4277518774781908
31404	MUSKY	0.3057045468262264	0.524559246642249
3578033	MUSKY	0.22806584409305028	0.46331404788153513
5315892	MUSKY	0.26729593106678556	0.49510606697627474
263	SWEATY	0.2154407948255539	0.3980180152824947
1001	SWEATY	0.1644785382917949	0.37647214106151033
6569	SWEATY	0.16197622886725835	0.33355075120925903
6584	SWEATY	0.1460947287934167	0.33802393078804016
6997	SWEATY	0.09257229257907186	0.26689538785389494
6998	SWEATY	0.04510455924485411	0.1236032306083611
7151	SWEATY	0.10792738305670875	0.29240024941308157
7360	SWEATY	0.10973333035196577	0.2538089965070997
7632	SWEATY	0.1557029496346201	0.36474420768874033
7761	SWEATY	0.13046260071652277	0.29717642068862915
7826	SWEATY	0.08916925745350975	0.22009503415652684
7894	SWEATY	0.14471634264503205	0.31573558279446196
7969	SWEATY	0.24713514745235443	0.5011252420289176
8077	SWEATY	0.23063450838838304	0.5286589392593929
8137	SWEATY	0.10311861708760262	0.31892540625163485
8375	SWEATY	0.08442108279892377	0.20135245897940227
8658	SWEATY	0.06675776786037854	0.16813364731413977
8908	SWEATY	0.09225529538733619	0.21946402106966292
9256	SWEATY	0.26895803425993237	0.5398625220571246
11569	SWEATY	0.0649642204599721	0.11808992070811135
12180	SWEATY	0.1722245535680226	0.35338702372142244
14514	SWEATY	0.17329393752983638	0.3765953098024641
21057	SWEATY	0.13785397687128612	0.32195815443992615
21648	SWEATY	0.10618160824690547	0.24723752907344274
22310	SWEATY	0.054305823519825935	0.19957886849130904
23642	SWEATY	0.25707160787922995	0.501056603022984
31249	SWEATY	0.13346024815525329	0.3126438685825893
60999	SWEATY	0.1795758136681148	0.3817870744637081
61005	SWEATY	0.2046352561031069	0.41733241081237793
61130	SWEATY	0.059068555278437476	0.17595156601497106
61408	SWEATY	0.2795179613998958	0.4841873858656202
61653	SWEATY	0.24745225054877146	0.5231237283774784
62835	SWEATY	0.13035367109945842	0.27522748921598705
641423	SWEATY	0.1899384068591254	0.38078212312289644
1550470	SWEATY	0.12631890709911073	0.31095972657203674
5280450	SWEATY	0.2490771540573665	0.5278126512254987
5365027	SWEATY	0.1569090262055397	0.3801124223640987
8615	SWEATY	0.08341808191367558	0.2203327523810523
31404	SWEATY	0.1525715770465987	0.3150045318262918
3578033	SWEATY	0.13302619648831232	0.31610384583473206
5315892	SWEATY	0.16215000408036367	0.32782237444605145
263	AMMONIA/URINOUS	0.3268320219857352	0.46353839124952045
1001	AMMONIA/URINOUS	0.3914513034479959	0.5391783842018673
6569	AMMONIA/URINOUS	0.33934807777404785	0.47746062704495024
6584	AMMONIA/URINOUS	0.23050031065940857	0.37868501458849224
6997	AMMONIA/URINOUS	0.6176204681396484	0.7481506807463509
6998	AMMONIA/URINOUS	0.21390696934291295	0.3381123287337167
7151	AMMONIA/URINOUS	0.3137790177549635	0.4609233907290867
7360	AMMONIA/URINOUS	0.24775205978325435	0.38550623825618197
7632	AMMONIA/URINOUS	0.37041849323681425	0.4724771167550768
7761	AMMONIA/URINOUS	0.173769120659147	0.2971348123891013
7826	AMMONIA/URINOUS	0.12177165065492902	0.22950281628540584
7894	AMMONIA/URINOUS	0.2753754620041166	0.4138342227254595
7969	AMMONIA/URINOUS	0.46488520077296663	0.5940086756433759
8077	AMMONIA/URINOUS	0.43271714448928833	0.5619359144142696
8137	AMMONIA/URINOUS	0.2468797585793904	0.39022559779030935
8375	AMMONIA/URINOUS	0.39961317607334684	0.5355393503393445
8658	AMMONIA/URINOUS	0.26289665911878857	0.3827693292072841
8908	AMMONIA/URINOUS	0.28091223325048176	0.39582389167376925
9256	AMMONIA/URINOUS	0.3475006605897631	0.49372951473508564
11569	AMMONIA/URINOUS	0.1510250366159848	0.26080051490238737
12180	AMMONIA/URINOUS	0.3634728874479021	0.530286158834185
14514	AMMONIA/URINOUS	0.4802544585296086	0.6417443241391864
21057	AMMONIA/URINOUS	0.34428371701921734	0.490487277507782
21648	AMMONIA/URINOUS	0.2538326680660248	0.374541312456131
22310	AMMONIA/URINOUS	0.2245190590620041	0.3806002693516867
23642	AMMONIA/URINOUS	0.594784711088453	0.7039444105965751
31249	AMMONIA/URINOUS	0.152856884258134	0.274601440344538
60999	AMMONIA/URINOUS	0.3853103688785008	0.5262967433248248
61005	AMMONIA/URINOUS	0.25899538823536467	0.3988088497093746
61130	AMMONIA/URINOUS	0.36454769543239046	0.4939149022102356
61408	AMMONIA/URINOUS	0.2883173184735434	0.4313586524554661
61653	AMMONIA/URINOUS	0.42616114020347595	0.5853297880717686
62835	AMMONIA/URINOUS	0.2156974141086851	0.3667271818433489
641423	AMMONIA/URINOUS	0.22614368157727377	0.3585249696459089
1550470	AMMONIA/URINOUS	0.19139686865465982	0.30532083766801016
5280450	AMMONIA/URINOUS	0.4051167496613094	0.527186930179596
5365027	AMMONIA/URINOUS	0.41106921434402466	0.5391833526747567
8615	AMMONIA/URINOUS	0.2010639693055834	0.32819801568984985
31404	AMMONIA/URINOUS	0.32696077653339933	0.45830306836536955
3578033	AMMONIA/URINOUS	0.21360238747937338	0.37174498609134127
5315892	AMMONIA/URINOUS	0.24421723825590952	0.3790271835667746
263	DECAYED	0.12976478678839548	0.4104435954775129
1001	DECAYED	0.1119433364697865	0.38692214659282137
6569	DECAYED	0.10531405253069741	0.37181368470191956
6584	DECAYED	0.08294005904878889	0.3204633891582489
6997	DECAYED	0.1050955844776971	0.3957550695964268
6998	DECAYED	0.027814715302416256	0.19940204066889627
7151	DECAYED	0.09177839543138232	0.3080983715397971
7360	DECAYED	0.07459667750767299	0.3146507569721767
7632	DECAYED	0.09377942234277725	0.33087101578712463
7761	DECAYED	0.08429046720266342	0.2919918383870806
7826	DECAYED	0.08092291014535087	0.28923132164137705
7894	DECAYED	0.0959843567439488	0.3572376455579485
7969	DECAYED	0.21363496354648046	0.6079321418489728
8077	DECAYED	0.27656694820949007	0.6941014102527073
8137	DECAYED	0.09885196281330925	0.3375659201826368
8375	DECAYED	0.06706924842936653	0.3109626259122576
8658	DECAYED	0.052780033754450936	0.24416050953524454
8908	DECAYED	0.07618562557867595	0.32518170135361807
9256	DECAYED	0.21593407647950308	0.5679697053773063
11569	DECAYED	0.023203760917697634	0.17533734227929795
12180	DECAYED	0.11968762001820973	0.3999554898057665
14514	DECAYED	0.12496640426771981	0.4111849623067038
21057	DECAYED	0.10735159793070384	0.38573576722826275
21648	DECAYED	0.060035769428525655	0.273383161851338
22310	DECAYED	0.054996230506471226	0.2478084500346865
23642	DECAYED	0.22469692996570043	0.5900039161954608
31249	DECAYED	0.09350782260298729	0.31929574268204824
60999	DECAYED	0.08909465798309871	0.34875878265925814
61005	DECAYED	0.10484863498381206	0.3448364734649658
61130	DECAYED	0.07022214494645596	0.31515649386814665
61408	DECAYED	0.18644068283694132	0.485343690429415
61653	DECAYED	0.2222895622253418	0.59367778471538
62835	DECAYED	0.06042627617716789	0.29358699917793274
641423	DECAYED	0.0806836054793426	0.3194548657962254
1550470	DECAYED	0.09043339905994278	0.3235803757395063
5280450	DECAYED	0.10616484816585268	0.34172944511686054
5365027	DECAYED	0.11782379448413849	0.3725529398236956
8615	DECAYED	0.056010441056319644	0.2102952982698168
31404	DECAYED	0.07451605850032397	0.31976077812058584
3578033	DECAYED	0.07441420054861478	0.3101620248385838
5315892	DECAYED	0.06808343210390636	0.3093850612640381
263	WOOD	0.13718306592532567	0.27384122354643686
1001	WOOD	0.2409854850598744	0.41942516820771353
6569	WOOD	0.15649843322379248	0.28015332562582834
6584	WOOD	0.16520062621150697	0.2750419186694281
6997	WOOD	0.3085767137152808	0.48617676751954214
6998	WOOD	0.19251685270241328	0.30965698616845266
7151	WOOD	0.2505524903535843	0.4014510469777243
7360	WOOD	0.2295571927513395	0.3771236368588039
7632	WOOD	0.20545087541852677	0.4169955125876835
7761	WOOD	0.13595486964498246	0.210268891283444
7826	WOOD	0.10342678321259362	0.18710756301879883
7894	WOOD	0.21856805043561117	0.36548081040382385
7969	WOOD	0.2511208248989923	0.404817921774728
8077	WOOD	0.1380448383944375	0.2578493484428951
8137	WOOD	0.29432946869305204	0.485231876373291
8375	WOOD	0.29050283772604807	0.4384153570447649
8658	WOOD	0.20916245026247843	0.33472938196999685
8908	WOOD	0.10968207993677684	0.20162311834948404
9256	WOOD	0.21841982858521597	0.3832044388566698
11569	WOOD	0.15737434476613998	0.23321395367383957
12180	WOOD	0.11101425971303668	0.21119892171451024
14514	WOOD	0.30053006751196726	0.490341522863933
21057	WOOD	0.25585974965776714	0.4254396217209952
21648	WOOD	0.2398365991456168	0.3638170531817845
22310	WOOD	0.25589805628572193	0.44110346266201567
23642	WOOD	0.25019025802612305	0.38444299357278006
31249	WOOD	0.15362425574234553	0.2304930133478982
60999	WOOD	0.12905082532337733	0.25125430311475483
61005	WOOD	0.1947383816753115	0.3458632103034428
61130	WOOD	0.3199741095304489	0.4829491972923279
61408	WOOD	0.12704949506691524	0.21680545594011033
61653	WOOD	0.3351919778755733	0.5035370630877358
62835	WOOD	0.2729166405541556	0.4367045249257769
641423	WOOD	0.1117515287228993	0.21112811991146632
1550470	WOOD	0.2091382167169026	0.31014288323266165
5280450	WOOD	0.42209872603416443	0.6023322769573757
5365027	WOOD	0.3766660690307617	0.5619980565139225
8615	WOOD	0.1464012712240219	0.2477247267961502
31404	WOOD	0.4074582244668688	0.5786031825201852
3578033	WOOD	0.2794449520962579	0.4824454060622624
5315892	WOOD	0.17000673498426164	0.30882190806525095
263	GRASS	0.07793905905314855	0.24144070276192256
1001	GRASS	0.11007368990353175	0.3188133920942034
6569	GRASS	0.07141540465610367	0.2407524287700653
6584	GRASS	0.09995922978435244	0.28461427773748127
6997	GRASS	-0.006351681160075324	0.14526952058076859
6998	GRASS	0.0734255180827209	0.22241261814321792
7151	GRASS	0.12259979652506965	0.31517687014171053
7360	GRASS	0.08981148792164666	0.2595631607941219
7632	GRASS	0.19177821491445815	0.45393296650477816
7761	GRASS	0.08154550567269325	0.2782468668052128
7826	GRASS	0.12614322027989797	0.3094971946307591
7894	GRASS	0.11488211580685206	0.30892699531146456
7969	GRASS	0.038739298337272236	0.1727102313722883
8077	GRASS	0.09692480627979551	0.260579241173608
8137	GRASS	0.5254541635513306	0.8005531515393939
8375	GRASS	0.05856498144567013	0.21437967462199076
8658	GRASS	0.0927564970084599	0.253046201808112
8908	GRASS	0.12870351331574575	0.3391110215868269
9256	GRASS	0.110111945441791	0.2667100046362196
11569	GRASS	0.07209851060594831	0.217887211058821
12180	GRASS	0.06199906872851508	0.23822956212929317
14514	GRASS	0.06653010206563133	0.22002339788845607
21057	GRASS	0.1378293995346342	0.3514589922768729
21648	GRASS	0.09511149461780276	0.2574885146958487
22310	GRASS	0.30138617541108814	0.5611456079142434
23642	GRASS	0.031948921137622426	0.19002681970596313
31249	GRASS	0.11128840382610049	0.3033137832369123
60999	GRASS	0.06770573396767889	0.24526414700916835
61005	GRASS	0.11037609087569374	0.2894166537693569
61130	GRASS	0.18513278237410954	0.40924909710884094
61408	GRASS	0.10225178354552814	0.2656417999948774
61653	GRASS	0.07464152148791722	0.23346018578324998
62835	GRASS	0.06891316760863576	0.19990210660866328
641423	GRASS	0.0717460262988295	0.2515422297375543
1550470	GRASS	0.20781773967402323	0.3937850424221584
5280450	GRASS	0.06632308449063982	0.21184270296778
5365027	GRASS	0.26947084282125744	0.5116992550236839
8615	GRASS	0.10432192576783043	0.3085541640009199
31404	GRASS	0.10062147464071002	0.2577556584562574
3578033	GRASS	0.12546515890530177	0.27099059735025677
5315892	GRASS	0.10642647956098829	0.2647716317858015
263	FLOWER	0.08510117711765426	0.2929689458438328
1001	FLOWER	0.18838290657315934	0.40443517906325205
6569	FLOWER	0.07837659014122826	0.28965072120938984
6584	FLOWER	0.12425921431609563	0.3497843529496874
6997	FLOWER	0.05604216616068568	0.19771802851131984
6998	FLOWER	0.21002453565597534	0.47846564650535583
7151	FLOWER	0.15093588190419333	0.381463212626321
7360	FLOWER	0.13515870060239518	0.3320856860705784
7632	FLOWER	0.36502692103385925	0.604156494140625
7761	FLOWER	0.20446722209453583	0.425355213029044
7826	FLOWER	0.25531131454876493	0.5005037145955222
7894	FLOWER	0.10315476038626262	0.29723359857286724
7969	FLOWER	0.007173633735094752	0.09710228549582618
8077	FLOWER	0.014237994062049049	0.07855952850409917
8137	FLOWER	0.21278223608221328	0.5008057015282767
8375	FLOWER	0.15420780330896378	0.36613987599100384
8658	FLOWER	0.25565552711486816	0.5010577951158796
8908	FLOWER	0.2562036429132734	0.552858190877097
9256	FLOWER	0.006123729050159454	0.1126017038311277
11569	FLOWER	0.2274583631328174	0.48595617924417767
12180	FLOWER	0.09046758498464312	0.31057320535182953
14514	FLOWER	0.09358281429324831	0.2602821545941489
21057	FLOWER	0.07580820790358953	0.2743751619543348
21648	FLOWER	0.2075424598796027	0.4483952522277832
22310	FLOWER	0.24817622133663722	0.4751852069582258
23642	FLOWER	0.040399717699204175	0.1489967331290245
31249	FLOWER	0.1564439194543021	0.3657421384538923
60999	FLOWER	0.2773153420005526	0.5524309362683978
61005	FLOWER	0.1628029037799154	0.41433929545538767
61130	FLOWER	0.15818858359541213	0.41212014641080585
61408	FLOWER	0.1569979882666043	0.3677194373948233
61653	FLOWER	7.710073675428118e-05	0.06828977380480085
62835	FLOWER	0.1103645930332797	0.2986459604331425
641423	FLOWER	0.2650675156286785	0.5131076489176069
1550470	FLOWER	0.16621607009853637	0.3875678437096732
5280450	FLOWER	-0.027626735557402884	0.12294221243688039
5365027	FLOWER	0.12979318520852498	0.3168057756764548
8615	FLOWER	0.3741609496729715	0.6579994474138532
31404	FLOWER	0.13507731578179769	0.3012845537492207
3578033	FLOWER	0.13909508075032914	0.3352005439145224
5315892	FLOWER	0.28401957026549746	0.5168298482894897
263	CHEMICAL	0.3038587442466191	0.5854792765208653
1001	CHEMICAL	0.3320552238396236	0.6235503894942147
6569	CHEMICAL	0.3844539097377232	0.6494450909750802
6584	CHEMICAL	0.22567554669720785	0.5037731400557927
6997	CHEMICAL	0.7417790974889483	0.8853264961923871
6998	CHEMICAL	0.3359270862170628	0.5920631544930595
7151	CHEMICAL	0.3528007779802595	0.6259249363626752
7360	CHEMICAL	0.2918577492237091	0.5582735623632159
7632	CHEMICAL	0.32603385618754793	0.6225566438266209
7761	CHEMICAL	0.22043089781488692	0.5171197823115757
7826	CHEMICAL	0.24636603466102056	0.5402351106916156
7894	CHEMICAL	0.28851283873830524	0.5653448700904846
7969	CHEMICAL	0.3105264902114868	0.5644100393567767
8077	CHEMICAL	0.24982944556644984	0.582599971975599
8137	CHEMICAL	0.27568390113966806	0.6274050985063825
8375	CHEMICAL	0.46304851344653536	0.6801990440913609
8658	CHEMICAL	0.3578570655414036	0.6235878467559814
8908	CHEMICAL	0.423281192779541	0.7117066638810294
9256	CHEMICAL	0.17001292535236903	0.4632505774497986
11569	CHEMICAL	0.2310134917497635	0.46449707235608784
12180	CHEMICAL	0.42028228299958365	0.7120847191129412
14514	CHEMICAL	0.4835226280348642	0.7150373033114842
21057	CHEMICAL	0.396578780242375	0.6545185446739197
21648	CHEMICAL	0.3101536546434675	0.5884412016187396
22310	CHEMICAL	0.3663021836962019	0.6622959119932992
23642	CHEMICAL	0.4239716018949236	0.654682321207864
31249	CHEMICAL	0.21275379402296885	0.49665496179035734
60999	CHEMICAL	0.33375599128859385	0.6224511436053685
61005	CHEMICAL	0.2763926876442773	0.5752806493214199
61130	CHEMICAL	0.5152631529739925	0.7736663477761405
61408	CHEMICAL	0.2642054728099278	0.5706650699887957
61653	CHEMICAL	0.25884977195944103	0.5141658655234745
62835	CHEMICAL	0.23402638094765799	0.5241669927324567
641423	CHEMICAL	0.19298225002629416	0.5177990112985883
1550470	CHEMICAL	0.22156500390597753	0.49550123299871174
5280450	CHEMICAL	0.4397694000176021	0.713310250214168
5365027	CHEMICAL	0.4887615868023464	0.7791821530887059
8615	CHEMICAL	0.2710268178156444	0.5731277976717267
31404	CHEMICAL	0.38036242553165983	0.632160518850599
3578033	CHEMICAL	0.2525459996291569	0.569641751902444
5315892	CHEMICAL	0.19225439429283142	0.5090933867863247
