oID	descriptor	value	sigma
180	INTENSITY/STRENGTH	0.19684621053082602	0.5513032674789429
264	INTENSITY/STRENGTH	0.33020936591284616	0.6400554605892727
702	INTENSITY/STRENGTH	0.13426911937338964	0.5050606642450605
1031	INTENSITY/STRENGTH	0.20806645921298436	0.5578188470431736
3102	INTENSITY/STRENGTH	0.42297750285693575	0.6644264374460492
3314	INTENSITY/STRENGTH	0.38345709230218616	0.6154664243970599
6506	INTENSITY/STRENGTH	0.16064095124602318	0.48204740030424936
6544	INTENSITY/STRENGTH	0.567710314478193	0.6661263363701957
6561	INTENSITY/STRENGTH	0.3212705637727465	0.6429151722363063
7092	INTENSITY/STRENGTH	0.5259485500199454	0.6256826434816632
7302	INTENSITY/STRENGTH	0.4609493783542088	0.6167061839784894
7476	INTENSITY/STRENGTH	0.46044490167072843	0.6882964202335903
7559	INTENSITY/STRENGTH	0.5119098850658962	0.7560013277190072
7657	INTENSITY/STRENGTH	0.4005149390016283	0.6532383050237384
7770	INTENSITY/STRENGTH	0.4872360612664904	0.7213959864207676
7793	INTENSITY/STRENGTH	0.5139042862824031	0.6939164740698678
7797	INTENSITY/STRENGTH	0.5924415758677891	0.6512511542865208
8025	INTENSITY/STRENGTH	0.1961495897599629	0.5652487703732082
8049	INTENSITY/STRENGTH	0.19968425163200923	0.5522934624126979
8094	INTENSITY/STRENGTH	0.4622070235865457	0.6999001502990723
8419	INTENSITY/STRENGTH	0.4244515470096043	0.6358897004808698
8438	INTENSITY/STRENGTH	0.45241257548332214	0.6312209623200553
8468	INTENSITY/STRENGTH	0.26614546350070406	0.5813851271356855
8815	INTENSITY/STRENGTH	0.4481395355292729	0.5640054515429905
8878	INTENSITY/STRENGTH	0.5213031257901873	0.6735670992306301
9012	INTENSITY/STRENGTH	0.621592892067773	0.7317455581256321
10886	INTENSITY/STRENGTH	0.33892748611313955	0.6573470830917358
11567	INTENSITY/STRENGTH	0.6422644768442426	0.6711535368646894
12020	INTENSITY/STRENGTH	0.29263284376689364	0.5926966837474278
12265	INTENSITY/STRENGTH	0.44040463651929584	0.5782445669174194
12377	INTENSITY/STRENGTH	0.43432818140302387	0.6707372665405273
16537	INTENSITY/STRENGTH	0.4212126348699842	0.6349339400018964
17898	INTENSITY/STRENGTH	0.6262180549757821	0.6266263808522906
18467	INTENSITY/STRENGTH	0.45021141852651325	0.5752861840384347
21363	INTENSITY/STRENGTH	0.5185037510735648	0.7551338246890477
27440	INTENSITY/STRENGTH	0.6973378743444171	0.6673342500414167
31219	INTENSITY/STRENGTH	0.486164037670408	0.7512064235551017
31276	INTENSITY/STRENGTH	0.42918246558734346	0.7109710829598563
31283	INTENSITY/STRENGTH	0.21957928368023463	0.577435484954289
60998	INTENSITY/STRENGTH	0.40441955413137165	0.7244657959256854
61523	INTENSITY/STRENGTH	0.47229550991739544	0.7553092070988247
62351	INTENSITY/STRENGTH	0.5210061754499163	0.6795660768236432
62465	INTENSITY/STRENGTH	0.490028189761298	0.6351025359971183
251531	INTENSITY/STRENGTH	0.23949770203658513	0.5985147186688015
440917	INTENSITY/STRENGTH	0.4877083514417921	0.6462710329464504
637758	INTENSITY/STRENGTH	0.5488042405673436	0.7827613609177726
1549025	INTENSITY/STRENGTH	0.27342889990125385	0.6105622478893825
2733294	INTENSITY/STRENGTH	0.5645135002476829	0.6864615423338754
5281167	INTENSITY/STRENGTH	0.5272499578339713	0.7128694142614093
5281168	INTENSITY/STRENGTH	0.3917233475617	0.6334684150559562
5318599	INTENSITY/STRENGTH	0.6655531440462384	0.7453138402530125
5352837	INTENSITY/STRENGTH	0.6075921825000218	0.7084050008228847
5364231	INTENSITY/STRENGTH	0.5210919039590018	0.7208758848054069
262	INTENSITY/STRENGTH	0.21861319031034196	0.5793138742446899
323	INTENSITY/STRENGTH	0.4815738414015089	0.6465535845075335
750	INTENSITY/STRENGTH	0.2082533197743552	0.5363450390951974
753	INTENSITY/STRENGTH	0.21662757439272745	0.5506318381854466
962	INTENSITY/STRENGTH	0.24276811735970633	0.6299535972731454
5862	INTENSITY/STRENGTH	0.4151856175490788	0.6466544100216457
5962	INTENSITY/STRENGTH	0.35544282623699736	0.6691288437162127
6274	INTENSITY/STRENGTH	0.2743582363639559	0.5368129014968872
6322	INTENSITY/STRENGTH	0.21599979911531722	0.5466978464807782
6669	INTENSITY/STRENGTH	0.14907102925436838	0.5107215515204838
7137	INTENSITY/STRENGTH	0.7096106622900281	0.7933809672083173
15654	INTENSITY/STRENGTH	0.5178676758493695	0.6091940743582589
62089	INTENSITY/STRENGTH	0.47024009057453703	0.6920591081891742
853433	INTENSITY/STRENGTH	0.44449043912546976	0.6668084944997515
5371102	INTENSITY/STRENGTH	0.45374893716403414	0.6493744168962751
10857465	INTENSITY/STRENGTH	0.42424841438020977	0.8322581308228629
180	VALENCE/PLEASANTNESS	0.46082807012966703	0.5325284429958889
264	VALENCE/PLEASANTNESS	0.33739936138902393	0.5167036865438733
702	VALENCE/PLEASANTNESS	0.45137794954436167	0.49677025420325144
1031	VALENCE/PLEASANTNESS	0.4311221327100481	0.5251657707350594
3102	VALENCE/PLEASANTNESS	0.4315065698964255	0.6251372524670192
3314	VALENCE/PLEASANTNESS	0.6061102151870728	0.644713750907353
6506	VALENCE/PLEASANTNESS	0.4662237933703831	0.4911280444690159
6544	VALENCE/PLEASANTNESS	0.4770680410521371	0.6314375826290676
6561	VALENCE/PLEASANTNESS	0.37882057258061	0.5408856272697449
7092	VALENCE/PLEASANTNESS	0.599966824054718	0.6317221181733268
7302	VALENCE/PLEASANTNESS	0.4040334480149405	0.5901532088007245
7476	VALENCE/PLEASANTNESS	0.6020630257470267	0.6444408893585205
7559	VALENCE/PLEASANTNESS	0.5447980761528015	0.666246405669621
7657	VALENCE/PLEASANTNESS	0.4138995664460318	0.6135617664882115
7770	VALENCE/PLEASANTNESS	0.5451811977795192	0.6484617250306266
7793	VALENCE/PLEASANTNESS	0.6050026161330087	0.6645240272794452
7797	VALENCE/PLEASANTNESS	0.7325572201183864	0.5677800519125802
8025	VALENCE/PLEASANTNESS	0.45432174631527494	0.5321348990712848
8049	VALENCE/PLEASANTNESS	0.4736222284180777	0.5128699243068695
8094	VALENCE/PLEASANTNESS	0.3410747008664267	0.5233428648539952
8419	VALENCE/PLEASANTNESS	0.6761964048658099	0.5715732659612384
8438	VALENCE/PLEASANTNESS	0.6566475204059056	0.586856518472944
8468	VALENCE/PLEASANTNESS	0.5436647704669407	0.6187456335340228
8815	VALENCE/PLEASANTNESS	0.5465518321309771	0.5677342329706464
8878	VALENCE/PLEASANTNESS	0.6896887336458478	0.5835837806974139
9012	VALENCE/PLEASANTNESS	0.2592224372284753	0.5924515809331622
10886	VALENCE/PLEASANTNESS	0.5508822841303689	0.5947362610271999
11567	VALENCE/PLEASANTNESS	0.426050854580743	0.6369821429252625
12020	VALENCE/PLEASANTNESS	0.43085217475891113	0.5446093678474426
12265	VALENCE/PLEASANTNESS	0.3840080712522779	0.5417577624320984
12377	VALENCE/PLEASANTNESS	0.2845818336520876	0.5377592742443085
16537	VALENCE/PLEASANTNESS	0.6247382760047913	0.5931817293167114
17898	VALENCE/PLEASANTNESS	0.3526506168501718	0.5908352051462445
18467	VALENCE/PLEASANTNESS	0.4002077579498291	0.5741244639669146
21363	VALENCE/PLEASANTNESS	0.2803421233381544	0.5482350076947894
27440	VALENCE/PLEASANTNESS	0.2835535172905241	0.5686755520956857
31219	VALENCE/PLEASANTNESS	0.588889228446143	0.6489693692752293
31276	VALENCE/PLEASANTNESS	0.5662432312965393	0.6332067166055951
31283	VALENCE/PLEASANTNESS	0.4663557708263397	0.5236024686268398
60998	VALENCE/PLEASANTNESS	0.4197823873588017	0.633322034563337
61523	VALENCE/PLEASANTNESS	0.46564123034477234	0.6690485903194973
62351	VALENCE/PLEASANTNESS	0.285023461495127	0.5249644007001605
62465	VALENCE/PLEASANTNESS	0.43206025447164265	0.6561022996902466
251531	VALENCE/PLEASANTNESS	0.5368139105183738	0.5803730572972979
440917	VALENCE/PLEASANTNESS	0.5877055100032261	0.6510845167296273
637758	VALENCE/PLEASANTNESS	0.617705932685307	0.6779683487755912
1549025	VALENCE/PLEASANTNESS	0.5505950238023486	0.5469200611114502
2733294	VALENCE/PLEASANTNESS	0.5725970225674766	0.6078397376196725
5281167	VALENCE/PLEASANTNESS	0.46530007890292574	0.6320215208189828
5281168	VALENCE/PLEASANTNESS	0.3584978537900107	0.5499306235994611
5318599	VALENCE/PLEASANTNESS	0.4022884624344962	0.6091934442520142
5352837	VALENCE/PLEASANTNESS	0.4722166955471039	0.6350573982511248
5364231	VALENCE/PLEASANTNESS	0.4637024062020438	0.6467674374580383
262	VALENCE/PLEASANTNESS	0.464545020035335	0.5568024941853115
323	VALENCE/PLEASANTNESS	0.5588821683611188	0.656012773513794
750	VALENCE/PLEASANTNESS	0.47487269980566843	0.5496809141976493
753	VALENCE/PLEASANTNESS	0.498290696314403	0.5663271716662815
962	VALENCE/PLEASANTNESS	0.49375211766787935	0.5963837504386902
5862	VALENCE/PLEASANTNESS	0.37710611735071453	0.5849296961511884
5962	VALENCE/PLEASANTNESS	0.3417470838342394	0.5721575958388192
6274	VALENCE/PLEASANTNESS	0.45718623059136526	0.5901664325169155
6322	VALENCE/PLEASANTNESS	0.4264445262295859	0.5679796508380345
6669	VALENCE/PLEASANTNESS	0.5574929884501866	0.4932542358125959
7137	VALENCE/PLEASANTNESS	0.7396601183073861	0.6910863859312875
15654	VALENCE/PLEASANTNESS	0.367828049830028	0.5620268923895699
62089	VALENCE/PLEASANTNESS	0.28065607590334757	0.5137016602924892
853433	VALENCE/PLEASANTNESS	0.6801625915936061	0.6556963324546814
5371102	VALENCE/PLEASANTNESS	0.46808343274252756	0.64210615839277
10857465	VALENCE/PLEASANTNESS	0.42417000447000774	0.6716303144182477
180	BAKERY	0.08304153489215034	0.3198051537786211
264	BAKERY	0.048957509121724536	0.28935128663267407
702	BAKERY	0.08504987667713847	0.311080596276692
1031	BAKERY	0.06730849987694196	0.29587346741131376
3102	BAKERY	0.04619180969893932	0.2612606031554086
3314	BAKERY	0.21980994301182882	0.5648756069796426
6506	BAKERY	0.09927471620695931	0.30770120876176016
6544	BAKERY	0.04267532005906105	0.2640975160258157
6561	BAKERY	0.04766456303851945	0.2586954129593713
7092	BAKERY	0.16817247228963034	0.5280497244426182
7302	BAKERY	0.11759997691426959	0.4189250426633017
7476	BAKERY	0.08663359763366836	0.3754300815718515
7559	BAKERY	0.07199038724814143	0.2997682648045676
7657	BAKERY	0.035401971478547366	0.22364251741341182
7770	BAKERY	0.09606320410966873	0.38285999638693674
7793	BAKERY	0.03233778024358409	0.19219769431012018
7797	BAKERY	0.13299112447670527	0.4859910820211683
8025	BAKERY	0.08392840304544993	0.3355995161192758
8049	BAKERY	0.09226614662579127	0.31567043917519705
8094	BAKERY	0.05099775855030332	0.19660744496754237
8419	BAKERY	0.28822738570826395	0.60697888476508
8438	BAKERY	0.2590343526431492	0.6061474638325828
8468	BAKERY	0.17773907950946263	0.4857809373310634
8815	BAKERY	0.0836189788367067	0.38587293454578947
8878	BAKERY	0.14153742151600973	0.4704803654125759
9012	BAKERY	0.06253902268196855	0.2938028999737331
10886	BAKERY	0.08277980025325503	0.33136652622904095
11567	BAKERY	0.050661452912858555	0.2620990914957864
12020	BAKERY	0.060191209827150614	0.29991414717265535
12265	BAKERY	0.0740248081939561	0.3357262739113399
12377	BAKERY	0.03353083825537136	0.24585774753774917
16537	BAKERY	0.06368749588727951	0.24546921678951808
17898	BAKERY	0.12407315096684865	0.4349186590739659
18467	BAKERY	0.11458646506071091	0.4010107559817178
21363	BAKERY	0.019846266800803796	0.16187898814678192
27440	BAKERY	0.1046749119247709	0.3942647022860391
31219	BAKERY	0.05519897011773927	0.3242868185043335
31276	BAKERY	0.08497602386134011	0.3588511986391885
31283	BAKERY	0.09116026652710778	0.2896518281527928
60998	BAKERY	0.05856402324778693	0.26410835129874094
61523	BAKERY	0.03621088234441621	0.18899075899805343
62351	BAKERY	0.0698165310812848	0.33610440152032034
62465	BAKERY	0.1012949092047555	0.39290538855961393
251531	BAKERY	0.06474494455116135	0.23872961955411093
440917	BAKERY	0.04337309513773237	0.21119601385934011
637758	BAKERY	0.15174501815012523	0.4395741139139448
1549025	BAKERY	0.06708518309252602	0.27606385946273804
2733294	BAKERY	0.09211138955184392	0.32798304302351816
5281167	BAKERY	0.05685493403247425	0.22943373024463654
5281168	BAKERY	0.05922375885503633	0.23235792134489333
5318599	BAKERY	0.05340885703584978	0.1664559074810573
5352837	BAKERY	0.05236811616591045	0.2176566549709865
5364231	BAKERY	0.07289517511214529	0.2834777406283787
262	BAKERY	0.0703212038746902	0.31085319178445
323	BAKERY	0.17418063112667628	0.5293933664049421
750	BAKERY	0.13958475525890077	0.4314889098916735
753	BAKERY	0.10037093822445188	0.3724323638847896
962	BAKERY	0.09748659602233342	0.35595768690109253
5862	BAKERY	0.1277367046901158	0.454180691923414
5962	BAKERY	0.07472356621708189	0.332651219197682
6274	BAKERY	0.09937793442181178	0.37439858487674166
6322	BAKERY	0.09623881961618151	0.35785774673734394
6669	BAKERY	0.1696619370153972	0.45857633863176617
7137	BAKERY	0.3856386286871774	0.7830837709563119
15654	BAKERY	0.13014196178742818	0.46096132908548626
62089	BAKERY	0.04671835846134594	0.15542103775909968
853433	BAKERY	0.28253601491451263	0.6529137662478856
5371102	BAKERY	0.035971415894372125	0.23423914398465837
10857465	BAKERY	0.045033365221960206	0.18829955267054693
180	SWEET	0.12726309363331115	0.486858674458095
264	SWEET	0.10284147943769183	0.4293428361415863
702	SWEET	0.10472977480718068	0.4477893667561667
1031	SWEET	0.11781223224742073	0.47516185896737234
3102	SWEET	0.16200182480471476	0.5403078113283429
3314	SWEET	0.27840628368513926	0.6330326284681048
6506	SWEET	0.08531620992081505	0.351679333618709
6544	SWEET	0.17124519390719278	0.5427021128790719
6561	SWEET	0.12425155618361064	0.4634429131235395
7092	SWEET	0.3119796876396452	0.6829245005335126
7302	SWEET	0.11594775531973157	0.4720256967203958
7476	SWEET	0.30549202859401703	0.7725832717759269
7559	SWEET	0.2878542052847998	0.7453063385827201
7657	SWEET	0.12998811261994497	0.4952665737697056
7770	SWEET	0.3575823562485831	0.8059284516743251
7793	SWEET	0.23559278675488063	0.6935444814818246
7797	SWEET	0.5858350992202759	0.8899923648153033
8025	SWEET	0.14785040276391165	0.5378299525805882
8049	SWEET	0.17650658530848368	0.500244894198009
8094	SWEET	0.11648173098053251	0.345416043485914
8419	SWEET	0.3950171342917851	0.7586356827190944
8438	SWEET	0.3827150762081146	0.7869202664920262
8468	SWEET	0.19933292482580459	0.6019422582217625
8815	SWEET	0.22056257192577636	0.5407197305134365
8878	SWEET	0.5374396571091243	0.8403260452406747
9012	SWEET	0.035739557551486154	0.2497070814882006
10886	SWEET	0.29389339685440063	0.698504660810743
11567	SWEET	0.14642461176429475	0.48735433391162325
12020	SWEET	0.12306068944079536	0.47142721925462994
12265	SWEET	0.08015124765889985	0.39438346879822866
12377	SWEET	0.012455132922955922	0.22156470162527903
16537	SWEET	0.2493325855050768	0.639927089214325
17898	SWEET	0.08747157560927528	0.4425610133579799
18467	SWEET	0.09780380236251014	0.45065370202064514
21363	SWEET	0.07127206400036812	0.3169844491141183
27440	SWEET	0.06650288509471076	0.3495697464261736
31219	SWEET	0.3293392040899822	0.8134025590760368
31276	SWEET	0.34836057254246305	0.7730723108564105
31283	SWEET	0.14974352078778402	0.4445009103843144
60998	SWEET	0.17253964500767843	0.5358766615390778
61523	SWEET	0.11991974817855018	0.505378007888794
62351	SWEET	0.03399382584861347	0.2447160610130855
62465	SWEET	0.125011645257473	0.470014716897692
251531	SWEET	0.16625277272292546	0.5793384228433881
440917	SWEET	0.18344481928007944	0.5474919378757477
637758	SWEET	0.3574046471289226	0.8572248816490173
1549025	SWEET	0.19232565590313502	0.5535504562514169
2733294	SWEET	0.3467036187648773	0.7194961820329938
5281167	SWEET	0.13461855266775405	0.5127987819058555
5281168	SWEET	0.0932479298540524	0.393880158662796
5318599	SWEET	0.13901917849268233	0.4355049431324005
5352837	SWEET	0.17641590322766984	0.5270310853208814
5364231	SWEET	0.1383816706282752	0.5349046247346061
262	SWEET	0.13134265584605082	0.5149813379560199
323	SWEET	0.27529315650463104	0.7032885806901115
750	SWEET	0.15443723648786545	0.5037627220153809
753	SWEET	0.14399619826248714	0.5239987799099514
962	SWEET	0.1854190847703389	0.5942007047789437
5862	SWEET	0.09976724003042493	0.3940246360642569
5962	SWEET	0.0956393267427172	0.37306795375687735
6274	SWEET	0.09328177464859826	0.46218701771327425
6322	SWEET	0.07806717125432831	0.4068562814167568
6669	SWEET	0.19777137892586844	0.5972073163305011
7137	SWEET	0.548832254750388	0.9588943464415414
15654	SWEET	0.08943744003772736	0.4067871485437666
62089	SWEET	0.052822084831339974	0.26171102694102694
853433	SWEET	0.37694779889924185	0.740245350769588
5371102	SWEET	0.15743886360100337	0.5374426245689392
10857465	SWEET	0.13676840386220387	0.4777270640645708
180	FRUIT	0.0573625032390867	0.20277038855212076
264	FRUIT	0.032967712197984965	0.22239587136677333
702	FRUIT	0.05472294879811151	0.1695461188043867
1031	FRUIT	0.05996566638350487	0.20217806739466532
3102	FRUIT	0.0685136653482914	0.26895712528909954
3314	FRUIT	0.06952085612075669	0.20804972520896367
6506	FRUIT	0.01965427984084402	0.07918654116136688
6544	FRUIT	0.10760999364512307	0.312489641564233
6561	FRUIT	0.06533406940954072	0.2631732225418091
7092	FRUIT	0.1455703963126455	0.339580910546439
7302	FRUIT	0.04613040068319866	0.1648112407752446
7476	FRUIT	0.19887910144669668	0.4775295853614807
7559	FRUIT	0.19787400109427317	0.514761575630733
7657	FRUIT	0.05850457612957273	0.2513976054532187
7770	FRUIT	0.32404882993016926	0.6103711553982326
7793	FRUIT	0.18645031963075911	0.43284874303000315
7797	FRUIT	0.5922662275178092	0.8628795232091632
8025	FRUIT	0.06748142998133387	0.23071217324052537
8049	FRUIT	0.10398064660174507	0.27591982909611296
8094	FRUIT	0.10287323061908994	0.27282545822007315
8419	FRUIT	0.13112053168671473	0.3636422093425478
8438	FRUIT	0.16297024062701634	0.4185897729226521
8468	FRUIT	0.036854345085365434	0.1863523508821215
8815	FRUIT	0.1090742184647492	0.2600525894335338
8878	FRUIT	0.5916417070797512	0.783910870552063
9012	FRUIT	0.004171978150095258	0.11803005795393672
10886	FRUIT	0.26016000126089367	0.5188007780483791
11567	FRUIT	0.07933783690844264	0.2481249932731901
12020	FRUIT	0.06638693969164576	0.21795163410050528
12265	FRUIT	0.04797660373151302	0.12591230549982615
12377	FRUIT	0.03282730919974191	0.13165805914572307
16537	FRUIT	0.23895354781832015	0.5082499427454812
17898	FRUIT	0.01594592790518488	0.09554513650281089
18467	FRUIT	0.02942537223654134	0.10467715774263654
21363	FRUIT	0.01935150021953242	0.18857699845518386
27440	FRUIT	0.010192630546433585	0.10133754834532738
31219	FRUIT	0.2622295192309788	0.6084633767604828
31276	FRUIT	0.28555609924452646	0.546192101069859
31283	FRUIT	0.12128945333617074	0.2776242047548294
60998	FRUIT	0.06267033357705389	0.2867161290986197
61523	FRUIT	0.1173965260386467	0.3437913273062025
62351	FRUIT	0.02114622694041048	0.10641682360853467
62465	FRUIT	0.017301165365747044	0.12492516317537852
251531	FRUIT	0.054705127009323666	0.20927683796201432
440917	FRUIT	0.17650118470191956	0.3775612584182194
637758	FRUIT	0.16257472123418534	0.45669480732509066
1549025	FRUIT	0.13926327494638308	0.37925574609211515
2733294	FRUIT	0.3895541088921683	0.6471795865467617
5281167	FRUIT	0.15154816210269928	0.39720823083605084
5281168	FRUIT	0.07804793012993676	0.2480691203049251
5318599	FRUIT	0.14891570806503296	0.31940984087330954
5352837	FRUIT	0.1841611840895244	0.3971348064286368
5364231	FRUIT	0.1692915835550853	0.45434933049338205
262	FRUIT	0.07260004590664591	0.23184224324566977
323	FRUIT	0.09962058972035136	0.30432736447879244
750	FRUIT	0.04547999134021146	0.16961385948317392
753	FRUIT	0.05441288650035858	0.19546589042459214
962	FRUIT	0.08194780669042043	0.30427405663899015
5862	FRUIT	0.05340228070105825	0.12113748703684125
5962	FRUIT	0.0418765198971544	0.15377876375402724
6274	FRUIT	0.014109052451593536	0.06988273986748286
6322	FRUIT	0.018708293459245136	0.08369111269712448
6669	FRUIT	0.008413096091576986	0.1382606066763401
7137	FRUIT	0.15229312436921255	0.44482599411691937
15654	FRUIT	0.04609923490456173	0.12073929820741926
62089	FRUIT	0.031215665861964226	0.14782283774444036
853433	FRUIT	0.09291698570762362	0.2747563506875719
5371102	FRUIT	0.10302277335098811	0.31420798173972536
10857465	FRUIT	0.08740391954779625	0.30250121440206257
180	FISH	0.09595812431403569	0.19490977696010045
264	FISH	0.13230228956256593	0.2827146713222776
702	FISH	0.1370872078197343	0.2688666752406529
1031	FISH	0.12028893509081431	0.24874845572880336
3102	FISH	0.08675924369267055	0.21327329746314458
3314	FISH	0.07082240815673556	0.17774457165173121
6506	FISH	0.11886590932096754	0.3241265288421086
6544	FISH	0.06356344372034073	0.15704170508044107
6561	FISH	0.09983070939779282	0.21454281679221562
7092	FISH	0.05952971801161766	0.1753507469381605
7302	FISH	0.11145891142742974	0.2517521211079189
7476	FISH	0.050770768363560946	0.14556369398321425
7559	FISH	0.061083417918000905	0.1595051884651184
7657	FISH	0.11108534038066864	0.25434706679412294
7770	FISH	0.06350899700607572	0.14594234313283647
7793	FISH	0.059495197875159125	0.15423705961023057
7797	FISH	0.048849264425890784	0.12119869462081365
8025	FISH	0.0907443453158651	0.21202836717878068
8049	FISH	0.07127295807003975	0.16073754962001527
8094	FISH	0.11001857050827571	0.24492983307157243
8419	FISH	0.04604506066867283	0.14966150798967906
8438	FISH	0.049175505127225606	0.1372112621154104
8468	FISH	0.051688582237277715	0.16768815794161387
8815	FISH	0.10002376245600837	0.23046581872871943
8878	FISH	0.0805500830922808	0.14458251105887548
9012	FISH	0.30391874483653475	0.5487746809210096
10886	FISH	0.06013687593596322	0.1522382582936968
11567	FISH	0.07467809159840856	0.1632010383265359
12020	FISH	0.09818732632058007	0.21709705676351274
12265	FISH	0.14305572531052999	0.29152833989688326
12377	FISH	0.3643193713256291	0.6141195297241211
16537	FISH	0.06763334040130888	0.19322608624185836
17898	FISH	0.1194571533373424	0.295480340719223
18467	FISH	0.1161857396364212	0.27721807999270304
21363	FISH	0.1285709791949817	0.2810996004513332
27440	FISH	0.24256455898284912	0.42668651257242474
31219	FISH	0.039183888850467544	0.1186848155089787
31276	FISH	0.05211629665323666	0.1169714086822101
31283	FISH	0.06801911496690341	0.1499994695186615
60998	FISH	0.09465196941580091	0.21972676047257014
61523	FISH	0.08043646812438965	0.21185343393257686
62351	FISH	0.29508083845887867	0.5313385767596108
62465	FISH	0.08071353552596909	0.23382118131433213
251531	FISH	0.06646685621568135	0.1725537713084902
440917	FISH	0.06060521251388958	0.17129611330372946
637758	FISH	0.03432498313486576	0.11721528002193995
1549025	FISH	0.07933378219604492	0.1781530444111143
2733294	FISH	0.060366464512688775	0.1552437480006899
5281167	FISH	0.1008239473615374	0.25712328936372486
5281168	FISH	0.12169482346091952	0.27248442598751615
5318599	FISH	0.0931529136640685	0.19250035285949707
5352837	FISH	0.08295007475784846	0.20006421208381653
5364231	FISH	0.06704991310834885	0.22682301700115204
262	FISH	0.09074605682066508	0.19474337356431143
323	FISH	0.048744723200798035	0.16337876234735763
750	FISH	0.0985013118812016	0.23416123219898768
753	FISH	0.09070146296705518	0.21933438096727645
962	FISH	0.05580043633069311	0.1381272098847798
5862	FISH	0.23029859151159013	0.44324890630585806
5962	FISH	0.1556276540671076	0.3346573667866843
6274	FISH	0.07277295632021767	0.2036187925509044
6322	FISH	0.08679931025419917	0.2276285822902407
6669	FISH	0.09948035436017173	0.21746172436646052
7137	FISH	0.03290228532361133	0.09572901044573102
15654	FISH	0.16957054606505803	0.3407833193029676
62089	FISH	0.09978806653193065	0.23826877985681807
853433	FISH	0.05101765479360308	0.14532928807394846
5371102	FISH	0.08582074301583427	0.23848922763551986
10857465	FISH	0.03728819877973625	0.1345570364168712
180	GARLIC	0.08951305598020554	0.30081293625491007
264	GARLIC	0.1085506443466459	0.3463251718452999
702	GARLIC	0.13485733845404216	0.37710493377276827
1031	GARLIC	0.10662068107298442	0.3432421769414629
3102	GARLIC	0.06352635898760386	0.2377112422670637
3314	GARLIC	0.06783829522984368	0.25037392548152376
6506	GARLIC	0.15980147889682225	0.40745594671794344
6544	GARLIC	0.06320532358118466	0.22268372774124146
6561	GARLIC	0.07569847894566399	0.2967747449874878
7092	GARLIC	0.06759175924318177	0.21280299127101898
7302	GARLIC	0.10770856801952634	0.3389238544872829
7476	GARLIC	0.04087879242641585	0.1611790039709636
7559	GARLIC	0.04606462961861065	0.1838036243404661
7657	GARLIC	0.0807573486651693	0.26842160310064045
7770	GARLIC	0.045031714386173656	0.18751310450690134
7793	GARLIC	0.054612643750650544	0.20456281517233169
7797	GARLIC	0.022939106449484825	0.09817955962249211
8025	GARLIC	0.09816584842545646	0.32166694743292673
8049	GARLIC	0.06957173347473145	0.2471823628459658
8094	GARLIC	0.08948120155504771	0.2977671665804727
8419	GARLIC	0.05446450438882623	0.16657846101692744
8438	GARLIC	0.05934675942574229	0.17658251417534693
8468	GARLIC	0.07132913438337189	0.26459704765251707
8815	GARLIC	0.10095219101224627	0.2500844789402826
8878	GARLIC	0.05440369487873146	0.16360911407641002
9012	GARLIC	0.33145496462072643	0.553224001611982
10886	GARLIC	0.058229979393737655	0.21202923357486725
11567	GARLIC	0.03833246869700296	0.20647003395216806
12020	GARLIC	0.08694615747247424	0.3113982379436493
12265	GARLIC	0.12565448880195618	0.35268772499901907
12377	GARLIC	0.4736091409410749	0.678466158253806
16537	GARLIC	0.08792721852660179	0.226405959044184
17898	GARLIC	0.10772576183080673	0.34017888988767353
18467	GARLIC	0.1129698178597859	0.34153942125184195
21363	GARLIC	0.1022363720195634	0.2966457094464983
27440	GARLIC	0.20158026260989054	0.4540475181170872
31219	GARLIC	0.0340466382248061	0.14445646852254868
31276	GARLIC	0.04850716968732221	0.1932405595268522
31283	GARLIC	0.06388445464628083	0.24482325783797673
60998	GARLIC	0.0922036383833204	0.278157251221793
61523	GARLIC	0.08135455846786499	0.27472851957593647
62351	GARLIC	0.31394986382552553	0.5668409296444484
62465	GARLIC	0.08640333424721446	0.26443159367356983
251531	GARLIC	0.05484343373349735	0.27467626333236694
440917	GARLIC	0.10927024696554456	0.2414022492510932
637758	GARLIC	0.04880808160773346	0.17286064156464168
1549025	GARLIC	0.09900618397763797	0.25950148914541515
2733294	GARLIC	0.05413290286170585	0.19610621460846492
5281167	GARLIC	0.0842541791498661	0.2826187653200967
5281168	GARLIC	0.08768617095691818	0.3123424691813333
5318599	GARLIC	0.07296120694705419	0.2532711263213839
5352837	GARLIC	0.0783340675490243	0.25051551844392506
5364231	GARLIC	0.058910755174500604	0.2467539289167949
262	GARLIC	0.08289109649402755	0.30015496270997183
323	GARLIC	0.05593621464712279	0.22717373924595968
750	GARLIC	0.09615960930074964	0.3377095035144261
753	GARLIC	0.10284339104379926	0.32523942419460844
962	GARLIC	0.05380087558712278	0.21396136283874512
5862	GARLIC	0.26979866198131014	0.5278420448303223
5962	GARLIC	0.14004231137888773	0.3792853738580431
6274	GARLIC	0.10970145144632884	0.31527834704944063
6322	GARLIC	0.09839065639036042	0.3195479469639914
6669	GARLIC	0.06595638554011073	0.291757413319179
7137	GARLIC	0.033126933101032464	0.14951364483152116
15654	GARLIC	0.18407663915838515	0.42345688172749113
62089	GARLIC	0.09828374002661024	0.30504113861492704
853433	GARLIC	0.060609969443508556	0.21282662877014705
5371102	GARLIC	0.07502168975770473	0.2511630803346634
10857465	GARLIC	0.03623399404542787	0.19421108067035675
180	SPICES	0.19431242133889878	0.40902180331093924
264	SPICES	0.17326720697539194	0.39135664275714327
702	SPICES	0.21572078551564897	0.4223428411143167
1031	SPICES	0.18999517815453665	0.39960649609565735
3102	SPICES	0.1614250476871218	0.39904590589659555
3314	SPICES	0.4327772302286966	0.7076741882732936
6506	SPICES	0.21901015298707144	0.4672062609876905
6544	SPICES	0.2769370675086975	0.5165286958217621
6561	SPICES	0.17352681500571115	0.3906350178377969
7092	SPICES	0.34329695786748615	0.620613328048161
7302	SPICES	0.21687026960509165	0.4628458746841976
7476	SPICES	0.21044177881308965	0.441648325749806
7559	SPICES	0.15790315185274398	0.3983453469617026
7657	SPICES	0.15740088054112025	0.3774681644780295
7770	SPICES	0.15915102405207499	0.37968773927007404
7793	SPICES	0.1857618604387556	0.37593212723731995
7797	SPICES	0.18489815294742584	0.44437923601695467
8025	SPICES	0.19331325164863042	0.398647278547287
8049	SPICES	0.13258885060037887	0.36921960541180204
8094	SPICES	0.15705536625214986	0.3892996907234192
8419	SPICES	0.2986736638205392	0.5638591561998639
8438	SPICES	0.25196856047425953	0.5194402975695473
8468	SPICES	0.28969941820417133	0.560167738369533
8815	SPICES	0.42069183928625925	0.6406269754682269
8878	SPICES	0.18110866844654083	0.4279652493340628
9012	SPICES	0.2522949938263212	0.5314314535685948
10886	SPICES	0.16251260042190552	0.3981504099709647
11567	SPICES	0.23648263939789363	0.49362063833645414
12020	SPICES	0.19881972883428847	0.4261797198227474
12265	SPICES	0.22034152277878352	0.43796543564115253
12377	SPICES	0.348988733121327	0.5970476354871478
16537	SPICES	0.22554598535810197	0.43838598898478914
17898	SPICES	0.2145561490740095	0.44778054101126535
18467	SPICES	0.20805208384990692	0.44117564814431326
21363	SPICES	0.15181370611701692	0.39990341663360596
27440	SPICES	0.20356806261198862	0.4411116029535021
31219	SPICES	0.1719829567841121	0.411691563470023
31276	SPICES	0.15598304995468684	0.40228224226406645
31283	SPICES	0.13849853830678122	0.3765654649053301
60998	SPICES	0.16955222402300155	0.4156506998198373
61523	SPICES	0.18567147638116563	0.400309294462204
62351	SPICES	0.27285340215478626	0.5387638424124036
62465	SPICES	0.38751135553632465	0.665831276348659
251531	SPICES	0.18870564230850764	0.4065616854599544
440917	SPICES	0.3355135789939335	0.5595438480377197
637758	SPICES	0.21637127442019327	0.4645677847521646
1549025	SPICES	0.18503240176609584	0.3931340532643454
2733294	SPICES	0.17752109255109513	0.4259852426392691
5281167	SPICES	0.19527632849557058	0.4484502502850124
5281168	SPICES	0.1841671339103154	0.44499137146132334
5318599	SPICES	0.16650373807975224	0.39851049865995136
5352837	SPICES	0.18723729891436441	0.42835467202322824
5364231	SPICES	0.20227115707738058	0.45385579977716717
262	SPICES	0.1777366633926119	0.4025889847959791
323	SPICES	0.251986209835325	0.5269591467721122
750	SPICES	0.21001055198056356	0.4671124688216618
753	SPICES	0.218400171824864	0.4567248693534306
962	SPICES	0.1945246777364186	0.42459739106042044
5862	SPICES	0.2516365966626576	0.5494478174618312
5962	SPICES	0.18365529392446792	0.44142405901636395
6274	SPICES	0.23562682952199662	0.4949790707656315
6322	SPICES	0.2136713308947427	0.4705112193311964
6669	SPICES	0.1437724573271615	0.3976777706827436
7137	SPICES	0.43749186396598816	0.7378722258976528
15654	SPICES	0.23043374504361833	0.4738863834312984
62089	SPICES	0.14499973505735397	0.3829181492328644
853433	SPICES	0.4509983318192618	0.7353029932294574
5371102	SPICES	0.25437172395842417	0.4922052834715162
10857465	SPICES	0.21138057751314981	0.48322264211518423
180	COLD	0.2970812576157706	0.4748908919947488
264	COLD	0.1802051386662892	0.3544238976069859
702	COLD	0.2441108844109944	0.424314660685403
1031	COLD	0.24601514850343978	0.4343051442078182
3102	COLD	0.2697150196347918	0.4436166541916983
3314	COLD	0.22081967975412095	0.3784251000199999
6506	COLD	0.2827958379473005	0.4102225261075156
6544	COLD	0.38656884857586454	0.5674391984939575
6561	COLD	0.2539328954049519	0.4355514475277492
7092	COLD	0.2781380308525903	0.44591148836272104
7302	COLD	0.23272234414305007	0.4025172165461949
7476	COLD	0.30017657365117756	0.49643017990248545
7559	COLD	0.2753011201109205	0.47431119850703646
7657	COLD	0.2534194588661194	0.42782976371901377
7770	COLD	0.23398340812751225	0.43918059127671377
7793	COLD	0.31374368497303556	0.5096365298543658
7797	COLD	0.25199789660317556	0.48500084451266695
8025	COLD	0.22731571538107737	0.42725872567721773
8049	COLD	0.24877795151301793	0.39920923113822937
8094	COLD	0.23605890572071075	0.40194972498076303
8419	COLD	0.21945213420050486	0.38310537167957853
8438	COLD	0.24719526512282236	0.4332629527364458
8468	COLD	0.2565159222909382	0.4454468658992222
8815	COLD	0.24214628977434977	0.42001526270593914
8878	COLD	0.21971430948802403	0.4428106078079769
9012	COLD	0.14057627426726477	0.2971136484827314
10886	COLD	0.234610310622624	0.42012016262326923
11567	COLD	0.40750971862248014	0.603362466607775
12020	COLD	0.28830039501190186	0.4621861108711788
12265	COLD	0.24958684827600205	0.39860778195517405
12377	COLD	0.21383891999721527	0.3809534822191511
16537	COLD	0.32629747475896564	0.5113224174295153
17898	COLD	0.1864413470029831	0.32975309235709055
18467	COLD	0.21385779125349863	0.35588695321764263
21363	COLD	0.2251749975340707	0.4023657313414982
27440	COLD	0.11829121144754547	0.2790217569896153
31219	COLD	0.29983842372894287	0.5025038761751992
31276	COLD	0.2695719131401607	0.46776885645730154
31283	COLD	0.2534390815666744	0.3882865735462734
60998	COLD	0.18915178094591414	0.357873158795493
61523	COLD	0.29775923916271757	0.48539226395743235
62351	COLD	0.13423973428351538	0.27518612359251293
62465	COLD	0.23818106310708181	0.42523138012204853
251531	COLD	0.25053851306438446	0.4024814750467028
440917	COLD	0.4613535191331591	0.6052640080451965
637758	COLD	0.25994143954345156	0.44524317554065157
1549025	COLD	0.2315742394753865	0.37173621569361004
2733294	COLD	0.24152106046676636	0.44611998541014536
5281167	COLD	0.29283563579831806	0.4799369105270931
5281168	COLD	0.21882680909974234	0.4064597955771855
5318599	COLD	0.3209062601838793	0.5335774336542402
5352837	COLD	0.31216457060405184	0.5260540970734188
5364231	COLD	0.2898864320346287	0.48540382725851877
262	COLD	0.3038496566670282	0.4945729672908783
323	COLD	0.29501308713640484	0.46676184024129597
750	COLD	0.22584528369562967	0.39440237624304636
753	COLD	0.2891274754490171	0.4723844996520451
962	COLD	0.29183048222746166	0.4866451919078827
5862	COLD	0.15539787071091787	0.2921981854098184
5962	COLD	0.1938423067331314	0.34374729650361197
6274	COLD	0.29138994216918945	0.47833612135478426
6322	COLD	0.25377355941704344	0.42435173051697866
6669	COLD	0.23108873622758047	0.40936838729040964
7137	COLD	0.14059207269123622	0.33675297243254526
15654	COLD	0.15818994172981807	0.30411894406591145
62089	COLD	0.23486889260155813	0.4180902583258493
853433	COLD	0.19087078315871103	0.35561772329466684
5371102	COLD	0.3195982958589281	0.4966886895043509
10857465	COLD	0.3517188940729414	0.5711230209895543
180	SOUR	0.28060732569013325	0.47527996982846943
264	SOUR	0.447745932000024	0.6179455263274056
702	SOUR	0.3406620408807482	0.5230843424797058
1031	SOUR	0.3187450425965445	0.5034168320042747
3102	SOUR	0.24855880865028926	0.47983810731342863
3314	SOUR	0.16734851683889115	0.3258060727800642
6506	SOUR	0.41393692578588215	0.6253781318664551
6544	SOUR	0.22016918446336473	0.446401195866721
6561	SOUR	0.34364156637872967	0.5435427001544407
7092	SOUR	0.14881855568715505	0.34961714914866854
7302	SOUR	0.2986882541860853	0.5252613169806344
7476	SOUR	0.16433997665132796	0.37430767502103535
7559	SOUR	0.22044172244412558	0.4504503182002476
7657	SOUR	0.28221428607191357	0.5189028808048793
7770	SOUR	0.29745242851121084	0.4948262870311737
7793	SOUR	0.21344062898840224	0.4687761664390564
7797	SOUR	0.15409048114504134	0.37707010763032095
8025	SOUR	0.3026771715709141	0.465628125837871
8049	SOUR	0.2996018997260502	0.5102525225707463
8094	SOUR	0.3499816656112671	0.5873995849064418
8419	SOUR	0.16853306123188563	0.33191839712006704
8438	SOUR	0.15362580439874104	0.32273406854697634
8468	SOUR	0.20238617062568665	0.4098885314805167
8815	SOUR	0.19743614324501582	0.38052021179880413
8878	SOUR	0.1937064826488495	0.41986324957438875
9012	SOUR	0.3605111156191145	0.6254611185618809
10886	SOUR	0.2608478495052883	0.4609579997403281
11567	SOUR	0.18247063883713313	0.4200758508273533
12020	SOUR	0.2548413340534483	0.45603316596576143
12265	SOUR	0.2944338151386806	0.5122988820075989
12377	SOUR	0.4162298100335257	0.6446017793246678
16537	SOUR	0.23990665163312638	0.44816799674715313
17898	SOUR	0.3047368015561785	0.5412343910762242
18467	SOUR	0.29082922850336346	0.5221164056232998
21363	SOUR	0.4494674929550716	0.6467123372214181
27440	SOUR	0.34803178906440735	0.5950468012264797
31219	SOUR	0.23528754924024856	0.4436676289354052
31276	SOUR	0.21725101981844222	0.4246764268193926
31283	SOUR	0.28284919049058643	0.526625897203173
60998	SOUR	0.3131717784064157	0.5492199574198041
61523	SOUR	0.24409365441117967	0.4919264572007315
62351	SOUR	0.43371132016181946	0.66158127784729
62465	SOUR	0.2072123863867351	0.40553813321249826
251531	SOUR	0.2521689683198929	0.4639426256929125
440917	SOUR	0.23918165692261287	0.460104124886649
637758	SOUR	0.20642402981008803	0.4149255326816014
1549025	SOUR	0.27180283623082296	0.4805355668067932
2733294	SOUR	0.24821835330554418	0.44540860397475107
5281167	SOUR	0.31447102768080576	0.5236517020634243
5281168	SOUR	0.3590668482439859	0.5754052656037467
5318599	SOUR	0.28804011217185427	0.5144405492714473
5352837	SOUR	0.2726458353655679	0.48009079694747925
5364231	SOUR	0.3084066893373217	0.5112122765609196
262	SOUR	0.24302604155881063	0.43918309467179434
323	SOUR	0.18705969410283224	0.3824228176048824
750	SOUR	0.2873989960977009	0.5113947987556458
753	SOUR	0.24177503160067967	0.4436363322394235
962	SOUR	0.23084027639457158	0.4288550019264221
5862	SOUR	0.34535994274275644	0.6011010578700474
5962	SOUR	0.43504189593451364	0.666178286075592
6274	SOUR	0.2692775343145643	0.5044671424797603
6322	SOUR	0.34184994867869783	0.5796755467142377
6669	SOUR	0.2745682512010847	0.44996503421238493
7137	SOUR	0.1438275564994131	0.3170377824987684
15654	SOUR	0.3063379440988813	0.5237683355808258
62089	SOUR	0.38949642862592426	0.6193286946841648
853433	SOUR	0.13302575583968843	0.28946894833019804
5371102	SOUR	0.23374610713550023	0.4612018125397818
10857465	SOUR	0.27583728092057364	0.5277241681303296
180	BURNT	0.10080935912472862	0.33647999593189787
264	BURNT	0.12452355985130582	0.38444992899894714
702	BURNT	0.09829822182655334	0.3385593167373112
1031	BURNT	0.10070885079247612	0.33051262157303946
3102	BURNT	0.13214363583496638	0.3882920614310673
3314	BURNT	0.15448736080101558	0.45756606119019644
6506	BURNT	0.09921318292617798	0.39454237052372526
6544	BURNT	0.13285198701279505	0.37984787992068697
6561	BURNT	0.09858909249305725	0.34605186326163156
7092	BURNT	0.13223927787372045	0.40772513832364765
7302	BURNT	0.2285229755299432	0.5513194245951516
7476	BURNT	0.09469792832221303	0.2842098368065698
7559	BURNT	0.07840570488146373	0.28349909824984415
7657	BURNT	0.15436958628041403	0.4139872363635472
7770	BURNT	0.0661698334983417	0.2551360087735312
7793	BURNT	0.10215305643422264	0.3091740778514317
7797	BURNT	0.038520493145499914	0.1993544144289834
8025	BURNT	0.09231442638805934	0.316017563853945
8049	BURNT	0.11140538858515876	0.3615486068384988
8094	BURNT	0.16267999580928258	0.4628609674317496
8419	BURNT	0.10047106817364693	0.3410258250577109
8438	BURNT	0.11206057454858508	0.3387944826057979
8468	BURNT	0.15760067531040736	0.47553825804165434
8815	BURNT	0.11274381514106478	0.36787185072898865
8878	BURNT	0.04932538313525064	0.2397587767669133
9012	BURNT	0.33208554344517843	0.692611038684845
10886	BURNT	0.07636601690735136	0.2736221764768873
11567	BURNT	0.1616763664143426	0.44426433529172626
12020	BURNT	0.1135702867593084	0.35733542272022795
12265	BURNT	0.19602438594613755	0.5147331953048706
12377	BURNT	0.23893085334982192	0.5503967574664524
16537	BURNT	0.04005834140947887	0.2672341231788908
17898	BURNT	0.2875272397484098	0.6460011005401611
18467	BURNT	0.22911715081759862	0.5674514089311872
21363	BURNT	0.16024985483714513	0.4782866452421461
27440	BURNT	0.3152631457362856	0.6688921025821141
31219	BURNT	0.07153985223599843	0.2451163615499224
31276	BURNT	0.06341858367834773	0.26151526825768606
31283	BURNT	0.14028197952679225	0.4208025762013027
60998	BURNT	0.12576981953212193	0.38774530376706806
61523	BURNT	0.15592823603323527	0.458623651947294
62351	BURNT	0.2830605698483331	0.629030568259103
62465	BURNT	0.24941344346318925	0.5935986978667123
251531	BURNT	0.08118267410567828	0.2861242379461016
440917	BURNT	0.0645696542092732	0.29763360960142954
637758	BURNT	0.062321413308382034	0.23374657120023454
1549025	BURNT	0.1044229194521904	0.32601926156452726
2733294	BURNT	0.06468920622553144	0.2755672718797411
5281167	BURNT	0.0923842361995152	0.36570887906210764
5281168	BURNT	0.12159218745572227	0.42825076409748625
5318599	BURNT	0.1546797656587192	0.4647130625588553
5352837	BURNT	0.10745709602321897	0.39132583141326904
5364231	BURNT	0.11260880210569926	0.40998601061957224
262	BURNT	0.10500475657837731	0.3415254311902182
323	BURNT	0.1558820509484836	0.4451133779117039
750	BURNT	0.14857719306434905	0.4497535824775696
753	BURNT	0.11936524297509875	0.39766975811549593
962	BURNT	0.10492917469569615	0.340641404901232
5862	BURNT	0.28775815878595623	0.6309212871960231
5962	BURNT	0.20630592746394022	0.5205116144248417
6274	BURNT	0.17195037645953043	0.5162970338548932
6322	BURNT	0.17106365731784276	0.5147405181612287
6669	BURNT	0.10089275773082461	0.35903571333204
7137	BURNT	0.10968592816165515	0.34103576838970184
15654	BURNT	0.28271529504231047	0.6134506293705532
62089	BURNT	0.1947906847511019	0.516020906823022
853433	BURNT	0.13154483799423491	0.41749260255268644
5371102	BURNT	0.10542297682591847	0.3625573856489999
10857465	BURNT	0.1568835973739624	0.47519735779081074
180	ACID	0.3010234662464687	0.47897857427597046
264	ACID	0.25691066895212444	0.42555768149239676
702	ACID	0.2303632221051625	0.3922423507486071
1031	ACID	0.2678383929388864	0.4399270159857614
3102	ACID	0.3326009384223393	0.529464031968798
3314	ACID	0.1740171696458544	0.3587930500507355
6506	ACID	0.26925051638058256	0.4634037273270743
6544	ACID	0.3713496582848685	0.556516706943512
6561	ACID	0.3466407486370632	0.5244178218500954
7092	ACID	0.19891653529235295	0.37965825625828337
7302	ACID	0.30136788955756594	0.49006752031190054
7476	ACID	0.18643432216984884	0.39612545711653574
7559	ACID	0.2884427947657449	0.5011728703975677
7657	ACID	0.3680000049727304	0.5774675522531781
7770	ACID	0.22614419034549169	0.42798823543957304
7793	ACID	0.23486715129443578	0.45924352748053415
7797	ACID	0.09019307260002409	0.29493217383112225
8025	ACID	0.23505366487162455	0.3960504744734083
8049	ACID	0.2770627077136721	0.434373072215489
8094	ACID	0.3544270821980068	0.5262896759169442
8419	ACID	0.1652369030884334	0.3418917953968048
8438	ACID	0.1589092058794839	0.33185911178588867
8468	ACID	0.19863992290837423	0.3928029877798898
8815	ACID	0.23383751511573792	0.4208819270133972
8878	ACID	0.12501867541245051	0.30280767168317524
9012	ACID	0.3779687966619219	0.5835568138531276
10886	ACID	0.20242043478148325	0.3753871662276132
11567	ACID	0.4841790497303009	0.67296302318573
12020	ACID	0.3288369263921465	0.5157976831708636
12265	ACID	0.3563386925629207	0.5517439586775643
12377	ACID	0.33197357824870516	0.5422844929354531
16537	ACID	0.2085027311529432	0.39386801634516033
17898	ACID	0.3169663207871573	0.530296266078949
18467	ACID	0.29883081572396414	0.5088599324226379
21363	ACID	0.35622913922582355	0.5482954170022692
27440	ACID	0.3901513176304953	0.5816830311502729
31219	ACID	0.2402109099285943	0.4404894837311336
31276	ACID	0.2590796138559069	0.4356644111020224
31283	ACID	0.3052006789616176	0.45923279438699993
60998	ACID	0.27447250698293957	0.4821570771081107
61523	ACID	0.3116324671677181	0.5310915112495422
62351	ACID	0.28277620460305897	0.4543273321219853
62465	ACID	0.3501529225281307	0.5264419061797005
251531	ACID	0.17553616634437016	0.37653506653649466
440917	ACID	0.3226905422551291	0.5171760235513959
637758	ACID	0.15395755852971757	0.3647725411823818
1549025	ACID	0.19889387488365173	0.34597273809569223
2733294	ACID	0.1884539212499346	0.36121111682483126
5281167	ACID	0.2749356840338026	0.4826361622129168
5281168	ACID	0.31740590929985046	0.5153789818286896
5318599	ACID	0.36545317087854656	0.5609136096068791
5352837	ACID	0.2721645406314305	0.4851159027644566
5364231	ACID	0.19091791340282985	0.410701368536268
262	ACID	0.2893388867378235	0.4853834424700056
323	ACID	0.2120588698557445	0.3917932254927499
750	ACID	0.20319701305457524	0.38993334770202637
753	ACID	0.237711563706398	0.4384391818727766
962	ACID	0.2444568361554827	0.4264348106724875
5862	ACID	0.19669551295893534	0.3794814007622855
5962	ACID	0.28387361764907837	0.46958112716674805
6274	ACID	0.256902351975441	0.47585307700293406
6322	ACID	0.27865149293627056	0.47159350344112944
6669	ACID	0.20177424379757472	0.3933964031083243
7137	ACID	0.10037528297730855	0.3074108915669577
15654	ACID	0.2445801283632006	0.42028224042483736
62089	ACID	0.4191138233457293	0.5976163489477975
853433	ACID	0.1195780805179051	0.3215584542070116
5371102	ACID	0.29333008187157766	0.5089646450110844
10857465	ACID	0.4251977503299713	0.6271767360823495
180	WARM	0.30334999731608797	0.4905524807316916
264	WARM	0.3378183628831591	0.5383001225335258
702	WARM	0.27872916204588755	0.4418504706450871
1031	WARM	0.27191141673496794	0.45283423151288715
3102	WARM	0.33326219235147747	0.5419318335396903
3314	WARM	0.486057847738266	0.695868866784232
6506	WARM	0.32695054156439646	0.509361982345581
6544	WARM	0.3411456687109811	0.5537109460149493
6561	WARM	0.2870824081557138	0.47509398630687166
7092	WARM	0.4514315979821341	0.6628272363117763
7302	WARM	0.3843812814780644	0.5997504762240818
7476	WARM	0.3479727123464857	0.5667334198951721
7559	WARM	0.36160658512796673	0.6090895533561707
7657	WARM	0.32297939913613455	0.5187832117080688
7770	WARM	0.3226417005062103	0.56540960924966
7793	WARM	0.295003741979599	0.5010957675320762
7797	WARM	0.36326131224632263	0.6018149256706238
8025	WARM	0.2738505516733442	0.4525574914046696
8049	WARM	0.31201763238225666	0.5157134022031512
8094	WARM	0.32170036860874723	0.5244786483900887
8419	WARM	0.4998426990849631	0.6775809441293988
8438	WARM	0.46402918866702486	0.6476106899125236
8468	WARM	0.4107457271644047	0.6180592775344849
8815	WARM	0.3613739311695099	0.5766563926424298
8878	WARM	0.3858437367847988	0.5929130230631147
9012	WARM	0.3945506087371281	0.6291556102888924
10886	WARM	0.3183209683213915	0.5233375004359654
11567	WARM	0.3584206700325012	0.5662779041699001
12020	WARM	0.2725773538861956	0.46661931702068876
12265	WARM	0.3231417238712311	0.5422350934573582
12377	WARM	0.3232665998595102	0.5510855231966291
16537	WARM	0.2718445232936314	0.45168621625219074
17898	WARM	0.4056931861809322	0.6454161064965385
18467	WARM	0.36781621405056547	0.5973115137645176
21363	WARM	0.36092487829072134	0.5841708353587559
27440	WARM	0.40346350414412363	0.6582920636449542
31219	WARM	0.31762860076768057	0.5618355359349932
31276	WARM	0.307478917496545	0.5326822570392064
31283	WARM	0.32627362864358084	0.5297807284763881
60998	WARM	0.3965301385947636	0.6212161098207746
61523	WARM	0.30125313997268677	0.5054881572723389
62351	WARM	0.37362418855939594	0.5935328006744385
62465	WARM	0.45325237086841036	0.6832317369324821
251531	WARM	0.3154033252171108	0.45392601830618723
440917	WARM	0.26377699630601065	0.4817610170160021
637758	WARM	0.4170554408005306	0.6239472883088248
1549025	WARM	0.30687826446124483	0.4745495319366455
2733294	WARM	0.3351468529020037	0.5335751686777387
5281167	WARM	0.28178609694753376	0.48842792425836834
5281168	WARM	0.30415728262492586	0.5058844685554504
5318599	WARM	0.28604497228349957	0.5199581214359829
5352837	WARM	0.2702641359397343	0.49040938700948444
5364231	WARM	0.31616136857441496	0.500543875353677
262	WARM	0.2813441114766257	0.4638661188738687
323	WARM	0.45385436500821796	0.6875912036214556
750	WARM	0.35002415095056805	0.5511512969221387
753	WARM	0.3085773927824838	0.49426280174936565
962	WARM	0.32898610830307007	0.5309030967099326
5862	WARM	0.4170864607606615	0.6536204218864441
5962	WARM	0.3757904257093157	0.5999599099159241
6274	WARM	0.34054845571517944	0.5563165417739323
6322	WARM	0.3434649578162602	0.558420445237841
6669	WARM	0.37033321602003916	0.603803983756474
7137	WARM	0.6269983308655875	0.8174128021512713
15654	WARM	0.397613810641425	0.6290199756622314
62089	WARM	0.340624281338283	0.5389545389584133
853433	WARM	0.5306695912565503	0.7274245534624372
5371102	WARM	0.31805719648088726	0.5132496442113604
10857465	WARM	0.35349538922309875	0.6138588871274676
180	MUSKY	0.26956361319337574	0.4833402633666992
264	MUSKY	0.4551411526543753	0.6699514644486564
702	MUSKY	0.3059816062450409	0.5184689504759652
1031	MUSKY	0.2944709871496473	0.5080188938549587
3102	MUSKY	0.30840544615473064	0.572082941021238
3314	MUSKY	0.15660030288355692	0.3905878450189318
6506	MUSKY	0.3571371052946363	0.5518328036580767
6544	MUSKY	0.18976428466183798	0.4177119050707136
6561	MUSKY	0.3169125701699938	0.5456089973449707
7092	MUSKY	0.1648558612380709	0.3970737840448107
7302	MUSKY	0.32413565686770845	0.6090347596577236
7476	MUSKY	0.20144478125231607	0.4396988962377821
7559	MUSKY	0.2391370471034731	0.4728150154863085
7657	MUSKY	0.31138273647853304	0.5808683208056858
7770	MUSKY	0.21858074622494833	0.4045784388269697
7793	MUSKY	0.2242249505860465	0.47672364115715027
7797	MUSKY	0.07107444320406232	0.2670559308358601
8025	MUSKY	0.2743624108178275	0.48261370403426035
8049	MUSKY	0.2954542764595577	0.5238324659211295
8094	MUSKY	0.37902526770319256	0.6383897917611259
8419	MUSKY	0.19294465013912745	0.39289890442575726
8438	MUSKY	0.17397062267575944	0.3938245603016445
8468	MUSKY	0.23031676241329738	0.4830542377063206
8815	MUSKY	0.1667841374874115	0.36954245397022795
8878	MUSKY	0.13962060532399587	0.36340477636882235
9012	MUSKY	0.36725188153130667	0.7052959374019078
10886	MUSKY	0.21062987829957688	0.4091009369918278
11567	MUSKY	0.20453624427318573	0.4516892262867519
12020	MUSKY	0.24154914489814214	0.4598850522722517
12265	MUSKY	0.3012166704450335	0.5547361714499337
12377	MUSKY	0.31500167506081717	0.6130563616752625
16537	MUSKY	0.15168930377279008	0.35450113245419096
17898	MUSKY	0.36335735661642893	0.6703994529587882
18467	MUSKY	0.3346930273941585	0.6108753596033368
21363	MUSKY	0.5290027516228812	0.7706646748951503
27440	MUSKY	0.38994732924870085	0.6959543568747384
31219	MUSKY	0.19587003120354243	0.41009510840688435
31276	MUSKY	0.17149058410099574	0.3735424961362566
31283	MUSKY	0.3084202323641096	0.5494806681360517
60998	MUSKY	0.36129288588251385	0.6015529802867344
61523	MUSKY	0.25097072550228666	0.5346914146627698
62351	MUSKY	0.3988597435610635	0.7021882789475578
62465	MUSKY	0.24413823229925974	0.5059639087745121
251531	MUSKY	0.2584545058863504	0.5079639852046967
440917	MUSKY	0.13731033887181962	0.3271752595901489
637758	MUSKY	0.2303368321486882	0.4449149966239929
1549025	MUSKY	0.2331458670752389	0.40269090022359577
2733294	MUSKY	0.17456907672541483	0.34834436007908415
5281167	MUSKY	0.261316893356187	0.47098407575062345
5281168	MUSKY	0.3430300908429282	0.5931636095046997
5318599	MUSKY	0.29428077169827055	0.5666721548352923
5352837	MUSKY	0.24639408716133662	0.47419072474752155
5364231	MUSKY	0.2539648711681366	0.44770139881542753
262	MUSKY	0.2393569052219391	0.4605118845190321
323	MUSKY	0.24181644831384932	0.5017162476267133
750	MUSKY	0.2868686595133373	0.5294880952153888
753	MUSKY	0.23666018886225565	0.46716309445244925
962	MUSKY	0.25646084759916576	0.4886867957455771
5862	MUSKY	0.34002617853028433	0.6424812759671893
5962	MUSKY	0.4537599171910967	0.701119065284729
6274	MUSKY	0.2977068764822824	0.5516122622149331
6322	MUSKY	0.35191474642072407	0.5866465227944511
6669	MUSKY	0.32244231019701275	0.5721742936543056
7137	MUSKY	0.13058330970151083	0.3165236221892493
15654	MUSKY	0.3304146868841989	0.6248382244791303
62089	MUSKY	0.42788025736808777	0.6859674964632306
853433	MUSKY	0.1274722654904638	0.34679287672042847
5371102	MUSKY	0.21571540513208934	0.45456720675740925
10857465	MUSKY	0.3273571218763079	0.6631033250263759
180	SWEATY	0.1681740220103945	0.3334612420627049
264	SWEATY	0.3353002837726048	0.5262702235153743
702	SWEATY	0.19609885343483516	0.38499688676425387
1031	SWEATY	0.19272049410002573	0.3710927665233612
3102	SWEATY	0.16841826481478556	0.3756648004055023
3314	SWEATY	0.07081987070185798	0.13401952705213002
6506	SWEATY	0.2594085144145148	0.4929889568260738
6544	SWEATY	0.10164385608264379	0.2523064272744315
6561	SWEATY	0.22063272978578294	0.41629588178225924
7092	SWEATY	0.062360412308147976	0.1668919793197087
7302	SWEATY	0.20036461736474717	0.411359965801239
7476	SWEATY	0.08992005299244608	0.2205855803830283
7559	SWEATY	0.15272930796657289	0.30769239578928265
7657	SWEATY	0.173500371830804	0.39946344069072176
7770	SWEATY	0.1542124386344637	0.30426883697509766
7793	SWEATY	0.10736015172941345	0.28340497612953186
7797	SWEATY	0.049715038388967514	0.16581108101776668
8025	SWEATY	0.17328339602266038	0.33924063188689096
8049	SWEATY	0.18185147217341832	0.38969980818884714
8094	SWEATY	0.2476756657872881	0.48081484862736296
8419	SWEATY	0.08410647777574402	0.16346710388149535
8438	SWEATY	0.08069325877087456	0.17204220912286214
8468	SWEATY	0.1053198714341436	0.2437577290194375
8815	SWEATY	0.10196542367339134	0.19315016056810105
8878	SWEATY	0.07641186458723885	0.21301329561642238
9012	SWEATY	0.22927426440375193	0.5139764334474292
10886	SWEATY	0.14090430736541748	0.3121807277202606
11567	SWEATY	0.09331004773931843	0.24721309329782212
12020	SWEATY	0.1423987469502858	0.3137145383017404
12265	SWEATY	0.17057619243860245	0.37836877363068716
12377	SWEATY	0.18998173304966517	0.48192381858825684
16537	SWEATY	0.09653622178094727	0.24193600245884486
17898	SWEATY	0.1929459124803543	0.44460008825574604
18467	SWEATY	0.17565122885363443	0.3980737158230373
21363	SWEATY	0.37673807569912504	0.6035023246492658
27440	SWEATY	0.24209771837506974	0.5201333080019269
31219	SWEATY	0.1306961253285408	0.2735527072634016
31276	SWEATY	0.08721989925418581	0.2326842440026147
31283	SWEATY	0.18926578973020827	0.41783451608249117
60998	SWEATY	0.23998597051416123	0.4669563812868936
61523	SWEATY	0.13706133833953313	0.3818310669490269
62351	SWEATY	0.27989513533455984	0.548127966267722
62465	SWEATY	0.09845061706645149	0.21822334613118852
251531	SWEATY	0.1289417307291712	0.32416888645717074
440917	SWEATY	0.05868045533342021	0.2188363926751273
637758	SWEATY	0.13737051295382635	0.29902675322123934
1549025	SWEATY	0.174117311835289	0.3790498205593654
2733294	SWEATY	0.1252598272902625	0.2858671418258122
5281167	SWEATY	0.17674733911241805	0.39199728625161306
5281168	SWEATY	0.23365141238485063	0.4512510299682617
5318599	SWEATY	0.16686261977468217	0.3805109901087625
5352837	SWEATY	0.14303144812583923	0.3200498989650181
5364231	SWEATY	0.16939321160316467	0.37690397671290804
262	SWEATY	0.1337603543485914	0.30598478657858713
323	SWEATY	0.10761823398726326	0.2171889224222728
750	SWEATY	0.1832173690199852	0.36878977503095356
753	SWEATY	0.12733287470681326	0.29311743804386686
962	SWEATY	0.14041489682027272	0.2919200871671949
5862	SWEATY	0.1961317935160228	0.4502851963043213
5962	SWEATY	0.33209970593452454	0.5620765813759395
6274	SWEATY	0.15950851142406464	0.3536371759005955
6322	SWEATY	0.24092642537185124	0.4479500268186842
6669	SWEATY	0.17169015748160227	0.3349432945251465
7137	SWEATY	0.09918890041964394	0.15607694004263198
15654	SWEATY	0.18993755110672542	0.424230694770813
62089	SWEATY	0.2894847350461142	0.5485948239053998
853433	SWEATY	0.05669901759496757	0.10620125755667686
5371102	SWEATY	0.11374988460115024	0.32235248173986164
10857465	SWEATY	0.1815179373536791	0.41899254492350985
180	AMMONIA/URINOUS	0.2997129793678011	0.43801765356745037
264	AMMONIA/URINOUS	0.3667035698890686	0.49715488297598703
702	AMMONIA/URINOUS	0.2676031802381788	0.399690751518522
1031	AMMONIA/URINOUS	0.3164885427270617	0.44583618215152193
3102	AMMONIA/URINOUS	0.4296666554042271	0.5628926839147296
3314	AMMONIA/URINOUS	0.17064182034560613	0.30246664370809284
6506	AMMONIA/URINOUS	0.2404905834368297	0.40503237928662983
6544	AMMONIA/URINOUS	0.3556186258792877	0.5046235918998718
6561	AMMONIA/URINOUS	0.3775007128715515	0.522397654397147
7092	AMMONIA/URINOUS	0.19332876801490784	0.3189609093325479
7302	AMMONIA/URINOUS	0.3511595257690975	0.4980414552348001
7476	AMMONIA/URINOUS	0.20824748064790452	0.3318678992135184
7559	AMMONIA/URINOUS	0.3962369901793344	0.522715858050755
7657	AMMONIA/URINOUS	0.46036921654428753	0.5894202675138202
7770	AMMONIA/URINOUS	0.22750977320330484	0.3769857372556414
7793	AMMONIA/URINOUS	0.33193925448826384	0.45484673976898193
7797	AMMONIA/URINOUS	0.03979623158063207	0.12258837904248919
8025	AMMONIA/URINOUS	0.2668278770787375	0.39528150643621174
8049	AMMONIA/URINOUS	0.23893649663243974	0.36750940339905874
8094	AMMONIA/URINOUS	0.3702680468559265	0.4771037697792053
8419	AMMONIA/URINOUS	0.14516427208270347	0.2520566689116614
8438	AMMONIA/URINOUS	0.1415841622012002	0.25269258448055815
8468	AMMONIA/URINOUS	0.18708906429154532	0.3462354711123875
8815	AMMONIA/URINOUS	0.19019153075558798	0.3270084985664913
8878	AMMONIA/URINOUS	0.08251485388193812	0.16673015803098679
9012	AMMONIA/URINOUS	0.4861671200820378	0.6333616120474679
10886	AMMONIA/URINOUS	0.2071757593325206	0.3103432314736502
11567	AMMONIA/URINOUS	0.4782444451536451	0.6366932562419346
12020	AMMONIA/URINOUS	0.3319052202360971	0.47595741919108797
12265	AMMONIA/URINOUS	0.4067896604537964	0.563358988080706
12377	AMMONIA/URINOUS	0.36490326268332346	0.48722545163972036
16537	AMMONIA/URINOUS	0.14915416921888078	0.30281452195984976
17898	AMMONIA/URINOUS	0.3870705621583121	0.5399552881717682
18467	AMMONIA/URINOUS	0.35144380586487906	0.5112215791429792
21363	AMMONIA/URINOUS	0.5512875999723162	0.6528525011880058
27440	AMMONIA/URINOUS	0.5057445892265865	0.6642991389547076
31219	AMMONIA/URINOUS	0.2205261609383992	0.33935899819646564
31276	AMMONIA/URINOUS	0.22699379920959473	0.34915878091539654
31283	AMMONIA/URINOUS	0.2533190207821982	0.364154257944652
60998	AMMONIA/URINOUS	0.4745906335966928	0.6230814456939697
61523	AMMONIA/URINOUS	0.351356783083507	0.48002311161586214
62351	AMMONIA/URINOUS	0.3811638355255127	0.5157954735415322
62465	AMMONIA/URINOUS	0.37299039108412607	0.5220587764467511
251531	AMMONIA/URINOUS	0.22892533668449946	0.3672427833080292
440917	AMMONIA/URINOUS	0.2565884292125702	0.44131297298840116
637758	AMMONIA/URINOUS	0.22366565253053391	0.33778537596975056
1549025	AMMONIA/URINOUS	0.19619898604495184	0.318570505295481
2733294	AMMONIA/URINOUS	0.14617851270096643	0.23530391710145132
5281167	AMMONIA/URINOUS	0.26114670080798014	0.39565317971365793
5281168	AMMONIA/URINOUS	0.3468210015978132	0.4725285087312971
5318599	AMMONIA/URINOUS	0.36500465869903564	0.49285695382526945
5352837	AMMONIA/URINOUS	0.2538060631070818	0.37784900835582186
5364231	AMMONIA/URINOUS	0.15774951449462346	0.2653724082878658
262	AMMONIA/URINOUS	0.29533185064792633	0.4253555110522679
323	AMMONIA/URINOUS	0.2551125628607614	0.384700460093362
750	AMMONIA/URINOUS	0.20451410114765167	0.3682635171072824
753	AMMONIA/URINOUS	0.2179208334003176	0.3718739662851606
962	AMMONIA/URINOUS	0.24703444966248103	0.3864039693559919
5862	AMMONIA/URINOUS	0.28175887891224455	0.4416095571858542
5962	AMMONIA/URINOUS	0.38521233201026917	0.5312258686338153
6274	AMMONIA/URINOUS	0.2518775165081024	0.42376138057027546
6322	AMMONIA/URINOUS	0.28776679720197407	0.4533257952758244
6669	AMMONIA/URINOUS	0.2084304690361023	0.37035979543413433
7137	AMMONIA/URINOUS	0.13850515601890429	0.22704409807920456
15654	AMMONIA/URINOUS	0.3305365400654929	0.47945986901010784
62089	AMMONIA/URINOUS	0.43747468079839436	0.5696730443409511
853433	AMMONIA/URINOUS	0.1181194968521595	0.23550415464809962
5371102	AMMONIA/URINOUS	0.3152217779840742	0.4455299292291914
10857465	AMMONIA/URINOUS	0.481729656457901	0.662367011819567
180	DECAYED	0.10085317279611315	0.3426623386996133
264	DECAYED	0.19259783625602722	0.486547840493066
702	DECAYED	0.11039881833962031	0.3643973725182669
1031	DECAYED	0.11977288233382362	0.3842542426926749
3102	DECAYED	0.10616829139845711	0.38096790654318674
3314	DECAYED	0.05460703479392188	0.278491484267371
6506	DECAYED	0.07207755584801946	0.2875546578850065
6544	DECAYED	0.09584978914686612	0.3425111855779375
6561	DECAYED	0.14792043715715408	0.4387619452817099
7092	DECAYED	0.04781001753040722	0.24467138520308904
7302	DECAYED	0.13810637167521886	0.4384997401918684
7476	DECAYED	0.0675291291304997	0.26432493541921886
7559	DECAYED	0.08530648265566144	0.33676919766834806
7657	DECAYED	0.12000988849571773	0.40246654408318655
7770	DECAYED	0.11291632801294327	0.34821755971227375
7793	DECAYED	0.08513543169413294	0.29178084645952496
7797	DECAYED	0.05519188514777592	0.22841220455510275
8025	DECAYED	0.10068032358373914	0.3439501225948334
8049	DECAYED	0.08833259610193116	0.28782457539013456
8094	DECAYED	0.15499975638730185	0.44694389615740093
8419	DECAYED	0.053451621904969215	0.2296084953205926
8438	DECAYED	0.04602969331400735	0.21013038073267257
8468	DECAYED	0.05329228192567825	0.2852132959025247
8815	DECAYED	0.07153861011777606	0.2836791830403464
8878	DECAYED	0.07800116070679255	0.2691177193607603
9012	DECAYED	0.24041631817817688	0.6529873183795384
10886	DECAYED	0.08991624840668269	0.30817537222589764
11567	DECAYED	0.08694032153912953	0.36455955249922617
12020	DECAYED	0.10495898074337415	0.3755109650748117
12265	DECAYED	0.1358326215829168	0.4405689835548401
12377	DECAYED	0.263758014355387	0.6876191411699567
16537	DECAYED	0.05834908810045038	0.21306339970656804
17898	DECAYED	0.14562723466328212	0.4743077627250126
18467	DECAYED	0.12165808251925878	0.4232108976159777
21363	DECAYED	0.20597589867455618	0.5524387317044395
27440	DECAYED	0.2171750089951924	0.5921945529324668
31219	DECAYED	0.08587661066225596	0.3117750457354954
31276	DECAYED	0.06970306751983506	0.2884277743952615
31283	DECAYED	0.08393532250608716	0.2970699540206364
60998	DECAYED	0.11418791647468295	0.4183540642261505
61523	DECAYED	0.10728204250335693	0.3799479305744171
62351	DECAYED	0.23440148574965342	0.605522802897862
62465	DECAYED	0.08108782448938914	0.36463894162859234
251531	DECAYED	0.07468336448073387	0.27317274468285696
440917	DECAYED	0.04767120416675295	0.2531191770519529
637758	DECAYED	0.06259385815688542	0.267297836286681
1549025	DECAYED	0.06637252494692802	0.2761183721678598
2733294	DECAYED	0.10362745502165385	0.3240596354007721
5281167	DECAYED	0.11579475445406777	0.3862049494470869
5281168	DECAYED	0.14846420820270265	0.4191106174673353
5318599	DECAYED	0.11700943112373352	0.38343230315617155
5352837	DECAYED	0.10174302224602018	0.35243979947907583
5364231	DECAYED	0.12000332240547452	0.40481065426553997
262	DECAYED	0.10205399777208056	0.3514521930898939
323	DECAYED	0.05882974235074861	0.26955594548157286
750	DECAYED	0.09865714077438627	0.3524470797606877
753	DECAYED	0.0803717736686979	0.3244778641632625
962	DECAYED	0.08553442465407508	0.3009841612407139
5862	DECAYED	0.19239965506962367	0.5678791574069432
5962	DECAYED	0.20762105924742563	0.5356249042919704
6274	DECAYED	0.08570070032562528	0.36566960385867525
6322	DECAYED	0.11331218906811305	0.3864283391407558
6669	DECAYED	0.08066465013793536	0.29698891724858967
7137	DECAYED	0.04968785760658128	0.2562482825347355
15654	DECAYED	0.14283696455614908	0.4838327978338514
62089	DECAYED	0.14595416613987514	0.42714445080075947
853433	DECAYED	0.04132515325077942	0.25521764159202576
5371102	DECAYED	0.08860875080738749	0.3365124378885542
10857465	DECAYED	0.13211321511438914	0.4786228622709002
180	WOOD	0.2240496128797531	0.3746298466409956
264	WOOD	0.1628179166998182	0.32898853932108196
702	WOOD	0.20290032029151917	0.34883644751140047
1031	WOOD	0.16333588744912828	0.30038412128176006
3102	WOOD	0.18107757823807852	0.34387326666287016
3314	WOOD	0.2847102667604174	0.4182209074497223
6506	WOOD	0.28541253932884764	0.43332270639283316
6544	WOOD	0.28534271887370516	0.45285122309412273
6561	WOOD	0.1578182429075241	0.29918291739055086
7092	WOOD	0.25334774809224264	0.3922560853617532
7302	WOOD	0.29940768011978697	0.49712329677173067
7476	WOOD	0.17743232739823206	0.2860287917511804
7559	WOOD	0.11923693865537643	0.24276318507535116
7657	WOOD	0.1713446910892214	0.3325632427419935
7770	WOOD	0.08542040150080409	0.1439453044107982
7793	WOOD	0.22098817569868906	0.4151753400053297
7797	WOOD	0.09540515446237155	0.1849899845463889
8025	WOOD	0.15635633255754197	0.27202957229954855
8049	WOOD	0.22524432412215642	0.38211232849529814
8094	WOOD	0.28662027631487164	0.46793488945279804
8419	WOOD	0.24308614432811737	0.33923361769744326
8438	WOOD	0.19977603214127676	0.2915698460170201
8468	WOOD	0.3419292526585715	0.491568637745721
8815	WOOD	0.23803970430578505	0.4070243069103786
8878	WOOD	0.13049400065626418	0.20237174736601965
9012	WOOD	0.21420530549117497	0.3734036215714046
10886	WOOD	0.16603175870009831	0.25672570935317446
11567	WOOD	0.2822003109114511	0.46167714255196707
12020	WOOD	0.1905911671263831	0.3415760227612087
12265	WOOD	0.2668796181678772	0.4456594330923898
12377	WOOD	0.16256070137023926	0.28867081659180777
16537	WOOD	0.23295837853636062	0.4022222374166761
17898	WOOD	0.4220896490982601	0.6201852560043335
18467	WOOD	0.34873828291893005	0.5480746626853943
21363	WOOD	0.240865273135049	0.4130044834954398
27440	WOOD	0.33568186845098225	0.5112761046205249
31219	WOOD	0.12916375058037893	0.22915659844875336
31276	WOOD	0.10930664092302322	0.15976765326091222
31283	WOOD	0.28816552247319904	0.4656536451407841
60998	WOOD	0.14712639153003693	0.3100827804633549
61523	WOOD	0.2747761330434254	0.4817158154078892
62351	WOOD	0.23002615996769496	0.40342200653893606
62465	WOOD	0.3689682185649872	0.5502309628895351
251531	WOOD	0.20891477167606354	0.34187631947653635
440917	WOOD	0.2882286693368639	0.48090557966913494
637758	WOOD	0.10048478522471019	0.19787185106958663
1549025	WOOD	0.2230886710541589	0.365983533007758
2733294	WOOD	0.21107757730143412	0.3138602865593774
5281167	WOOD	0.23916648754051753	0.4165673553943634
5281168	WOOD	0.2586367960487093	0.46097459537642343
5318599	WOOD	0.3397460516010012	0.5325392782688141
5352837	WOOD	0.2742927521467209	0.4659407820020403
5364231	WOOD	0.34337158501148224	0.43871821250234333
262	WOOD	0.20384976693562099	0.3496010644095285
323	WOOD	0.2666159527642386	0.39049250738961355
750	WOOD	0.2642161675861904	0.4279778642313821
753	WOOD	0.24275392932551249	0.40174204111099243
962	WOOD	0.22196657742772782	0.3447830379009247
5862	WOOD	0.22500537548746383	0.40893342239516123
5962	WOOD	0.23713857786996023	0.4296441503933498
6274	WOOD	0.42316343103136334	0.6004812972886222
6322	WOOD	0.39222540174211773	0.579981654882431
6669	WOOD	0.2438883994306837	0.39942931703158785
7137	WOOD	0.21656361860888346	0.3194230943918228
15654	WOOD	0.31036789076668875	0.48867895773478914
62089	WOOD	0.34372403366225107	0.528396976845605
853433	WOOD	0.2575282007455826	0.38355044594832827
5371102	WOOD	0.23610291736466543	0.4122565686702728
10857465	WOOD	0.4531207595552717	0.6363781520298549
180	GRASS	0.09150247382266181	0.2643231281212398
264	GRASS	0.05848716412271772	0.20510735043457576
702	GRASS	0.0937502852508	0.2690007047993796
1031	GRASS	0.08536002465656825	0.258274182677269
3102	GRASS	0.06434995361736842	0.24371775346142904
3314	GRASS	0.08170742701206889	0.22786855697631836
6506	GRASS	0.10875381103583745	0.28388000811849323
6544	GRASS	0.1362421310373715	0.348281592130661
6561	GRASS	0.05002808517643383	0.21265272157532827
7092	GRASS	0.07754272062863622	0.23651629899229323
7302	GRASS	0.0631982572376728	0.194405164037432
7476	GRASS	0.11819444596767426	0.30560001730918884
7559	GRASS	0.07968815469316073	0.2526863196066448
7657	GRASS	0.07576783799699374	0.2578097539288657
7770	GRASS	0.07763192643012319	0.23664563042776926
7793	GRASS	0.20814549710069383	0.490512524332319
7797	GRASS	0.14620051745857512	0.33079220567430767
8025	GRASS	0.07428921386599541	0.24651793284075602
8049	GRASS	0.045527826462473185	0.19725658638136728
8094	GRASS	0.11111987382173538	0.23758115938731603
8419	GRASS	0.08870415602411542	0.23310002258845738
8438	GRASS	0.07082513932670866	0.22396687524659292
8468	GRASS	0.09215410266603742	0.2566681227513722
8815	GRASS	0.1143258565238544	0.28640133355345043
8878	GRASS	0.1394823683159692	0.32239232318741934
9012	GRASS	0.08895894885063171	0.2602310819285257
10886	GRASS	0.12435712878193174	0.31673155086381094
11567	GRASS	0.05553180218807289	0.22615435080868856
12020	GRASS	0.09650762804916926	0.2800534303699221
12265	GRASS	0.07503513459648405	0.2299474115882601
12377	GRASS	0.15003804649625505	0.3525563052722386
16537	GRASS	0.2899873639856066	0.5394337390150342
17898	GRASS	0.09622941964438983	0.27391346863337923
18467	GRASS	0.09601540544203349	0.26002215487616404
21363	GRASS	0.06870754169566291	0.20448913744517735
27440	GRASS	0.06312527188232966	0.23104231272424972
31219	GRASS	0.10247999110392161	0.27926628504480633
31276	GRASS	0.08785468339920044	0.2688531151839665
31283	GRASS	0.05766878702810833	0.21370090757097518
60998	GRASS	0.08045790291258267	0.2633120332445417
61523	GRASS	0.3035875601427896	0.6145973631313869
62351	GRASS	0.10944748244115285	0.26602347833769663
62465	GRASS	0.0476382640855653	0.22088435930865152
251531	GRASS	0.1420504982982363	0.3640329837799072
440917	GRASS	0.2750757187604904	0.5301642460482461
637758	GRASS	0.10363256931304932	0.2891776327575956
1549025	GRASS	0.16618498946939195	0.3651101972375597
2733294	GRASS	0.3104116107736315	0.4700925775936672
5281167	GRASS	0.3483022621699742	0.6020852838243756
5281168	GRASS	0.1624331506235259	0.35295294863837107
5318599	GRASS	0.24996890553406306	0.4828817205769675
5352837	GRASS	0.33938585008893696	0.5790456448282514
5364231	GRASS	0.512382128408977	0.7552535789353507
262	GRASS	0.09464915948254722	0.29721265179770334
323	GRASS	0.06741814687848091	0.2101977722985404
750	GRASS	0.07176936524254936	0.22393623420170375
753	GRASS	0.1130833945104054	0.3086384151663099
962	GRASS	0.09592161327600479	0.28842578189713614
5862	GRASS	0.0742591598204204	0.21436447543757303
5962	GRASS	0.05894237969602857	0.22069973179272243
6274	GRASS	0.11394533514976501	0.29723839248929707
6322	GRASS	0.08953136844294411	0.2521925355706896
6669	GRASS	0.07368519050734383	0.23833481754575456
7137	GRASS	0.12106182426214218	0.2764585699353899
15654	GRASS	0.07243053721530097	0.20798063491071975
62089	GRASS	0.0708615950175694	0.20421989049230302
853433	GRASS	0.09930008117641721	0.23818957379886083
5371102	GRASS	0.2611775632415499	0.4971103710787637
10857465	GRASS	0.222353566970144	0.4928356238773891
180	FLOWER	0.09255618016634669	0.28221023082733154
264	FLOWER	0.06380600429006986	0.24086809158325195
702	FLOWER	0.09156742266246251	0.2921107070786612
1031	FLOWER	0.08416884286063057	0.2937158388750894
3102	FLOWER	0.18100122255938395	0.420249879360199
3314	FLOWER	0.1415283637387412	0.3768340860094343
6506	FLOWER	0.060084735708577294	0.2184938085930688
6544	FLOWER	0.13242526458842413	0.33229345083236694
6561	FLOWER	0.050028874671884944	0.23278397108827317
7092	FLOWER	0.17973921873739787	0.40991391454424175
7302	FLOWER	0.035482030894075124	0.18000487238168716
7476	FLOWER	0.33031036811215536	0.6020721793174744
7559	FLOWER	0.32178000041416716	0.5884549532617841
7657	FLOWER	0.16217582247086934	0.38599689091954914
7770	FLOWER	0.17299316823482513	0.42365852849824087
7793	FLOWER	0.44764431033815655	0.7190205539975848
7797	FLOWER	0.31824195810726713	0.5601579717227391
8025	FLOWER	0.10161301493644714	0.3363605524812426
8049	FLOWER	0.13008626763309752	0.3395281604358128
8094	FLOWER	0.03343779274395534	0.18480847137314932
8419	FLOWER	0.2503951106752668	0.4677217900753021
8438	FLOWER	0.23546441112245833	0.47989486370767864
8468	FLOWER	0.12840065040758677	0.3302710013730185
8815	FLOWER	0.15951577254704066	0.36069744399615694
8878	FLOWER	0.24250346635069167	0.4585521732057844
9012	FLOWER	0.03307247002209936	0.12683828175067902
10886	FLOWER	0.22145492264202662	0.46750386697905405
11567	FLOWER	0.07956478531871523	0.23973137991768972
12020	FLOWER	0.067438576902662	0.25683218027864185
12265	FLOWER	0.04618429232920919	0.17161121112959726
12377	FLOWER	0.02674357752714838	0.12290187286479133
16537	FLOWER	0.3268646427563259	0.5789013249533517
17898	FLOWER	0.02198001290006297	0.13865137206656591
18467	FLOWER	0.05599043411867959	0.19904640316963196
21363	FLOWER	0.10127869780574526	0.24447619915008545
27440	FLOWER	0.007296225854328701	0.07890101628644126
31219	FLOWER	0.2970645768301828	0.5875893746103559
31276	FLOWER	0.20018350652285985	0.4560045003890991
31283	FLOWER	0.10003672327314105	0.29364093925271717
60998	FLOWER	0.24491245193140848	0.47201054862567354
61523	FLOWER	0.26534522644111086	0.5271687507629395
62351	FLOWER	0.000917302178485053	0.0968172512948513
62465	FLOWER	0.0703711983348642	0.2689657232591084
251531	FLOWER	0.3057540271963392	0.5673679283687046
440917	FLOWER	0.21173576159136637	0.428786929164614
637758	FLOWER	0.3446850563798632	0.6346142632620675
1549025	FLOWER	0.28477982112339567	0.5235266515186855
2733294	FLOWER	0.23061992015157426	0.45572279606546673
5281167	FLOWER	0.18240692360060556	0.4034173956939152
5281168	FLOWER	0.07043660804629326	0.2276190710919244
5318599	FLOWER	0.13426031278712408	0.3154267285551344
5352837	FLOWER	0.19190629039491927	0.414802542754582
5364231	FLOWER	0.1444743126630783	0.42585282240595135
262	FLOWER	0.10208412472690855	0.3198503979614803
323	FLOWER	0.1775377600320748	0.4104380522455488
750	FLOWER	0.08758511926446642	0.2766204753092357
753	FLOWER	0.119638520692076	0.3194722362927028
962	FLOWER	0.15551143884658813	0.3945617973804474
5862	FLOWER	0.03932575455733708	0.16938543639012746
5962	FLOWER	0.03722473819340978	0.21040089002677373
6274	FLOWER	0.0803903660603932	0.2270124363047736
6322	FLOWER	0.03929688621844564	0.20596513790743692
6669	FLOWER	0.27342388885361807	0.4267876148223877
7137	FLOWER	0.2803045724119459	0.5508223857198443
15654	FLOWER	0.02132854690509183	0.13064607126372202
62089	FLOWER	0.0004394019820860454	0.14433130089725768
853433	FLOWER	0.20456922692911966	0.45290610619953703
5371102	FLOWER	0.21489599559988296	0.4760506876877376
10857465	FLOWER	0.13783710024186543	0.38811693446976797
180	CHEMICAL	0.31166985843862804	0.5870332547596523
264	CHEMICAL	0.2373178963150297	0.542748246874128
702	CHEMICAL	0.19202011610780442	0.47968967046056477
1031	CHEMICAL	0.27739189139434267	0.556517311504909
3102	CHEMICAL	0.3925522140094212	0.6668556928634644
3314	CHEMICAL	0.21252361365727016	0.5037769675254822
6506	CHEMICAL	0.16509936537061418	0.4533514848777226
6544	CHEMICAL	0.4874240372862135	0.7322379691260201
6561	CHEMICAL	0.39658898540905546	0.6745026111602783
7092	CHEMICAL	0.2826908975839615	0.5609355654035296
7302	CHEMICAL	0.323687881231308	0.5963478769574847
7476	CHEMICAL	0.27983840448515757	0.5778820855276925
7559	CHEMICAL	0.3625872050012861	0.6588560002190726
7657	CHEMICAL	0.41172209807804655	0.6887144276074001
7770	CHEMICAL	0.30030990285532816	0.6105890018599374
7793	CHEMICAL	0.3473274452345712	0.6266730087144035
7797	CHEMICAL	0.17477640296731675	0.4685003289154598
8025	CHEMICAL	0.25135405148778645	0.5368938956941877
8049	CHEMICAL	0.27114687860012054	0.5367274284362793
8094	CHEMICAL	0.37927742515291485	0.6617206675665719
8419	CHEMICAL	0.18806161199297225	0.46649097544806345
8438	CHEMICAL	0.21508429944515228	0.49136809366089956
8468	CHEMICAL	0.2130507571356637	0.5277756367410932
8815	CHEMICAL	0.27263979613780975	0.5610245295933315
8878	CHEMICAL	0.1713727584906987	0.4641102041516985
9012	CHEMICAL	0.3035698639495032	0.6231329441070557
10886	CHEMICAL	0.23069547755377634	0.5178420969418117
11567	CHEMICAL	0.6424932990755353	0.842105141707829
12020	CHEMICAL	0.3716338149138859	0.6322527698108128
12265	CHEMICAL	0.38026522738592966	0.6172810707773481
12377	CHEMICAL	0.23118588966982706	0.5671259079660688
16537	CHEMICAL	0.22958295260156905	0.5160759133952004
17898	CHEMICAL	0.32609509996005465	0.5825117485863822
18467	CHEMICAL	0.2904433182307652	0.5571106501988002
21363	CHEMICAL	0.37542021700314115	0.6976077556610107
27440	CHEMICAL	0.34525359102657865	0.6097011310713631
31219	CHEMICAL	0.32782467773982454	0.6214265482766288
31276	CHEMICAL	0.32856931005205425	0.6291274428367615
31283	CHEMICAL	0.30470122609819683	0.5590208172798157
60998	CHEMICAL	0.28141585843903677	0.5914950370788574
61523	CHEMICAL	0.3387324256556375	0.6351068275315421
62351	CHEMICAL	0.2076811087982995	0.49228096859795706
62465	CHEMICAL	0.39032045006752014	0.644886451108115
251531	CHEMICAL	0.21718746423721313	0.5172347170966012
440917	CHEMICAL	0.3976935999734061	0.6688079578535897
637758	CHEMICAL	0.237056165933609	0.5553822687694004
1549025	CHEMICAL	0.19490765460899898	0.45151984691619873
2733294	CHEMICAL	0.21612529030867986	0.4959040709904262
5281167	CHEMICAL	0.27836925642830984	0.5949435234069824
5281168	CHEMICAL	0.31998309067317415	0.602865355355399
5318599	CHEMICAL	0.4275189254965101	0.7236880660057068
5352837	CHEMICAL	0.31462245115212034	0.6296738641602653
5364231	CHEMICAL	0.1701093539595604	0.5111417514937264
262	CHEMICAL	0.32358201486723764	0.6007591911724636
323	CHEMICAL	0.29134572403771536	0.5673643606049674
750	CHEMICAL	0.16991126537322998	0.4785417488643101
753	CHEMICAL	0.24055096294198716	0.5405469153608594
962	CHEMICAL	0.2862065115145275	0.5935486044202533
5862	CHEMICAL	0.15082953444549016	0.4492015838623047
5962	CHEMICAL	0.23454109047140395	0.547279953956604
6274	CHEMICAL	0.26053108274936676	0.5697946122714451
6322	CHEMICAL	0.23662250808307103	0.5350193721907479
6669	CHEMICAL	0.1783420592546463	0.45246547034808565
7137	CHEMICAL	0.11545316236359733	0.4415690728596279
15654	CHEMICAL	0.23333054780960083	0.49388323511396137
62089	CHEMICAL	0.4279987599168505	0.7096588696752276
853433	CHEMICAL	0.16878348269632884	0.47459423542022705
5371102	CHEMICAL	0.3063686170748302	0.605495137827737
10857465	CHEMICAL	0.4555281826428005	0.8149286934307644
