oID	descriptor	value	sigma
180	INTENSITY/STRENGTH	0.17784117800848825	0.6133499826703753
264	INTENSITY/STRENGTH	0.34076407126017977	0.635721104485648
702	INTENSITY/STRENGTH	0.11767192929983139	0.5505228553499494
1031	INTENSITY/STRENGTH	0.15977960399218968	0.5690024835722787
3102	INTENSITY/STRENGTH	0.37008207184927805	0.5643293176378522
3314	INTENSITY/STRENGTH	0.3451694590704782	0.6234687055860247
6506	INTENSITY/STRENGTH	0.09687349253467151	0.5199902355670929
6544	INTENSITY/STRENGTH	0.4628226373876844	0.6495211975915092
6561	INTENSITY/STRENGTH	0.33479506415980204	0.7038801227297101
7092	INTENSITY/STRENGTH	0.35259527819497244	0.5987077355384827
7302	INTENSITY/STRENGTH	0.4041710240500314	0.6435909611838204
7476	INTENSITY/STRENGTH	0.48279297777584623	0.6880625997270856
7559	INTENSITY/STRENGTH	0.48034378460475374	0.7297295587403434
7657	INTENSITY/STRENGTH	0.308324145419257	0.5956762943949018
7770	INTENSITY/STRENGTH	0.5574455772127423	0.7567272526877267
7793	INTENSITY/STRENGTH	0.3263788265841348	0.615722119808197
7797	INTENSITY/STRENGTH	0.47916354877608164	0.7143847857202802
8025	INTENSITY/STRENGTH	0.20046598996434892	0.6178128634180341
8049	INTENSITY/STRENGTH	0.16697663707392557	0.5406228687082019
8094	INTENSITY/STRENGTH	0.4427786682333265	0.6709739140101841
8419	INTENSITY/STRENGTH	0.3747558891773224	0.6551993404115949
8438	INTENSITY/STRENGTH	0.40391726578984943	0.6410660658563886
8468	INTENSITY/STRENGTH	0.16557765964950835	0.5617855020931789
8815	INTENSITY/STRENGTH	0.34946723920958384	0.6340453709874835
8878	INTENSITY/STRENGTH	0.5740315573556083	0.7210304141044617
9012	INTENSITY/STRENGTH	0.39079236132758005	0.6202697328158787
10886	INTENSITY/STRENGTH	0.31249006731169565	0.6746732592582703
11567	INTENSITY/STRENGTH	0.5761696057660239	0.6523476583617074
12020	INTENSITY/STRENGTH	0.23822946420737676	0.6070817027773175
12265	INTENSITY/STRENGTH	0.1770018552030836	0.5422564106328147
12377	INTENSITY/STRENGTH	0.3457936644554138	0.6084701333727155
16537	INTENSITY/STRENGTH	0.5064698329993657	0.729980332510812
17898	INTENSITY/STRENGTH	0.5250938236713409	0.6319769109998431
18467	INTENSITY/STRENGTH	0.31502787130219595	0.5759881053652082
21363	INTENSITY/STRENGTH	0.4393160939216614	0.7784765958786011
27440	INTENSITY/STRENGTH	0.5666078925132751	0.6750618049076625
31219	INTENSITY/STRENGTH	0.4669427403381893	0.717755309173039
31276	INTENSITY/STRENGTH	0.5235330632754734	0.7912605319704328
31283	INTENSITY/STRENGTH	0.2061822180237089	0.5632121648107257
60998	INTENSITY/STRENGTH	0.2543585023709706	0.631341951234
61523	INTENSITY/STRENGTH	0.3661143822329385	0.6877232875142779
62351	INTENSITY/STRENGTH	0.25209242744105204	0.5982153585978917
62465	INTENSITY/STRENGTH	0.40711213435445515	0.6477953195571899
251531	INTENSITY/STRENGTH	0.1340475231409073	0.5501360382352557
440917	INTENSITY/STRENGTH	0.3881078915936606	0.5524361303874424
637758	INTENSITY/STRENGTH	0.4970971260751997	0.7819157583372933
1549025	INTENSITY/STRENGTH	0.2476498165300914	0.6851699096815926
2733294	INTENSITY/STRENGTH	0.6841058731079102	0.8073071411677769
5281167	INTENSITY/STRENGTH	0.4821125141211918	0.7150827901703971
5281168	INTENSITY/STRENGTH	0.4657427540847233	0.7360482726778302
5318599	INTENSITY/STRENGTH	0.6209260395595005	0.7461852260998317
5352837	INTENSITY/STRENGTH	0.547290712594986	0.7270210981369019
5364231	INTENSITY/STRENGTH	0.5113772026130131	0.7247125846999032
262	INTENSITY/STRENGTH	0.1324825313474451	0.5638342414583478
323	INTENSITY/STRENGTH	0.4379119234425681	0.636314834867205
750	INTENSITY/STRENGTH	0.1874459683895111	0.5718002234186444
753	INTENSITY/STRENGTH	0.16487218758889607	0.5469533460480827
962	INTENSITY/STRENGTH	0.08374962955713272	0.5181464978626796
5862	INTENSITY/STRENGTH	0.3445099251610892	0.6254032594817025
5962	INTENSITY/STRENGTH	0.3377332389354706	0.6877971887588501
6274	INTENSITY/STRENGTH	0.1505310663155147	0.5466400768075671
6322	INTENSITY/STRENGTH	0.13190898618527822	0.5392699795109885
6669	INTENSITY/STRENGTH	0.1994906578745161	0.6800252880368914
7137	INTENSITY/STRENGTH	0.5020204697336469	0.7783301046916417
15654	INTENSITY/STRENGTH	0.36576164194515776	0.5954535858971732
62089	INTENSITY/STRENGTH	0.5128849148750305	0.7191729119845799
853433	INTENSITY/STRENGTH	0.4040352872439793	0.661311183656965
5371102	INTENSITY/STRENGTH	0.27760070988110136	0.6587906309536525
10857465	INTENSITY/STRENGTH	0.3529982737132481	0.88821941614151
180	VALENCE/PLEASANTNESS	0.41880785141672405	0.5595452189445496
264	VALENCE/PLEASANTNESS	0.28281249957425253	0.5771257451602391
702	VALENCE/PLEASANTNESS	0.4624519944190979	0.5650794846670968
1031	VALENCE/PLEASANTNESS	0.4310637499604906	0.5644414254597255
3102	VALENCE/PLEASANTNESS	0.47641906993729727	0.6266712376049587
3314	VALENCE/PLEASANTNESS	0.6315017257417951	0.6226565156664167
6506	VALENCE/PLEASANTNESS	0.4346113417829786	0.5873745168958392
6544	VALENCE/PLEASANTNESS	0.42874114002500263	0.6235978347914559
6561	VALENCE/PLEASANTNESS	0.34023429240499226	0.5622435467583793
7092	VALENCE/PLEASANTNESS	0.5395941819463458	0.642383166721889
7302	VALENCE/PLEASANTNESS	0.36578096236501423	0.5806782330785479
7476	VALENCE/PLEASANTNESS	0.619245537689754	0.6596723624638149
7559	VALENCE/PLEASANTNESS	0.578544727393559	0.701783401625497
7657	VALENCE/PLEASANTNESS	0.451173050062997	0.6130240900175912
7770	VALENCE/PLEASANTNESS	0.6439619660377502	0.7322014655385699
7793	VALENCE/PLEASANTNESS	0.5271861851215363	0.6243467160633632
7797	VALENCE/PLEASANTNESS	0.6837908625602722	0.6878289239747184
8025	VALENCE/PLEASANTNESS	0.4247539128576006	0.6019573381968907
8049	VALENCE/PLEASANTNESS	0.49793168902397156	0.5908551045826503
8094	VALENCE/PLEASANTNESS	0.3197484867913382	0.5876732468605042
8419	VALENCE/PLEASANTNESS	0.7004617367471967	0.6038376859256199
8438	VALENCE/PLEASANTNESS	0.6868503178868975	0.613982115473066
8468	VALENCE/PLEASANTNESS	0.5440962825502668	0.609038267816816
8815	VALENCE/PLEASANTNESS	0.5939455713544574	0.6480370759963989
8878	VALENCE/PLEASANTNESS	0.7036107778549194	0.6964399133409772
9012	VALENCE/PLEASANTNESS	0.30591252871922087	0.5902815120560783
10886	VALENCE/PLEASANTNESS	0.5616161227226257	0.6782946246010917
11567	VALENCE/PLEASANTNESS	0.4314894803932735	0.7164648515837533
12020	VALENCE/PLEASANTNESS	0.4107446883405958	0.5765701276915414
12265	VALENCE/PLEASANTNESS	0.38419354387692045	0.556732680116381
12377	VALENCE/PLEASANTNESS	0.3185883036681584	0.5758910690035138
16537	VALENCE/PLEASANTNESS	0.5653192486081805	0.6429775782993862
17898	VALENCE/PLEASANTNESS	0.3368890498365675	0.6567190544945853
18467	VALENCE/PLEASANTNESS	0.3647355479853494	0.6081949302128383
21363	VALENCE/PLEASANTNESS	0.2647153969321932	0.603746839932033
27440	VALENCE/PLEASANTNESS	0.3086829313210079	0.6503603458404541
31219	VALENCE/PLEASANTNESS	0.5418680650847298	0.7120143175125122
31276	VALENCE/PLEASANTNESS	0.6372085724558149	0.7333879045077732
31283	VALENCE/PLEASANTNESS	0.43591636419296265	0.5792474320956639
60998	VALENCE/PLEASANTNESS	0.45835503935813904	0.6314766321863446
61523	VALENCE/PLEASANTNESS	0.4899073456014906	0.6380439826420375
62351	VALENCE/PLEASANTNESS	0.36439219542912077	0.5990371022905622
62465	VALENCE/PLEASANTNESS	0.5112851304667336	0.6583912117140633
251531	VALENCE/PLEASANTNESS	0.5899479389190674	0.5824141672679356
440917	VALENCE/PLEASANTNESS	0.5242933971541268	0.6029531444822039
637758	VALENCE/PLEASANTNESS	0.6472120199884687	0.7054737550871713
1549025	VALENCE/PLEASANTNESS	0.5727281485285077	0.6105928506170001
2733294	VALENCE/PLEASANTNESS	0.6507877537182399	0.7323186993598938
5281167	VALENCE/PLEASANTNESS	0.4472085322652544	0.6517798730305263
5281168	VALENCE/PLEASANTNESS	0.32953137159347534	0.6070846659796578
5318599	VALENCE/PLEASANTNESS	0.3776287777083261	0.6652968014989581
5352837	VALENCE/PLEASANTNESS	0.43545539464269367	0.659003061907632
5364231	VALENCE/PLEASANTNESS	0.5056704538209098	0.6947438631738935
262	VALENCE/PLEASANTNESS	0.45012204136167255	0.5661194920539856
323	VALENCE/PLEASANTNESS	0.5395732692309788	0.6847888571875436
750	VALENCE/PLEASANTNESS	0.4158895994935717	0.5744012934820992
753	VALENCE/PLEASANTNESS	0.44548869132995605	0.577853969165257
962	VALENCE/PLEASANTNESS	0.49289814489228384	0.58342935357775
5862	VALENCE/PLEASANTNESS	0.3546853150640215	0.5946729268346514
5962	VALENCE/PLEASANTNESS	0.33161053912980215	0.6025040916034153
6274	VALENCE/PLEASANTNESS	0.43103904383523123	0.5867180568831307
6322	VALENCE/PLEASANTNESS	0.39869217361722675	0.5935998984745571
6669	VALENCE/PLEASANTNESS	0.5073285358292716	0.6384191853659493
7137	VALENCE/PLEASANTNESS	0.7280843087605068	0.6445989949362618
15654	VALENCE/PLEASANTNESS	0.3833845002310617	0.5978927442005703
62089	VALENCE/PLEASANTNESS	0.23556979213442122	0.5500525321279254
853433	VALENCE/PLEASANTNESS	0.7056607263428825	0.6160805565970284
5371102	VALENCE/PLEASANTNESS	0.5360397185598101	0.6410819717815944
10857465	VALENCE/PLEASANTNESS	0.5186492843287331	0.6034766776221139
180	BAKERY	0.07849674937980515	0.24001426781926835
264	BAKERY	0.08906231075525284	0.240630247763225
702	BAKERY	0.08260152276073184	0.29413912551743643
1031	BAKERY	0.07930660141365868	0.2801427926336016
3102	BAKERY	0.05623039496796472	0.22395473292895726
3314	BAKERY	0.22613121569156647	0.5544368837560926
6506	BAKERY	0.09518388552325112	0.3186806099755423
6544	BAKERY	0.026975632246051515	0.18122638974870955
6561	BAKERY	0.04825231326477868	0.15737789975745337
7092	BAKERY	0.1369555358375822	0.43453059451920645
7302	BAKERY	0.12824357513870513	0.37659622515950886
7476	BAKERY	0.11293432648692812	0.3694574407168797
7559	BAKERY	0.050612570984022956	0.28035291603633333
7657	BAKERY	0.056205936308418004	0.188348046370915
7770	BAKERY	0.12069470541817802	0.3913212035383497
7793	BAKERY	0.04225145253751959	0.19634489289351872
7797	BAKERY	0.09447706384318215	0.3351806913103376
8025	BAKERY	0.08911826035806111	0.2928783212389265
8049	BAKERY	0.08912607388836997	0.3015878754002707
8094	BAKERY	0.03156128858349153	0.17284844177109854
8419	BAKERY	0.25784690252372194	0.5753015535218375
8438	BAKERY	0.22298485466412135	0.5330882455621447
8468	BAKERY	0.1605717550430979	0.4369165131023952
8815	BAKERY	0.1398818620613643	0.40124088525772095
8878	BAKERY	0.11402252529348646	0.3822425305843353
9012	BAKERY	0.06570495345762797	0.25638387884412495
10886	BAKERY	0.06957590420331274	0.29398405126162935
11567	BAKERY	0.06407262970294271	0.255814437355314
12020	BAKERY	0.0785828520144735	0.26670127255576
12265	BAKERY	0.06416157100881849	0.25088560794081005
12377	BAKERY	0.05159179174474308	0.21853295181478774
16537	BAKERY	0.0365776600582259	0.16520111049924577
17898	BAKERY	0.11368842422962189	0.42333867294447763
18467	BAKERY	0.10905206097023827	0.39833254899297443
21363	BAKERY	0.047613500750490596	0.15444516496998922
27440	BAKERY	0.1173032820224762	0.4210541035447802
31219	BAKERY	0.049338813605053086	0.25847208712782177
31276	BAKERY	0.10836310791117805	0.3588688629014151
31283	BAKERY	0.06282314072762217	0.26024033980710165
60998	BAKERY	0.05380447953939438	0.2459286195891244
61523	BAKERY	0.04963627830147743	0.18463232687541417
62351	BAKERY	0.07766491174697876	0.33213559218815397
62465	BAKERY	0.1651015505194664	0.5053520841257912
251531	BAKERY	0.08316145251904215	0.2677356536899294
440917	BAKERY	0.004106885620525905	0.15740227699279785
637758	BAKERY	0.14435925973313196	0.3811787452016558
1549025	BAKERY	0.08863681661231178	0.2592561798436301
2733294	BAKERY	0.07036596536636353	0.34340597902025494
5281167	BAKERY	0.0501273994200996	0.21137863184724534
5281168	BAKERY	0.028071563890469924	0.1258910447359085
5318599	BAKERY	-0.0016250795285616601	0.12231998890638351
5352837	BAKERY	0.025244849334870065	0.17028556551252091
5364231	BAKERY	0.05980303989989417	0.27287574325289043
262	BAKERY	0.08059737299169813	0.2710334232875279
323	BAKERY	0.14423877745866776	0.42904750789914814
750	BAKERY	0.13734086390052522	0.4004893345492227
753	BAKERY	0.11850003578833171	0.36719952310834614
962	BAKERY	0.08204776421189308	0.28867759874888826
5862	BAKERY	0.1454699986747333	0.42792329617909025
5962	BAKERY	0.11290832183190755	0.35932067036628723
6274	BAKERY	0.09824174003941673	0.32221621700695585
6322	BAKERY	0.09088883655411857	0.31580789174352375
6669	BAKERY	0.11270357774836677	0.35911441275051664
7137	BAKERY	0.3684136824948447	0.6979577541351318
15654	BAKERY	0.14915276212351664	0.5056979315621513
62089	BAKERY	0.034643592845116346	0.1388750672340393
853433	BAKERY	0.30683270522526335	0.6511504564966474
5371102	BAKERY	0.05031922672476087	0.17309067504746573
10857465	BAKERY	0.1043601440531867	0.27089559180395945
180	SWEET	0.0874778963625431	0.4008284722055708
264	SWEET	0.04248997409428869	0.33083328178950716
702	SWEET	0.12512096975530898	0.4577418054853167
1031	SWEET	0.1084716288106782	0.43668512787137714
3102	SWEET	0.15121399291924068	0.5070815001215253
3314	SWEET	0.2974339212690081	0.6074663656098502
6506	SWEET	0.08262053823896817	0.4261663556098938
6544	SWEET	0.09742629421608788	0.4432408171040671
6561	SWEET	0.05044510641268322	0.344001156943185
7092	SWEET	0.24101618145193374	0.6239913702011108
7302	SWEET	0.12176497387034553	0.42732674734933035
7476	SWEET	0.32278968180928913	0.7690836957522801
7559	SWEET	0.29833353417260305	0.7379048807280404
7657	SWEET	0.11767813031162534	0.44294614025524687
7770	SWEET	0.5258300687585559	0.8741367544446673
7793	SWEET	0.20190281527382986	0.5627825856208801
7797	SWEET	0.4482940435409546	0.809684727873121
8025	SWEET	0.13546451181173325	0.4746895134449005
8049	SWEET	0.17907466632979258	0.5140370598861149
8094	SWEET	0.07059609889984131	0.3587599183831896
8419	SWEET	0.42898586818150114	0.7641943863459996
8438	SWEET	0.41012299486569	0.7816862463951111
8468	SWEET	0.22915772455079214	0.570018640586308
8815	SWEET	0.20794453152588435	0.5389237744467599
8878	SWEET	0.5284414802278791	0.8473873819623675
9012	SWEET	0.02758350968360901	0.23892947818551744
10886	SWEET	0.2930844660316195	0.6798592550413949
11567	SWEET	0.11863852771265167	0.5239051623003823
12020	SWEET	0.09382183743374688	0.4171171912125179
12265	SWEET	0.06036919089300292	0.35875576734542847
12377	SWEET	0.028570863817419325	0.2171705003295626
16537	SWEET	0.14566374676568167	0.523699334689549
17898	SWEET	0.09706049412488937	0.4820098068032946
18467	SWEET	0.10636289417743683	0.451709257704871
21363	SWEET	0.0370114514870303	0.28121248526232584
27440	SWEET	0.06307546315448624	0.4188068423952375
31219	SWEET	0.2669612339564732	0.7281180279595512
31276	SWEET	0.4740761305604662	0.8593342644827706
31283	SWEET	0.11290582908051354	0.3840742026056562
60998	SWEET	0.15379502730710165	0.5243812458855766
61523	SWEET	0.16069950376238143	0.505416486944471
62351	SWEET	0.048786617283310206	0.34296833191599163
62465	SWEET	0.1894064119883946	0.514927761895316
251531	SWEET	0.21136659809521266	0.5807514360972813
440917	SWEET	0.12340100003140313	0.44463016731398447
637758	SWEET	0.3665542687688555	0.8123841796602521
1549025	SWEET	0.23902601642268045	0.5999126093728202
2733294	SWEET	0.4881472502435957	0.8458644236837115
5281167	SWEET	0.14164536552769796	0.45695879203932627
5281168	SWEET	0.048400678272758214	0.3431008245263781
5318599	SWEET	0.09558304133159774	0.43061250022479464
5352837	SWEET	0.12836531975439616	0.4650805720261165
5364231	SWEET	0.16999235536370957	0.5680111391203744
262	SWEET	0.11033981187002999	0.44313367349760874
323	SWEET	0.2560412138700485	0.6831251638276237
750	SWEET	0.1284295224717685	0.45631534286907743
753	SWEET	0.14362654515675136	0.48310945289475576
962	SWEET	0.1332963385752269	0.4921440822737558
5862	SWEET	0.10071511992386409	0.38718401534216745
5962	SWEET	0.07172211845006261	0.3564141477857317
6274	SWEET	0.10586235246488027	0.41374156304768156
6322	SWEET	0.07594772375055722	0.3524559055055891
6669	SWEET	0.19052375853061676	0.5550202557018825
7137	SWEET	0.48234571303640095	0.7868040714945111
15654	SWEET	0.12627913749643735	0.47327848843165804
62089	SWEET	0.020090912601777484	0.2805124308381762
853433	SWEET	0.40197343059948515	0.6942547815186637
5371102	SWEET	0.15943489117281778	0.5189547964504787
10857465	SWEET	0.17453324581895555	0.5180331213133675
180	FRUIT	0.005066340789198875	0.13563659574304307
264	FRUIT	0.01630162926656859	0.16443488214697158
702	FRUIT	0.03960130523358073	0.18138674114431655
1031	FRUIT	0.03391744116587298	0.16938701165573938
3102	FRUIT	0.07588111343128341	0.2555008828639984
3314	FRUIT	0.02718703847910677	0.19883636278765543
6506	FRUIT	0.0413533906851496	0.15450402881417954
6544	FRUIT	0.06934035729084696	0.26554796525410246
6561	FRUIT	-0.0017837903329304286	0.16223866386072977
7092	FRUIT	0.07204632141760417	0.26531137951782774
7302	FRUIT	0.009969761329037803	0.11401107907295227
7476	FRUIT	0.16827147560460226	0.4442539470536368
7559	FRUIT	0.21809915133884974	0.5221442367349353
7657	FRUIT	0.06377463095954486	0.2410741831575121
7770	FRUIT	0.46384648765836445	0.7067639742578778
7793	FRUIT	0.1026269793510437	0.3199396814618792
7797	FRUIT	0.43669440916606356	0.7100158333778381
8025	FRUIT	0.055856182639087947	0.1981093691928046
8049	FRUIT	0.1266718272651945	0.2811806585107531
8094	FRUIT	0.08419651751007352	0.2604793374027525
8419	FRUIT	0.12160875328949519	0.3463513595717294
8438	FRUIT	0.14571405734334672	0.38301007236753193
8468	FRUIT	0.04191828811807292	0.1920515831027712
8815	FRUIT	0.06427902302571706	0.2431494700057166
8878	FRUIT	0.5249483329909188	0.7565544247627258
9012	FRUIT	0.01882635349673884	0.08548451002155032
10886	FRUIT	0.2415273870740618	0.5114536455699376
11567	FRUIT	0.06164725923112461	0.257908542241369
12020	FRUIT	0.029672681487032344	0.17906493374279567
12265	FRUIT	0.005735788494348526	0.10037145337888173
12377	FRUIT	0.013141635007091932	0.08680542239121028
16537	FRUIT	0.1468020464692797	0.3941084018775395
17898	FRUIT	0.004407993916954313	0.11362277077777046
18467	FRUIT	0.0074146488415343425	0.09600401669740677
21363	FRUIT	-0.003820964800459998	0.1602508340563093
27440	FRUIT	0.005387703755072185	0.0986812093428203
31219	FRUIT	0.18255155852862767	0.49440268107822966
31276	FRUIT	0.4031862999711718	0.6930381570543561
31283	FRUIT	0.08663296273776463	0.20696861829076493
60998	FRUIT	0.07352865913084575	0.2512484277997698
61523	FRUIT	0.0761501139828137	0.25731885858944487
62351	FRUIT	0.02507863220359598	0.12769426298992975
62465	FRUIT	-0.008281087236745017	0.14865094955478395
251531	FRUIT	0.05167012768132346	0.24911483909402574
440917	FRUIT	0.0799299558358533	0.22637392367635453
637758	FRUIT	0.17441805132797786	0.4748362387929644
1549025	FRUIT	0.18143567868641444	0.4567532879965646
2733294	FRUIT	0.5668379196098873	0.8268103344099862
5281167	FRUIT	0.13173873828990118	0.36436019624982563
5281168	FRUIT	0.06942216945546013	0.2871250978537968
5318599	FRUIT	0.11315749159881047	0.36456013151577543
5352837	FRUIT	0.12180743366479874	0.3726230391434261
5364231	FRUIT	0.1813649215868541	0.45032198088509695
262	FRUIT	0.026474798896483014	0.17361152597836085
323	FRUIT	0.09186384826898575	0.3157671349389212
750	FRUIT	0.028494663004364287	0.1300142045531954
753	FRUIT	0.034303061930196624	0.17094028847558157
962	FRUIT	0.05848111132425921	0.20817621052265167
5862	FRUIT	0.00649803743830749	0.10223726821797234
5962	FRUIT	0.003832291013428143	0.09785071760416031
6274	FRUIT	0.02941299043595791	0.11085332397903715
6322	FRUIT	0.00851172421659742	0.06942571699619293
6669	FRUIT	0.05481174641421863	0.21348898325647628
7137	FRUIT	0.11864493148667472	0.37318811672074453
15654	FRUIT	0.018202299252152443	0.10236158009086337
62089	FRUIT	0.034550978669098446	0.1976953319140843
853433	FRUIT	0.05872133214558874	0.2604659093277795
5371102	FRUIT	0.08346145866172654	0.2885159509522574
10857465	FRUIT	0.1336629561015538	0.2867553234100342
180	FISH	0.07545379655701774	0.18306133363928115
264	FISH	0.188349364059312	0.35921819720949444
702	FISH	0.0898122393659183	0.20882918579237802
1031	FISH	0.09177426035915102	0.2170386633702687
3102	FISH	0.03331024040068899	0.15003834664821625
3314	FISH	0.0725228600203991	0.18417104865823472
6506	FISH	0.08799293211528234	0.21166413809571946
6544	FISH	0.07179361011367291	0.1806159136550767
6561	FISH	0.08989610203674861	0.21654134563037328
7092	FISH	0.035949455840247016	0.13139399886131287
7302	FISH	0.1293041067464011	0.2805470653942653
7476	FISH	0.04457782980586801	0.13235363151345933
7559	FISH	0.048834280243941715	0.1535636463335582
7657	FISH	0.05915806495717594	0.20939373118536814
7770	FISH	0.06328880148274559	0.14285135907786234
7793	FISH	0.06066528069121497	0.15176393943173544
7797	FISH	0.05633546890957015	0.14167044631072453
8025	FISH	0.10871584181274686	0.251565300992557
8049	FISH	0.05374145082065037	0.15783708649022238
8094	FISH	0.1318789113845144	0.2582173709358488
8419	FISH	0.062243354107652395	0.16284604370594025
8438	FISH	0.04371348236288343	0.13264888099261693
8468	FISH	0.055726495172296255	0.14520962962082454
8815	FISH	0.04236195569059679	0.1712107573236738
8878	FISH	0.04537615792027542	0.1184144030724253
9012	FISH	0.26237695131983074	0.49416410497256685
10886	FISH	0.07299627789429255	0.17593554088047572
11567	FISH	0.01377705471324069	0.09255884481327874
12020	FISH	0.09450709660138402	0.2129393219947815
12265	FISH	0.11880182368414742	0.2366926223039627
12377	FISH	0.310874274798802	0.5673073530197144
16537	FISH	0.12390353211334773	0.24742147539343154
17898	FISH	0.11346324746097837	0.2590211821453912
18467	FISH	0.11541303992271423	0.264736858861787
21363	FISH	0.14653887173959187	0.2994962121759142
27440	FISH	0.17709400185516902	0.35463672450610567
31219	FISH	0.03190604943249907	0.12277626884835106
31276	FISH	0.057700889983347485	0.14516472816467285
31283	FISH	0.07530762734157699	0.17789254656859807
60998	FISH	0.077572514968259	0.1955812509570803
61523	FISH	0.11612730047532491	0.24410965187208994
62351	FISH	0.22758965619972774	0.4225799058164869
62465	FISH	0.10216775749410902	0.2205295456307275
251531	FISH	0.04377173100199018	0.14195267536810466
440917	FISH	0.06928720059139389	0.13735395723155566
637758	FISH	0.03931396960147789	0.14319744919027602
1549025	FISH	0.11458957088845116	0.24175639663423812
2733294	FISH	0.08637936466506549	0.16928278548376902
5281167	FISH	0.139752491244248	0.2767906444413321
5281168	FISH	0.15646781346627645	0.31719755274908884
5318599	FISH	0.11651986198765892	0.24076152912208013
5352837	FISH	0.10790979117155075	0.22732246560709818
5364231	FISH	0.09262691917163986	0.2180053506578718
262	FISH	0.04969109568212714	0.1287823479090418
323	FISH	0.01888967850910766	0.09832707047462463
750	FISH	0.10807410946914128	0.22238584927150182
753	FISH	0.09347610654575485	0.20620805025100708
962	FISH	0.04069302364119461	0.11872696131467819
5862	FISH	0.2521962140287672	0.4286126664706639
5962	FISH	0.16908202852521623	0.32866394094058443
6274	FISH	0.08649083865540368	0.20706284259046828
6322	FISH	0.12158182795558657	0.2576959047998701
6669	FISH	0.06874187503542219	0.12001506452049528
7137	FISH	0.05009863873211933	0.19177005759307317
15654	FISH	0.13362326153687068	0.26858773827552795
62089	FISH	0.15197705051728658	0.30722736035074505
853433	FISH	0.053418561683169434	0.17556318534272058
5371102	FISH	0.02629941562190652	0.16057618068797247
10857465	FISH	0.015618058653282267	0.14308642489569529
180	GARLIC	0.09390995119299207	0.29593750834465027
264	GARLIC	0.19655650641236985	0.41633095485823496
702	GARLIC	0.12712962925434113	0.33139959403446745
1031	GARLIC	0.12282228363411767	0.3309828724179949
3102	GARLIC	0.05561569545950208	0.17214983701705933
3314	GARLIC	0.08840818649956159	0.20335910149982997
6506	GARLIC	0.1210703934941973	0.3359240250928061
6544	GARLIC	0.06135574941124235	0.19651185614722116
6561	GARLIC	0.10235199651547841	0.3022296811853136
7092	GARLIC	0.06315834926707405	0.20528954693249293
7302	GARLIC	0.1596623882651329	0.3578195188726698
7476	GARLIC	0.05249536409974098	0.15319055957453592
7559	GARLIC	0.05122380357767854	0.16512847585337503
7657	GARLIC	0.08370689302682877	0.2421975008078984
7770	GARLIC	0.054103463355984004	0.18093710712024144
7793	GARLIC	0.06759578894291605	0.19435176253318787
7797	GARLIC	0.029243319694484984	0.16120795054095133
8025	GARLIC	0.1379310211965016	0.3427832765238626
8049	GARLIC	0.08737456904990333	0.26778055301734377
8094	GARLIC	0.10662953874894551	0.3151648896081107
8419	GARLIC	0.06847725489309855	0.14753022577081407
8438	GARLIC	0.06008286348411015	0.15849814031805312
8468	GARLIC	0.08741107689482826	0.2026124894618988
8815	GARLIC	0.06819240536008563	0.22179109283855983
8878	GARLIC	0.03918614744075707	0.138983958533832
9012	GARLIC	0.27963847134794506	0.5127714020865304
10886	GARLIC	0.06085006254059928	0.22822710233075277
11567	GARLIC	0.055547963827848434	0.16972367465496063
12020	GARLIC	0.1266222181064742	0.30939988579068867
12265	GARLIC	0.11232773640326091	0.3153930263859885
12377	GARLIC	0.3873983791896275	0.5908035806247166
16537	GARLIC	0.08825974831623691	0.22266753230776107
17898	GARLIC	0.10541123577526637	0.2875632047653198
18467	GARLIC	0.10861973677362714	0.29896214604377747
21363	GARLIC	0.07902294769883156	0.3123105083193098
27440	GARLIC	0.15660605153867177	0.37302702239581514
31219	GARLIC	0.04500945072088923	0.1555911164198603
31276	GARLIC	0.048043381688850265	0.17886912184102194
31283	GARLIC	0.10443578766924995	0.29068462763513836
60998	GARLIC	0.0827897707266467	0.2573872719492231
61523	GARLIC	0.10272859249796186	0.2675673578466688
62351	GARLIC	0.268199873822076	0.5080760930265699
62465	GARLIC	0.10084360837936401	0.23060785021100724
251531	GARLIC	0.08527507899062974	0.20196597916739328
440917	GARLIC	0.09444442657487732	0.14844198844262532
637758	GARLIC	0.0465460659137794	0.15083450078964233
1549025	GARLIC	0.07909027699913297	0.23673338762351445
2733294	GARLIC	0.024750553869775364	0.1479039660521916
5281167	GARLIC	0.11012627503701619	0.2883438297680446
5281168	GARLIC	0.11838108194725853	0.32312285900115967
5318599	GARLIC	0.06612893220569406	0.25243236550263
5352837	GARLIC	0.07467387563415936	0.24410083038466318
5364231	GARLIC	0.07612073368259839	0.2598849492413657
262	GARLIC	0.0831155925989151	0.23632560244628362
323	GARLIC	0.05143720018012183	0.1614456112895693
750	GARLIC	0.13702330525432313	0.3337429676737104
753	GARLIC	0.12780507121767318	0.3113490215369633
962	GARLIC	0.0802369314645018	0.22592192675386155
5862	GARLIC	0.29228158933775766	0.5196258127689362
5962	GARLIC	0.14259978915963853	0.38093140721321106
6274	GARLIC	0.08893448433705739	0.2785901001521519
6322	GARLIC	0.11614081582852773	0.32025012373924255
6669	GARLIC	0.05384885945490429	0.21041718125343323
7137	GARLIC	0.041220278080020635	0.20999387970992497
15654	GARLIC	0.15331217859472548	0.36423318300928387
62089	GARLIC	0.11355012548821312	0.35783572282109943
853433	GARLIC	0.06626506522297859	0.18928799033164978
5371102	GARLIC	0.06034306011029652	0.15840129341397965
10857465	GARLIC	0.041196414934737344	0.12719697185925075
180	SPICES	0.14009729666369303	0.36605957576206755
264	SPICES	0.15796146648270742	0.3934694954327175
702	SPICES	0.1764214528458459	0.3995121845177242
1031	SPICES	0.16108320653438568	0.38831083263669697
3102	SPICES	0.19435642659664154	0.41616498146738323
3314	SPICES	0.4628297133105142	0.7059359295027596
6506	SPICES	0.1705102494784764	0.4030494434492929
6544	SPICES	0.21950469059603556	0.45270865304129465
6561	SPICES	0.11012726277112961	0.3419782817363739
7092	SPICES	0.2909649738243648	0.5475358026368278
7302	SPICES	0.18771343571799143	0.43974779333387104
7476	SPICES	0.18495456661496842	0.4113466611930302
7559	SPICES	0.1645485588482448	0.38980280075754437
7657	SPICES	0.17759758021150315	0.3935003536088126
7770	SPICES	0.12631754044975554	0.3793026421751295
7793	SPICES	0.12554897793701716	0.325933609689985
7797	SPICES	0.13381114708525793	0.3754385496888842
8025	SPICES	0.1565710731915065	0.3907789034502847
8049	SPICES	0.13827162768159593	0.368465964283262
8094	SPICES	0.14179098925420217	0.35590878980500357
8419	SPICES	0.26690961846283506	0.5141806474753788
8438	SPICES	0.2549853729350226	0.5055395364761353
8468	SPICES	0.23785084273133958	0.48394780499594553
8815	SPICES	0.43213594811303274	0.6634626431124551
8878	SPICES	0.12997212260961533	0.3749271631240845
9012	SPICES	0.24804470155920302	0.49132738368851797
10886	SPICES	0.16646878208432878	0.40081321767398287
11567	SPICES	0.2287759610584804	0.45975290451731
12020	SPICES	0.1710525346653802	0.39842978971345083
12265	SPICES	0.13181611150503159	0.35623770100729807
12377	SPICES	0.27164329162665773	0.51223943063191
16537	SPICES	0.19602347484656743	0.44372973697526114
17898	SPICES	0.1591296430144991	0.38543453386851717
18467	SPICES	0.14362299229417527	0.3670630625316075
21363	SPICES	0.16677954580102647	0.3621992681707655
27440	SPICES	0.1797908821276256	0.4301400525229318
31219	SPICES	0.15862790601594107	0.3833919124943869
31276	SPICES	0.12483203836849757	0.3723969544683184
31283	SPICES	0.14704031603676931	0.37278831005096436
60998	SPICES	0.15386070311069489	0.35561820013182505
61523	SPICES	0.1816694928067071	0.36355281301907133
62351	SPICES	0.25906827620097567	0.5187339271817889
62465	SPICES	0.446721687912941	0.7127432908330645
251531	SPICES	0.1903975989137377	0.38749936648777555
440917	SPICES	0.21342717962605612	0.4427988146032606
637758	SPICES	0.23080255942685263	0.4672902950218746
1549025	SPICES	0.15847723824637278	0.3550564093249185
2733294	SPICES	0.10987017197268349	0.36444797260420664
5281167	SPICES	0.20095842012337276	0.4255867600440979
5281168	SPICES	0.16149930230208806	0.37410159196172443
5318599	SPICES	0.14898830545800074	0.3618872421128409
5352837	SPICES	0.16432761188064302	0.38547152280807495
5364231	SPICES	0.20906385566507066	0.4631885758468083
262	SPICES	0.13423498826367514	0.3623142625604357
323	SPICES	0.251281276345253	0.5052112128053393
750	SPICES	0.15614897438458034	0.4035284434046064
753	SPICES	0.16080987453460693	0.4009170489651816
962	SPICES	0.1362528715814863	0.37044639246804373
5862	SPICES	0.22137927157538279	0.47236177750996183
5962	SPICES	0.161805020911353	0.3806617132255009
6274	SPICES	0.14150689116546086	0.36186361738613676
6322	SPICES	0.13967771189553396	0.363588490656444
6669	SPICES	0.10445312304156167	0.36721183572496685
7137	SPICES	0.43887230328151156	0.7086332610675267
15654	SPICES	0.21716445897306716	0.4678932854107448
62089	SPICES	0.12034826832158226	0.33883347681590487
853433	SPICES	0.4672891753060477	0.7197123425347465
5371102	SPICES	0.21303834872586386	0.41989546162741526
10857465	SPICES	0.23793623915740422	0.5167266130447388
180	COLD	0.2939495699746268	0.471582646880831
264	COLD	0.19642098248004913	0.3617838834013258
702	COLD	0.25807760443006245	0.41049947483198984
1031	COLD	0.2565626289163317	0.4132401091711862
3102	COLD	0.3270630197865622	0.5255784392356873
3314	COLD	0.2184607003416334	0.4193116341318403
6506	COLD	0.25732144500528065	0.4150456701006208
6544	COLD	0.39551434346607756	0.5637071260384151
6561	COLD	0.3282791588987623	0.5186467213290078
7092	COLD	0.2904139118535178	0.48393381919179645
7302	COLD	0.2427559494972229	0.4107030544962202
7476	COLD	0.3246408019747053	0.5313329441206796
7559	COLD	0.31715030329568045	0.5121402953352246
7657	COLD	0.2801481293780463	0.466042160987854
7770	COLD	0.30603839244161335	0.5142438837460109
7793	COLD	0.3045447426182883	0.47504792894635883
7797	COLD	0.30344705070768085	0.5201474130153656
8025	COLD	0.2239117111478533	0.3874447090285165
8049	COLD	0.26928184926509857	0.4492487737110683
8094	COLD	0.2308319445167269	0.40817669459751676
8419	COLD	0.2468360492161342	0.45784720352717806
8438	COLD	0.2902151942253113	0.4891726289476667
8468	COLD	0.2970570921897888	0.5050591485840934
8815	COLD	0.25633542239665985	0.4397337096078055
8878	COLD	0.3088357022830418	0.5313639044761658
9012	COLD	0.16921143872397287	0.3528117537498474
10886	COLD	0.2674170711210796	0.48428250210625784
11567	COLD	0.4900115600654057	0.6807858603341239
12020	COLD	0.28648736221449717	0.45753698689596994
12265	COLD	0.2871485778263637	0.46462698919432505
12377	COLD	0.1719464979001454	0.35825182710375103
16537	COLD	0.3956737901483263	0.5586261408669608
17898	COLD	0.23114393864359176	0.4249181704861777
18467	COLD	0.2289601947580065	0.4027019611426762
21363	COLD	0.2652088382414409	0.4089835797037397
27440	COLD	0.18893404943602427	0.35352727345057894
31219	COLD	0.34942606942994253	0.5586887768336705
31276	COLD	0.31270116567611694	0.5255619883537292
31283	COLD	0.26537142055375235	0.4224080571106502
60998	COLD	0.20025590700762613	0.37685544575963703
61523	COLD	0.2418426892587117	0.41127764752932955
62351	COLD	0.16724692710808345	0.3257054218224117
62465	COLD	0.2184253249849592	0.4238681069442204
251531	COLD	0.28991223871707916	0.4666582431112017
440917	COLD	0.5867590819086347	0.7399871860231672
637758	COLD	0.31351737465177265	0.5341782953057971
1549025	COLD	0.1706972090261323	0.35582160098212107
2733294	COLD	0.27091643639973234	0.5155719518661499
5281167	COLD	0.2627018519810268	0.45464164444378447
5281168	COLD	0.23500812266554152	0.43485385179519653
5318599	COLD	0.31396968024117605	0.5083295064313071
5352837	COLD	0.31033684526171	0.4984608973775591
5364231	COLD	0.298597195318767	0.48076667530196054
262	COLD	0.34179165959358215	0.5320570426327842
323	COLD	0.35609657423836844	0.572104981967381
750	COLD	0.2355464462723051	0.4084891080856323
753	COLD	0.2803207827465875	0.4596505846296038
962	COLD	0.3553654338632311	0.5457335029329572
5862	COLD	0.16860117656844004	0.3346353769302368
5962	COLD	0.20428968327386038	0.3776817151478359
6274	COLD	0.29713294548647745	0.4776204398700169
6322	COLD	0.2845035727534975	0.468971277986254
6669	COLD	0.3012170365878514	0.5232108022485461
7137	COLD	0.17474842923028128	0.35036123224667143
15654	COLD	0.16841667039053781	0.30687810693468365
62089	COLD	0.20722551005227224	0.3721817604133061
853433	COLD	0.19558078689234598	0.39514160581997465
5371102	COLD	0.34795445629528593	0.5567572883197239
10857465	COLD	0.3880144740853991	0.6371442420142037
180	SOUR	0.32639973929950167	0.5444601391042981
264	SOUR	0.5776255854538509	0.7528620617730277
702	SOUR	0.2761811890772411	0.4919329881668091
1031	SOUR	0.3033772664410727	0.5157307812145778
3102	SOUR	0.1628901639154979	0.3855410558836801
3314	SOUR	0.12961994537285396	0.332700388772147
6506	SOUR	0.3633743865149362	0.5728864669799805
6544	SOUR	0.28390125717435566	0.4794991527284895
6561	SOUR	0.400654741695949	0.6101992385728019
7092	SOUR	0.1704625231879098	0.37950456568173
7302	SOUR	0.30291534321648733	0.5224187203816005
7476	SOUR	0.15575037896633148	0.3634916203362601
7559	SOUR	0.18702033587864467	0.41600853204727173
7657	SOUR	0.21370120559419906	0.4459499078137534
7770	SOUR	0.2851583787373134	0.5412651726177761
7793	SOUR	0.1727583748953683	0.4202564997332437
7797	SOUR	0.22710226050445012	0.4434983176844461
8025	SOUR	0.358785833631243	0.5840715169906616
8049	SOUR	0.29182601400784086	0.49869116715022493
8094	SOUR	0.4275141784123012	0.6276825155530658
8419	SOUR	0.14028151971953257	0.33938186509268625
8438	SOUR	0.1389397797839982	0.33404949733189176
8468	SOUR	0.17903025874069758	0.3804678406034197
8815	SOUR	0.16843972887311662	0.3751586249896458
8878	SOUR	0.19654830438750132	0.4351905243737357
9012	SOUR	0.3159175600324358	0.5796250445502145
10886	SOUR	0.2562517247029713	0.4860136806964874
11567	SOUR	0.19356176470007216	0.39313932401793344
12020	SOUR	0.26035964276109425	0.48982503584453035
12265	SOUR	0.2518077471426555	0.4689372735364096
12377	SOUR	0.3415479745183672	0.6039289150919233
16537	SOUR	0.34350708552769255	0.5470436768872398
17898	SOUR	0.27612781524658203	0.5023540684155056
18467	SOUR	0.2433359729392188	0.47027112756456646
21363	SOUR	0.5496108276503426	0.7115009341921125
27440	SOUR	0.32832050749233793	0.5544698493821281
31219	SOUR	0.1886905367885317	0.42480322292872835
31276	SOUR	0.2787476245846067	0.530389564377921
31283	SOUR	0.2867162206343242	0.5050199542726789
60998	SOUR	0.29775626744542805	0.5268241933413914
61523	SOUR	0.2188590168952942	0.45901305760656086
62351	SOUR	0.3011037622179304	0.5576139092445374
62465	SOUR	0.15024113655090332	0.3774059159415109
251531	SOUR	0.16036659904888698	0.36797064542770386
440917	SOUR	0.25874338831220356	0.4636617388044085
637758	SOUR	0.1703616785151618	0.3978311206613268
1549025	SOUR	0.30388903617858887	0.5396465829440525
2733294	SOUR	0.2980842207159315	0.5251625776290894
5281167	SOUR	0.32059692059244427	0.5288193651608059
5281168	SOUR	0.4324395401137216	0.6330838458878654
5318599	SOUR	0.30463807923453196	0.5326108166149685
5352837	SOUR	0.27118200063705444	0.5009579615933555
5364231	SOUR	0.2795450815132686	0.4923428084169115
262	SOUR	0.22734802109854563	0.44251492619514465
323	SOUR	0.1492729719196047	0.3613500041621072
750	SOUR	0.29037525824138094	0.5040410246167865
753	SOUR	0.23978634178638458	0.4523452605519976
962	SOUR	0.20847517464842116	0.4141636959144047
5862	SOUR	0.34658041170665194	0.5739976763725281
5962	SOUR	0.3869387890611376	0.6302746108600071
6274	SOUR	0.2768862928662981	0.49891093373298645
6322	SOUR	0.31072803906032015	0.5537757277488708
6669	SOUR	0.27629985553877695	0.4816744157246181
7137	SOUR	0.16028096207550593	0.37668122138295856
15654	SOUR	0.25714097917079926	0.48596241644450594
62089	SOUR	0.5653472542762756	0.7345102344240461
853433	SOUR	0.11574916541576385	0.3159317076206207
5371102	SOUR	0.187593155673572	0.41451495885849
10857465	SOUR	0.2219136506319046	0.4869087891919272
180	BURNT	0.09492450101034981	0.3386897231851305
264	BURNT	0.12567433714866638	0.42158799512045725
702	BURNT	0.10197545694453376	0.3282039335795811
1031	BURNT	0.10957470961979457	0.33888872606413706
3102	BURNT	0.12216889751808983	0.38176765186446054
3314	BURNT	0.1771520972251892	0.44641133291380747
6506	BURNT	0.14298065538917268	0.4189713256699698
6544	BURNT	0.1003997836794172	0.3612220968518938
6561	BURNT	0.11657502289329257	0.37220493810517447
7092	BURNT	0.1393848125423704	0.38443808044706074
7302	BURNT	0.2185726910829544	0.5171217237200055
7476	BURNT	0.06696442887187004	0.26776524100984844
7559	BURNT	0.08918102192027229	0.30053133623940603
7657	BURNT	0.12454180951629366	0.3850693532398769
7770	BURNT	0.05817501938768795	0.24562883802822658
7793	BURNT	0.11490115097590856	0.348966692175184
7797	BURNT	0.07061100431850978	0.256751503263201
8025	BURNT	0.11474583191531045	0.3607804094042097
8049	BURNT	0.11695387533732823	0.3538816443511418
8094	BURNT	0.14764112872736795	0.4490652595247541
8419	BURNT	0.09322429661239896	0.3339407742023468
8438	BURNT	0.09273365778582436	0.3013165806021009
8468	BURNT	0.14992545864411763	0.41953604561941965
8815	BURNT	0.12240957362311226	0.38929290430886404
8878	BURNT	0.06060004872935159	0.24690738320350647
9012	BURNT	0.247645588857787	0.5632304719516209
10886	BURNT	0.09799345476286751	0.31671264341899324
11567	BURNT	0.16406979944024766	0.4312100751059396
12020	BURNT	0.12443563022783824	0.3650407578263964
12265	BURNT	0.15238572657108307	0.41150757670402527
12377	BURNT	0.20208040518420084	0.5212928397314889
16537	BURNT	0.09171802231243678	0.34936521308762686
17898	BURNT	0.30064586230686735	0.627092685018267
18467	BURNT	0.2506391384771892	0.5680403539112636
21363	BURNT	0.15187751182488032	0.4658265880175999
27440	BURNT	0.3178276079041617	0.6370420711381095
31219	BURNT	0.09366972212280546	0.2923145592212677
31276	BURNT	0.06724622632775988	0.2727737213884081
31283	BURNT	0.14454534969159535	0.4263580484049661
60998	BURNT	0.13222267585141317	0.3669764612402235
61523	BURNT	0.115982928446361	0.35153891359056744
62351	BURNT	0.2115242608955928	0.5042487468038287
62465	BURNT	0.2572346159390041	0.5935420436518533
251531	BURNT	0.08484034027372088	0.28038078120776583
440917	BURNT	0.09029821253248624	0.3393568055970328
637758	BURNT	0.05929266554968698	0.22831527037279947
1549025	BURNT	0.10868597349950246	0.36184743472508024
2733294	BURNT	0.06293379196098872	0.2696182131767273
5281167	BURNT	0.11983697009938103	0.3731267494814737
5281168	BURNT	0.12050797045230865	0.43666043877601624
5318599	BURNT	0.14196790541921342	0.47229337266513277
5352837	BURNT	0.12473150981324059	0.41041948539870127
5364231	BURNT	0.12914543279579707	0.3825226638998304
262	BURNT	0.10707590728998184	0.34447211027145386
323	BURNT	0.14587751243795669	0.392168858221599
750	BURNT	0.18656404529299056	0.47762084007263184
753	BURNT	0.15601250316415513	0.42067071369716097
962	BURNT	0.1114220033798899	0.3487573138305119
5862	BURNT	0.2689234954970224	0.590690689427512
5962	BURNT	0.23025305994919368	0.5646275196756635
6274	BURNT	0.17426013307912008	0.4728142533983503
6322	BURNT	0.19643691395010268	0.5346118552344186
6669	BURNT	0.1108073645404407	0.37019226380756926
7137	BURNT	0.14704330265522003	0.40846297996384756
15654	BURNT	0.2843720551048006	0.5764887928962708
62089	BURNT	0.15526382199355535	0.46244123578071594
853433	BURNT	0.15657095185347966	0.41193918670926777
5371102	BURNT	0.07008359581232071	0.3074844053813389
10857465	BURNT	0.14300847692149027	0.37175782663481577
180	ACID	0.36329856514930725	0.5713985136577061
264	ACID	0.25294943366731915	0.4412751623562404
702	ACID	0.19911409062998636	0.40222412773541044
1031	ACID	0.23594244250229426	0.43827956914901733
3102	ACID	0.3392577426774161	0.5140278509684971
3314	ACID	0.1318520126598222	0.267041204231126
6506	ACID	0.24317974065031325	0.42413908668926786
6544	ACID	0.3450616385255541	0.5271484170641217
6561	ACID	0.4763851932116917	0.6777695758002145
7092	ACID	0.18877820244857244	0.3378328936440604
7302	ACID	0.3320910504886082	0.5100344547203609
7476	ACID	0.21258288409028733	0.4153601271765573
7559	ACID	0.314585736819676	0.491293979542596
7657	ACID	0.3442809581756592	0.5264961208615985
7770	ACID	0.21418644062110356	0.39258276990481783
7793	ACID	0.24773481913975307	0.4453455422605787
7797	ACID	0.168966782944543	0.35095769592693876
8025	ACID	0.24479698070458003	0.4381586100373949
8049	ACID	0.22833625759397233	0.404292677130018
8094	ACID	0.30323714656489237	0.5095270488943372
8419	ACID	0.1258926178727831	0.2927898871047156
8438	ACID	0.15288217578615462	0.3150260491030557
8468	ACID	0.20937664061784744	0.3671193335737501
8815	ACID	0.202755440558706	0.35415113398006987
8878	ACID	0.1297631561756134	0.317135431936809
9012	ACID	0.328838723046439	0.5230978344167981
10886	ACID	0.21488410447325026	0.4056877280984606
11567	ACID	0.5125037431716919	0.6952017545700073
12020	ACID	0.29981793676103863	0.49921098351478577
12265	ACID	0.350720967565264	0.5420362183025905
12377	ACID	0.3084971138409206	0.4952038526535034
16537	ACID	0.32094823462622507	0.5375456639698574
17898	ACID	0.354115183864321	0.5323075907570975
18467	ACID	0.2888745495251247	0.46124936853136334
21363	ACID	0.3557350294930594	0.5479086722646441
27440	ACID	0.3243904539516994	0.5073419894490924
31219	ACID	0.3565910884312221	0.5465899407863617
31276	ACID	0.2566341204302652	0.43170587505613056
31283	ACID	0.27256948820182253	0.4519573279789516
60998	ACID	0.27125116118362974	0.43372648528644014
61523	ACID	0.21694825163909368	0.4271097481250763
62351	ACID	0.21849043241568974	0.4142557254859379
62465	ACID	0.24650572878973825	0.371109345129558
251531	ACID	0.18344753554889134	0.3534257411956787
440917	ACID	0.3649634676320212	0.6110760484422956
637758	ACID	0.17167244958026068	0.3794972726276943
1549025	ACID	0.2082843163183757	0.36505852001053946
2733294	ACID	0.1620259593640055	0.3345693477562496
5281167	ACID	0.2545494032757623	0.4550488974366869
5281168	ACID	0.32819377524512156	0.5605192269597735
5318599	ACID	0.35054193649973187	0.5727876467364175
5352837	ACID	0.2986136632306235	0.5000743440219334
5364231	ACID	0.21425311267375946	0.40441096680504934
262	ACID	0.33927380612918306	0.5295635078634534
323	ACID	0.24443903139659337	0.4072682772363935
750	ACID	0.23423597855227335	0.4051988550594875
753	ACID	0.2534335617508207	0.42704385093280245
962	ACID	0.3034793181078775	0.48430512632642475
5862	ACID	0.20878718154770987	0.3837762304714748
5962	ACID	0.3079999940735953	0.4949071407318115
6274	ACID	0.28910147292273386	0.48150778668267386
6322	ACID	0.3212982160704477	0.5225554789815631
6669	ACID	0.25707813671657015	0.4397065426622118
7137	ACID	0.13781286669628962	0.2700199527399881
15654	ACID	0.18177136778831482	0.34402103083474295
62089	ACID	0.3411975843565805	0.5560703149863652
853433	ACID	0.10318959557584353	0.23309031128883362
5371102	ACID	0.2994781477110727	0.5207588119166238
10857465	ACID	0.38116141727992464	0.5340856569153922
180	WARM	0.23545922126088822	0.42998641303607393
264	WARM	0.28928775446755545	0.5589588454791478
702	WARM	0.23388095200061798	0.45115229913166593
1031	WARM	0.23584312626293727	0.4504036605358124
3102	WARM	0.26554213038512636	0.5057706577437264
3314	WARM	0.4574608419622694	0.6687324132238116
6506	WARM	0.29254757932254244	0.5296058229037693
6544	WARM	0.2752438315323421	0.513627005474908
6561	WARM	0.22052947325365885	0.4447989123208182
7092	WARM	0.3423047491482326	0.5690951773098537
7302	WARM	0.34366756677627563	0.5766202466828483
7476	WARM	0.3340739607810974	0.5394932542528424
7559	WARM	0.30856779643467497	0.5425428620406559
7657	WARM	0.23989870931421006	0.48151647193091257
7770	WARM	0.3372717159135001	0.6102608612605503
7793	WARM	0.2783010389123644	0.5158221551350185
7797	WARM	0.3174103966781071	0.5646119202886309
8025	WARM	0.26616427302360535	0.489097888980593
8049	WARM	0.2658931974853788	0.4998402552945273
8094	WARM	0.2845871299505234	0.540648341178894
8419	WARM	0.45387970975467135	0.6437126738684518
8438	WARM	0.41350983721869333	0.6041970678738185
8468	WARM	0.36475210956164766	0.5642654980931964
8815	WARM	0.36010671513421194	0.5876067706516811
8878	WARM	0.33607544217790875	0.5902923090117318
9012	WARM	0.2736560957772391	0.5331745743751526
10886	WARM	0.28299218841961454	0.5262689164706639
11567	WARM	0.2951592036655971	0.5471489557198116
12020	WARM	0.22948531806468964	0.4377009528023856
12265	WARM	0.22611382816519057	0.43567938038281034
12377	WARM	0.24003381601401738	0.5080737599304744
16537	WARM	0.2751040884426662	0.5399858185223171
17898	WARM	0.3834760827677591	0.6162516985620771
18467	WARM	0.34882902673312594	0.5594406383378165
21363	WARM	0.3210588310446058	0.5943199651581901
27440	WARM	0.3642713895865849	0.6131769589015416
31219	WARM	0.2721145110470908	0.5159014633723668
31276	WARM	0.32360562682151794	0.5934775982584272
31283	WARM	0.2616836854389736	0.49742845978055683
60998	WARM	0.3372147636754172	0.5632925289017814
61523	WARM	0.2854022468839373	0.5196216915334974
62351	WARM	0.27112106553145815	0.5354112429278237
62465	WARM	0.47418189900262014	0.6907952172415597
251531	WARM	0.2689710557460785	0.48413958719798494
440917	WARM	0.2513988826956068	0.48586839863232206
637758	WARM	0.3316387917314257	0.5485536158084869
1549025	WARM	0.33322303209986004	0.5801264813968113
2733294	WARM	0.31403990728514536	0.6098885451044355
5281167	WARM	0.2695706124816622	0.5128939747810364
5281168	WARM	0.2585202859980719	0.503419714314597
5318599	WARM	0.2871693330151694	0.5314336717128754
5352837	WARM	0.26043917664459776	0.506557047367096
5364231	WARM	0.2914929347378867	0.5330316083771842
262	WARM	0.2351063064166478	0.4353067193712507
323	WARM	0.36983450395720346	0.5987264173371452
750	WARM	0.32670779739107403	0.5590982096535819
753	WARM	0.2898811229637691	0.5031126822744098
962	WARM	0.24690125244004385	0.4551627976553781
5862	WARM	0.37371523465429035	0.625311825956617
5962	WARM	0.36187465276036945	0.6148246611867633
6274	WARM	0.3050645887851715	0.5166828887803214
6322	WARM	0.33047042574201313	0.5471284474645343
6669	WARM	0.3477431195122855	0.5770150763647897
7137	WARM	0.5327257343700954	0.7430051905768258
15654	WARM	0.3795932488782065	0.6004859805107117
62089	WARM	0.2898486341748919	0.5703158378601074
853433	WARM	0.5046044673238482	0.7034267783164978
5371102	WARM	0.25639280676841736	0.4777844675949642
10857465	WARM	0.4212744065693447	0.653952922139849
180	MUSKY	0.3101642770426614	0.5062523356505803
264	MUSKY	0.55169278383255	0.7425879665783474
702	MUSKY	0.28271250213895527	0.4773738256522587
1031	MUSKY	0.3055221991879599	0.4981386235782078
3102	MUSKY	0.18989665593419755	0.40259318692343576
3314	MUSKY	0.16063352993556432	0.38432034850120544
6506	MUSKY	0.34022599032946993	0.540412996496473
6544	MUSKY	0.2817453018256596	0.4765124193259648
6561	MUSKY	0.37437263982636587	0.5948061687605721
7092	MUSKY	0.1958405865090234	0.41602523837770733
7302	MUSKY	0.320527046918869	0.5617520042828151
7476	MUSKY	0.1985597163438797	0.38952363814626423
7559	MUSKY	0.17351265677383967	0.392045612846102
7657	MUSKY	0.22075469366141728	0.44629918677466257
7770	MUSKY	0.18037816456386022	0.3973086476325989
7793	MUSKY	0.2260437501328332	0.453257611819676
7797	MUSKY	0.1542107452239309	0.331628326858793
8025	MUSKY	0.3237778331552233	0.5466093931879316
8049	MUSKY	0.28182620874473024	0.49013906717300415
8094	MUSKY	0.5009739526680538	0.7058859467506409
8419	MUSKY	0.16290091403893062	0.3428431877068111
8438	MUSKY	0.1416114941239357	0.323318817785808
8468	MUSKY	0.19551368909222738	0.4097181260585785
8815	MUSKY	0.1515031276004655	0.36801098925726755
8878	MUSKY	0.15805710000651224	0.35751937542642864
9012	MUSKY	0.3392249047756195	0.5935632075582232
10886	MUSKY	0.21554906027657644	0.42188206740788053
11567	MUSKY	0.20787528157234192	0.4227943846157619
12020	MUSKY	0.2632997419152941	0.4688394325120108
12265	MUSKY	0.28014735664640156	0.4847359486988613
12377	MUSKY	0.3288463566984449	0.5893569418362209
16537	MUSKY	0.20753992881093705	0.3926238375050681
17898	MUSKY	0.3684400277478354	0.626835286617279
18467	MUSKY	0.33564577783857075	0.5820337363651821
21363	MUSKY	0.6245371443884713	0.8180530156408038
27440	MUSKY	0.37881763918059214	0.6215420280184064
31219	MUSKY	0.19596574987683976	0.42138790658542086
31276	MUSKY	0.16795128796781814	0.3819328418799809
31283	MUSKY	0.3368448998246874	0.5635896665709359
60998	MUSKY	0.35514019216809956	0.5773986152240208
61523	MUSKY	0.27626556158065796	0.5222738257476262
62351	MUSKY	0.3277137705257961	0.5427075283867973
62465	MUSKY	0.23138467328889029	0.45165535381862093
251531	MUSKY	0.16451771770204818	0.3780364351613181
440917	MUSKY	0.16066380909511022	0.34494026218141827
637758	MUSKY	0.20781142583915166	0.40947206956999643
1549025	MUSKY	0.22963811457157135	0.43814895834241596
2733294	MUSKY	0.17059597373008728	0.33981103130749296
5281167	MUSKY	0.2892957755497524	0.4916979159627642
5281168	MUSKY	0.42311836991991314	0.6343709996768406
5318599	MUSKY	0.36519259214401245	0.6275537014007568
5352837	MUSKY	0.2878433018922806	0.5366180198533195
5364231	MUSKY	0.24820972766195024	0.4475752966744559
262	MUSKY	0.23863308557442256	0.4298052064010075
323	MUSKY	0.18161536114556448	0.40914879526410786
750	MUSKY	0.31925709758486065	0.5404054267065865
753	MUSKY	0.253462553024292	0.4625063155378614
962	MUSKY	0.21763905244214193	0.4093130826950073
5862	MUSKY	0.360364773443767	0.6125032731464931
5962	MUSKY	0.43408077529498507	0.6968776157924107
6274	MUSKY	0.30070129888398306	0.520386244569506
6322	MUSKY	0.33450315254075186	0.5595430561474392
6669	MUSKY	0.33368625385420664	0.5818841712815421
7137	MUSKY	0.14914499755416596	0.37242987751960754
15654	MUSKY	0.34615383403641836	0.567437972341265
62089	MUSKY	0.6313928876604352	0.8290834767477853
853433	MUSKY	0.13669707093920028	0.3466745104108538
5371102	MUSKY	0.19173796049186162	0.41972795128822327
10857465	MUSKY	0.3443640555654253	0.6546087520463126
180	SWEATY	0.18995769109044755	0.39702488694872173
264	SWEATY	0.433563164302281	0.6364406985895974
702	SWEATY	0.16417029925755092	0.34668504766055513
1031	SWEATY	0.186166022505079	0.373852585043226
3102	SWEATY	0.06604717352560588	0.2053164073399135
3314	SWEATY	0.03893661605460303	0.11450381789888654
6506	SWEATY	0.22932960518768855	0.43293778385434833
6544	SWEATY	0.1619267953293664	0.3049534559249878
6561	SWEATY	0.24396173230239324	0.4593167006969452
7092	SWEATY	0.07983955261962754	0.18993537340845382
7302	SWEATY	0.17606799943106516	0.39151651092938017
7476	SWEATY	0.07993921318224498	0.19654186495712825
7559	SWEATY	0.08270690377269473	0.23708200667585647
7657	SWEATY	0.1049963619027819	0.29250129205839975
7770	SWEATY	0.1335941936288561	0.2853265809161322
7793	SWEATY	0.12824908750397818	0.2988061947481973
7797	SWEATY	0.10020882316998073	0.22271473705768585
8025	SWEATY	0.20778179594448634	0.42217913269996643
8049	SWEATY	0.1667832519326891	0.34906360507011414
8094	SWEATY	0.3330918720790318	0.5782242970807212
8419	SWEATY	0.05687950312026909	0.11911016170467649
8438	SWEATY	0.056471330778939385	0.1296358427831105
8468	SWEATY	0.07067536190152168	0.17470149270125798
8815	SWEATY	0.049548495028700144	0.165239474603108
8878	SWEATY	0.07977377091135297	0.21330988832882472
9012	SWEATY	0.18617971880095346	0.4149682947567531
10886	SWEATY	0.12066426128149033	0.2969444053513663
11567	SWEATY	0.08809717052749225	0.21440790806497848
12020	SWEATY	0.14043501232351577	0.3284781915800912
12265	SWEATY	0.13510445824691228	0.33938180974551607
12377	SWEATY	0.18960550214563096	0.4181355706283024
16537	SWEATY	0.11666484283549446	0.2708414899451392
17898	SWEATY	0.16134609707764216	0.4083545591150011
18467	SWEATY	0.1428921435560499	0.36070952245167326
21363	SWEATY	0.4399417894227164	0.6673686589513507
27440	SWEATY	0.1987249915088926	0.45211267471313477
31219	SWEATY	0.09013481118849345	0.2529777352299009
31276	SWEATY	0.12180028110742569	0.26516568447862354
31283	SWEATY	0.1996282317808696	0.41094411270959036
60998	SWEATY	0.2248068984065737	0.44037642649241854
61523	SWEATY	0.1576944568327495	0.36024331195013864
62351	SWEATY	0.17592870124748775	0.39302576013973783
62465	SWEATY	0.04991130796926362	0.16464043302195414
251531	SWEATY	0.06742253260953086	0.20802747990403855
440917	SWEATY	0.10442136228084564	0.18689699470996857
637758	SWEATY	0.09133130418402809	0.2188873780625207
1549025	SWEATY	0.14304482617548533	0.33624198607036043
2733294	SWEATY	0.13717581012419292	0.2768052624804633
5281167	SWEATY	0.18659680230276926	0.37007996439933777
5281168	SWEATY	0.27219974781785694	0.4908470937183925
5318599	SWEATY	0.2086212124143328	0.44837346247264315
5352837	SWEATY	0.16163017387901032	0.36729080762181965
5364231	SWEATY	0.14102493865149363	0.32284474798611235
262	SWEATY	0.12308013439178467	0.2869365747485842
323	SWEATY	0.06929358201367515	0.15053621040923254
750	SWEATY	0.18874357853616988	0.376858081136431
753	SWEATY	0.1316692712051528	0.2956704433475222
962	SWEATY	0.10781264730862208	0.24376198649406433
5862	SWEATY	0.2134796380996704	0.42518038409096853
5962	SWEATY	0.26229498854705263	0.5120442041328975
6274	SWEATY	0.15632679632731847	0.33532840864998953
6322	SWEATY	0.1773436324937003	0.3802876855645861
6669	SWEATY	0.16170536620276316	0.35044361863817486
7137	SWEATY	0.058523233979940414	0.20546906760760716
15654	SWEATY	0.17124949395656586	0.4120648716177259
62089	SWEATY	0.46360716223716736	0.7228111369269234
853433	SWEATY	0.037645233795046806	0.11516482436231204
5371102	SWEATY	0.08578101758446012	0.24065750624452317
10857465	SWEATY	0.18456036065305984	0.35143414565495085
180	AMMONIA/URINOUS	0.40507976923670086	0.5645147221429008
264	AMMONIA/URINOUS	0.389788487127849	0.537080432687487
702	AMMONIA/URINOUS	0.2443957541670118	0.40773312960352215
1031	AMMONIA/URINOUS	0.2896095940044948	0.4485627668244498
3102	AMMONIA/URINOUS	0.36435210704803467	0.4908990519387381
3314	AMMONIA/URINOUS	0.13126424380711146	0.24863481308732713
6506	AMMONIA/URINOUS	0.26357791679246084	0.4268547679696764
6544	AMMONIA/URINOUS	0.36365858146122526	0.5036072731018066
6561	AMMONIA/URINOUS	0.5295426419803074	0.6884820631572178
7092	AMMONIA/URINOUS	0.19497792422771454	0.3247478859765189
7302	AMMONIA/URINOUS	0.3809917782034193	0.5246291288307735
7476	AMMONIA/URINOUS	0.22491945326328278	0.3732800654002598
7559	AMMONIA/URINOUS	0.32472620265824453	0.49762557659830364
7657	AMMONIA/URINOUS	0.39617165071623667	0.5383175654070718
7770	AMMONIA/URINOUS	0.2176211987222944	0.3549711746828897
7793	AMMONIA/URINOUS	0.33561884079660687	0.49789961321013315
7797	AMMONIA/URINOUS	0.14909950750214712	0.28168420280729023
8025	AMMONIA/URINOUS	0.31615253005708965	0.4813224417822702
8049	AMMONIA/URINOUS	0.23634132955755507	0.36647083503859385
8094	AMMONIA/URINOUS	0.3922596275806427	0.516277049268995
8419	AMMONIA/URINOUS	0.12020828681332725	0.23883570517812455
8438	AMMONIA/URINOUS	0.1327256549681936	0.25454212938036236
8468	AMMONIA/URINOUS	0.20283645817211696	0.34366096343312946
8815	AMMONIA/URINOUS	0.17717903852462769	0.3095815096582685
8878	AMMONIA/URINOUS	0.13934814717088426	0.22596244513988495
9012	AMMONIA/URINOUS	0.4293463570731027	0.5904149668557304
10886	AMMONIA/URINOUS	0.210581864629473	0.3466471476214273
11567	AMMONIA/URINOUS	0.4995455230985369	0.6355466161455426
12020	AMMONIA/URINOUS	0.33531918270247324	0.48610318984304157
12265	AMMONIA/URINOUS	0.41255726984569	0.55214033808027
12377	AMMONIA/URINOUS	0.35572015813418795	0.5133838483265468
16537	AMMONIA/URINOUS	0.2785141680921827	0.43083839757101877
17898	AMMONIA/URINOUS	0.42050202403749737	0.5951850414276123
18467	AMMONIA/URINOUS	0.37139187114579336	0.5276071599551609
21363	AMMONIA/URINOUS	0.5320669497762408	0.6541036111967904
27440	AMMONIA/URINOUS	0.44126851643834797	0.6084693159375872
31219	AMMONIA/URINOUS	0.35255293760980877	0.5125915024961744
31276	AMMONIA/URINOUS	0.23946340807846614	0.3957025238445827
31283	AMMONIA/URINOUS	0.27367304052625385	0.40340621982301983
60998	AMMONIA/URINOUS	0.41555781023842947	0.565673155444009
61523	AMMONIA/URINOUS	0.3469683357647487	0.5158964140074593
62351	AMMONIA/URINOUS	0.30306927646909443	0.44074841482298716
62465	AMMONIA/URINOUS	0.25852578239781515	0.3748515801770346
251531	AMMONIA/URINOUS	0.1873545284782137	0.33200096232550486
440917	AMMONIA/URINOUS	0.3342047120843615	0.478374183177948
637758	AMMONIA/URINOUS	0.21160040582929338	0.34277306709970745
1549025	AMMONIA/URINOUS	0.269487202167511	0.4198624789714813
2733294	AMMONIA/URINOUS	0.14730460516044072	0.28648716637066435
5281167	AMMONIA/URINOUS	0.32516203607831684	0.4655699687344687
5281168	AMMONIA/URINOUS	0.41770582113947186	0.5726795026234218
5318599	AMMONIA/URINOUS	0.40765600545065744	0.5868773758411407
5352837	AMMONIA/URINOUS	0.3509793409279415	0.5215643090861184
5364231	AMMONIA/URINOUS	0.18397631815501622	0.32568174600601196
262	AMMONIA/URINOUS	0.33266267606190275	0.48761161310332163
323	AMMONIA/URINOUS	0.24229930341243744	0.37905457615852356
750	AMMONIA/URINOUS	0.2852657990796225	0.4405512937477657
753	AMMONIA/URINOUS	0.279032438993454	0.43268016832215445
962	AMMONIA/URINOUS	0.27368663038526264	0.4321818309170859
5862	AMMONIA/URINOUS	0.34663947990962435	0.4972553678921291
5962	AMMONIA/URINOUS	0.41935488155909945	0.5555956576551709
6274	AMMONIA/URINOUS	0.314545818737575	0.47682290843554903
6322	AMMONIA/URINOUS	0.3776552379131317	0.5291493960789272
6669	AMMONIA/URINOUS	0.2847935514790671	0.40338961141450064
7137	AMMONIA/URINOUS	0.12363149066056524	0.2484599713768278
15654	AMMONIA/URINOUS	0.26677401789597105	0.43442236525671823
62089	AMMONIA/URINOUS	0.481216767004558	0.6002818090575082
853433	AMMONIA/URINOUS	0.08912418356963567	0.20658225885459355
5371102	AMMONIA/URINOUS	0.3095454658780779	0.4480283728667668
10857465	AMMONIA/URINOUS	0.4490999920027597	0.5143207822527204
180	DECAYED	0.11932890117168427	0.38439320240701946
264	DECAYED	0.2835621067455837	0.6046880185604095
702	DECAYED	0.10498401309762682	0.3377767971583775
1031	DECAYED	0.12014450239283699	0.36422576223100933
3102	DECAYED	0.05643078791243689	0.2946467867919377
3314	DECAYED	0.08734347564833504	0.29110035726002287
6506	DECAYED	0.12778070462601526	0.3690772993224008
6544	DECAYED	0.11626768963677543	0.3524707981518337
6561	DECAYED	0.16174365792955672	0.46517479845455717
7092	DECAYED	0.07289757473128182	0.2758302880184991
7302	DECAYED	0.15769159580980027	0.4479858194078718
7476	DECAYED	0.06742478641016143	0.2745472916534969
7559	DECAYED	0.06698743892567498	0.2969266601971218
7657	DECAYED	0.06704956027013916	0.3308053655283792
7770	DECAYED	0.12944724410772324	0.38123532278197153
7793	DECAYED	0.07584728353789874	0.27643988387925283
7797	DECAYED	0.0947175036583628	0.33057638151305063
8025	DECAYED	0.12784040506396974	0.40966370701789856
8049	DECAYED	0.09528890039239611	0.3384126807962145
8094	DECAYED	0.22884654147284372	0.5452913641929626
8419	DECAYED	0.06028968095779419	0.2303516822201865
8438	DECAYED	0.0497768127492496	0.21664505345480783
8468	DECAYED	0.08234646969607898	0.2979270986148289
8815	DECAYED	0.06560409228716578	0.2671229583876474
8878	DECAYED	0.10210035528455462	0.33954785977091106
9012	DECAYED	0.20051309466362	0.5395380854606628
10886	DECAYED	0.10425428194659096	0.3661432351384844
11567	DECAYED	0.08104049946580615	0.3504745066165924
12020	DECAYED	0.1081463098526001	0.3575470873287746
12265	DECAYED	0.12353360546486718	0.3952921714101519
12377	DECAYED	0.24961458998067038	0.5878222244126456
16537	DECAYED	0.08507263447557177	0.304218590259552
17898	DECAYED	0.15712674174989974	0.5106446487562997
18467	DECAYED	0.13132611981460027	0.4565190758023943
21363	DECAYED	0.2655427690063204	0.610612119947161
27440	DECAYED	0.19544349610805511	0.5383680846009936
31219	DECAYED	0.06791581745658602	0.3170563748904637
31276	DECAYED	0.12280383386782237	0.37418154733521597
31283	DECAYED	0.10697131071771894	0.3626937823636191
60998	DECAYED	0.09119774614061628	0.35225799679756165
61523	DECAYED	0.09041742820824895	0.33624488541058134
62351	DECAYED	0.166727391736848	0.45918730752808706
62465	DECAYED	0.12518459452050074	0.38764586618968416
251531	DECAYED	0.04280871818108218	0.23885672007288253
440917	DECAYED	0.07677771523594856	0.27018775258745464
637758	DECAYED	0.07001964588250432	0.30361864396503996
1549025	DECAYED	0.08708672438349042	0.3036644927092961
2733294	DECAYED	0.13029476680925914	0.38331890957696096
5281167	DECAYED	0.14676250304494584	0.40868536489350454
5281168	DECAYED	0.1840018289429801	0.4947609986577715
5318599	DECAYED	0.12938053054468973	0.43291187286376953
5352837	DECAYED	0.111992247402668	0.38027007239205496
5364231	DECAYED	0.10535481252840587	0.3312259784766606
262	DECAYED	0.09239500761032104	0.32223174827439444
323	DECAYED	0.07317875804645675	0.2793326995202473
750	DECAYED	0.13594799488782883	0.3860929012298584
753	DECAYED	0.11432543609823499	0.35457479528018404
962	DECAYED	0.07582174028669085	0.2975891189915793
5862	DECAYED	0.20972666357244765	0.5142456037657601
5962	DECAYED	0.18475302202360971	0.4899864196777344
6274	DECAYED	0.10836935362645558	0.36092367342540194
6322	DECAYED	0.12434694809573037	0.40267009820256916
6669	DECAYED	0.08965802724872317	0.32813791717801777
7137	DECAYED	0.049877064036471505	0.2766025832721165
15654	DECAYED	0.14921368871416366	0.45693643178258625
62089	DECAYED	0.2922289307628359	0.6360989383288792
853433	DECAYED	0.05886198314172881	0.2561210457767759
5371102	DECAYED	0.06304178519972733	0.30655969040734427
10857465	DECAYED	0.09541299619844981	0.4100307822227478
180	WOOD	0.2209763867514474	0.3524054161139897
264	WOOD	0.17711545739855086	0.3038568156106131
702	WOOD	0.19945714729172842	0.32375235642705646
1031	WOOD	0.19250990450382233	0.32037328822272165
3102	WOOD	0.21693054905959538	0.3687738648482731
3314	WOOD	0.27745326714856283	0.5084311366081238
6506	WOOD	0.28578234570366995	0.44838620935167584
6544	WOOD	0.2942330241203308	0.4470102914742061
6561	WOOD	0.19787539967468806	0.3536501441683088
7092	WOOD	0.2364042294876916	0.41143753273146494
7302	WOOD	0.2709247235740934	0.4363837242126465
7476	WOOD	0.1552686095237732	0.3004591763019562
7559	WOOD	0.14393685225929534	0.29503033416611807
7657	WOOD	0.20714510764394486	0.369109319789069
7770	WOOD	0.05558854660817555	0.1416170969605446
7793	WOOD	0.22361703855650766	0.4138559401035309
7797	WOOD	0.16275817900896072	0.28649430189813885
8025	WOOD	0.18251537638051168	0.2889662640435355
8049	WOOD	0.23492203439985002	0.38804337808064054
8094	WOOD	0.2789290377071926	0.46896487048694063
8419	WOOD	0.21314719957964762	0.4011983147689274
8438	WOOD	0.1766931116580963	0.3366521043436868
8468	WOOD	0.3242487226213728	0.49885307039533344
8815	WOOD	0.24063522262232645	0.46181604266166687
8878	WOOD	0.12964220345020294	0.22412436774798802
9012	WOOD	0.23150896174567087	0.39074295333453585
10886	WOOD	0.18119269822325026	0.31148162484169006
11567	WOOD	0.2876285101686205	0.4422591158321926
12020	WOOD	0.21189229828970774	0.3761968697820391
12265	WOOD	0.26532731311661856	0.4153871536254883
12377	WOOD	0.21437964694840567	0.3628090705190386
16537	WOOD	0.34904749052865164	0.5495725444384983
17898	WOOD	0.4596932700702122	0.6421054601669312
18467	WOOD	0.37669133288519724	0.5658961449350629
21363	WOOD	0.28861820697784424	0.4822599121502468
27440	WOOD	0.3988550049918039	0.5947771923882621
31219	WOOD	0.14176899833338602	0.27478074601718355
31276	WOOD	0.09855767871652331	0.1853865853377751
31283	WOOD	0.3076822246823992	0.513563735144479
60998	WOOD	0.1848375222512654	0.3600933168615614
61523	WOOD	0.20032459710325515	0.4094059978212629
62351	WOOD	0.2571102891649519	0.4296308330127171
62465	WOOD	0.4176563748291561	0.6423260910170419
251531	WOOD	0.1966345970119749	0.33580837505204336
440917	WOOD	0.4367859150682177	0.6141828894615173
637758	WOOD	0.13697550126484462	0.27329292467662264
1549025	WOOD	0.2585568683488028	0.4553617409297398
2733294	WOOD	0.13765518314072064	0.2910536229610443
5281167	WOOD	0.23379977686064585	0.43507991092545645
5281168	WOOD	0.29929726890155245	0.48764202850205557
5318599	WOOD	0.31431075504847933	0.5235838804926191
5352837	WOOD	0.26541163665907724	0.4645680657454899
5364231	WOOD	0.2859547861984798	0.47945500697408405
262	WOOD	0.23918618900435312	0.4008507898875645
323	WOOD	0.26206535952431814	0.41939755422728403
750	WOOD	0.27029565615313395	0.45957730071885244
753	WOOD	0.24577233833926065	0.40707712514059885
962	WOOD	0.26607123017311096	0.42100963422230314
5862	WOOD	0.22091204992362432	0.407099757875715
5962	WOOD	0.3177007905074528	0.5445418187550136
6274	WOOD	0.3596180634839194	0.5696003351892743
6322	WOOD	0.38556377802576336	0.6010252705642155
6669	WOOD	0.27835300139018465	0.48537654110363554
7137	WOOD	0.2347491149391447	0.43771372948374065
15654	WOOD	0.36367421065058025	0.5639791233198983
62089	WOOD	0.2704614464725767	0.4581331866128104
853433	WOOD	0.24483110862118856	0.4788485211985452
5371102	WOOD	0.2765632974249976	0.41784641572407316
10857465	WOOD	0.37504057799066814	0.583612723009927
180	GRASS	0.08296583805765424	0.2708852354969297
264	GRASS	0.032698887533375194	0.1683894842863083
702	GRASS	0.08178556391171046	0.2532509458916528
1031	GRASS	0.0771227798291615	0.24949413963726588
3102	GRASS	0.12762846159083502	0.31446768982069834
3314	GRASS	0.015363226511648722	0.23222204829965318
6506	GRASS	0.08433604080762182	0.25394695358616964
6544	GRASS	0.1929447129368782	0.41563830205372404
6561	GRASS	0.06046552583575249	0.23515663615294866
7092	GRASS	0.06213187585983958	0.24665271171501704
7302	GRASS	0.0728030236704009	0.2282494753599167
7476	GRASS	0.11227316728660039	0.294381035225732
7559	GRASS	0.15252611360379628	0.3441772162914276
7657	GRASS	0.16519246995449066	0.3815020407949175
7770	GRASS	0.04203858120100839	0.18915709853172302
7793	GRASS	0.14026489640985215	0.36970985361507963
7797	GRASS	0.21223549331937516	0.4105777144432068
8025	GRASS	0.06848293170332909	0.2383303301674979
8049	GRASS	0.08330011474234718	0.24279179530484335
8094	GRASS	0.09234317604984556	0.23459348934037344
8419	GRASS	0.08180394662278039	0.27367777058056425
8438	GRASS	0.08032216131687164	0.2665040407861982
8468	GRASS	0.06820232740470342	0.2598283141851425
8815	GRASS	0.16365448704787663	0.39453656332833426
8878	GRASS	0.1400328427553177	0.31772342324256897
9012	GRASS	0.12736215655292785	0.3032226285764149
10886	GRASS	0.1616737906421934	0.35362753697804045
11567	GRASS	0.09028477274945804	0.25498426812035696
12020	GRASS	0.10704831353255681	0.3003176621028355
12265	GRASS	0.10504164546728134	0.28975031844207216
12377	GRASS	0.1201183529836791	0.32592414958136423
16537	GRASS	0.3818351754120418	0.7290624805859157
17898	GRASS	0.14224757360560553	0.3338703640869686
18467	GRASS	0.10915607746158328	0.28109500237873625
21363	GRASS	0.043971478939056396	0.19838883408478328
27440	GRASS	0.17337147465773992	0.39302185603550505
31219	GRASS	0.07417978346347809	0.2423432660954339
31276	GRASS	0.08622045602117266	0.2630596395049776
31283	GRASS	0.11246727513415473	0.25614725053310394
60998	GRASS	0.07434714159795217	0.25153638635362896
61523	GRASS	0.17021637303488596	0.385430817093168
62351	GRASS	0.12688105979136058	0.31961331197193693
62465	GRASS	0.052706929189818244	0.2736098425728934
251531	GRASS	0.11425023525953293	0.3224357622010367
440917	GRASS	0.2652671592576163	0.5374843307903835
637758	GRASS	0.12020941504410335	0.31446770259312223
1549025	GRASS	0.22622843086719513	0.413815370627812
2733294	GRASS	0.3754472775118692	0.5512309755597796
5281167	GRASS	0.28709621940340313	0.5357666611671448
5281168	GRASS	0.19791369565895625	0.4281821548938751
5318599	GRASS	0.18161481193133763	0.4107529180390494
5352837	GRASS	0.23094286450317927	0.4849591382912227
5364231	GRASS	0.37734077657972065	0.6438783747809274
262	GRASS	0.09065356850624084	0.26606949312346323
323	GRASS	0.0608566759952477	0.24059535350118363
750	GRASS	0.07131384100232806	0.22476784246308462
753	GRASS	0.07442490171108927	0.24012193509510585
962	GRASS	0.09925091319850513	0.2591948083468846
5862	GRASS	0.05962391144462994	0.22273407876491547
5962	GRASS	0.07889759540557861	0.2398029523236411
6274	GRASS	0.11516319108860833	0.28468957117625643
6322	GRASS	0.10668133199214935	0.26931739917823244
6669	GRASS	0.10748887487820216	0.2548062077590397
7137	GRASS	0.07279729098081589	0.27454736615930286
15654	GRASS	0.09861789324453898	0.29000152008874075
62089	GRASS	0.04655707521098001	0.17907985406262533
853433	GRASS	0.02630368061363697	0.23040896015507834
5371102	GRASS	0.21206437264169967	0.42837596365383696
10857465	GRASS	0.12159407777445656	0.4036712220736912
180	FLOWER	0.05915030384702342	0.23829870564596994
264	FLOWER	0.02496453161750521	0.15975803775446756
702	FLOWER	0.10324206522532872	0.29525791321481976
1031	FLOWER	0.08986932039260864	0.2733319380453655
3102	FLOWER	0.2031051708119256	0.426137204681124
3314	FLOWER	0.14866600504943303	0.3621855846473149
6506	FLOWER	0.07548950825418745	0.24930952489376068
6544	FLOWER	0.13023008619035994	0.332990220614842
6561	FLOWER	0.03481474252683776	0.18872836657932826
7092	FLOWER	0.16072653766189302	0.3927047678402492
7302	FLOWER	0.05800630045788629	0.1835897799049105
7476	FLOWER	0.3775385916233063	0.6092661959784371
7559	FLOWER	0.3307276155267443	0.5991566904953548
7657	FLOWER	0.20266403896468027	0.4048764109611511
7770	FLOWER	0.28016004817826407	0.5256724570478711
7793	FLOWER	0.34405023072447094	0.5784736445971898
7797	FLOWER	0.33225336245128084	0.5732272267341614
8025	FLOWER	0.09334072577101844	0.28234703838825226
8049	FLOWER	0.13578771374055318	0.34631267189979553
8094	FLOWER	0.07871077901550702	0.18896294491631643
8419	FLOWER	0.3328463009425572	0.553074585539954
8438	FLOWER	0.31726073367255075	0.5511449021952493
8468	FLOWER	0.14908656477928162	0.37543865612574984
8815	FLOWER	0.1849714538880757	0.3892118036746979
8878	FLOWER	0.3004768490791321	0.5611987113952637
9012	FLOWER	0.0807130980704512	0.19785249871867044
10886	FLOWER	0.24181958607264928	0.4925940292222159
11567	FLOWER	0.08955866524151393	0.26575967669487
12020	FLOWER	0.08720703103712626	0.28244778726782116
12265	FLOWER	0.06202898068087442	0.23236211921487535
12377	FLOWER	0.0891277827322483	0.2064578149999891
16537	FLOWER	0.2623378740889685	0.47805480446134296
17898	FLOWER	0.03298970338489328	0.20071958431175776
18467	FLOWER	0.05713065580597946	0.2374338720526014
21363	FLOWER	0.10591031610965729	0.25150738656520844
27440	FLOWER	0.034516082012227604	0.16706279345921107
31219	FLOWER	0.2838105878659657	0.5435355944292886
31276	FLOWER	0.2651085002081735	0.5335818571703774
31283	FLOWER	0.1173989889877183	0.2585261059658868
60998	FLOWER	0.2281959823199681	0.46945261103766306
61523	FLOWER	0.3262192223753248	0.5567544954163688
62351	FLOWER	0.0560218266078404	0.21607580993856704
62465	FLOWER	0.10146111782108035	0.2996401446206229
251531	FLOWER	0.32460314886910574	0.566194087266922
440917	FLOWER	0.15237681248358317	0.3820525748389108
637758	FLOWER	0.3846686226981027	0.6539902857371739
1549025	FLOWER	0.279718028647559	0.5590155720710754
2733294	FLOWER	0.34011058296476093	0.5862617918423244
5281167	FLOWER	0.1927676647901535	0.40389216797692434
5281168	FLOWER	0.09784834512642451	0.28181352998529163
5318599	FLOWER	0.15827416735036032	0.3396377946649279
5352837	FLOWER	0.18334334237234934	0.38750079699925016
5364231	FLOWER	0.18147572662149156	0.4380756488868168
262	FLOWER	0.0988733097910881	0.29289264338357107
323	FLOWER	0.18200110537665232	0.44258637939180645
750	FLOWER	0.0837296513574464	0.25136526780469076
753	FLOWER	0.10289276710578374	0.290169711623873
962	FLOWER	0.14192470269543783	0.34915741426604135
5862	FLOWER	0.051167636045387814	0.1913450402872903
5962	FLOWER	0.07792968728712626	0.22281104964869364
6274	FLOWER	0.09503552477274622	0.27579011235918316
6322	FLOWER	0.07805922946759633	0.24133204988070897
6669	FLOWER	0.2291220682007926	0.4521200656890869
7137	FLOWER	0.23926400712558202	0.4510120281151363
15654	FLOWER	0.03286803141236305	0.16092469011034286
62089	FLOWER	0.035574925265141895	0.12258114985057286
853433	FLOWER	0.2014971992799214	0.40362602046557833
5371102	FLOWER	0.27154093980789185	0.5023653634956905
10857465	FLOWER	0.21096389421394893	0.3752546523298536
180	CHEMICAL	0.3959404528141022	0.6813163842473712
264	CHEMICAL	0.18674986915928976	0.49859236819403513
702	CHEMICAL	0.2105870736496789	0.5096118918487004
1031	CHEMICAL	0.2506839505263737	0.5452874302864075
3102	CHEMICAL	0.4252817417894091	0.6753904053143093
3314	CHEMICAL	0.14685623347759247	0.4442852650369917
6506	CHEMICAL	0.17430840006896428	0.48781437958989826
6544	CHEMICAL	0.4250075476510184	0.6676139235496521
6561	CHEMICAL	0.5184256477015359	0.8029615708759853
7092	CHEMICAL	0.23404224855559214	0.520510366984776
7302	CHEMICAL	0.3214119736637388	0.5787505848067147
7476	CHEMICAL	0.2938858781542097	0.5756773863519941
7559	CHEMICAL	0.3806652171271188	0.6616006919315883
7657	CHEMICAL	0.37909115638051716	0.6597612500190735
7770	CHEMICAL	0.28720891901424955	0.571586149079459
7793	CHEMICAL	0.32670314397130695	0.6139401112283979
7797	CHEMICAL	0.21918471796172007	0.5229087727410453
8025	CHEMICAL	0.24369678327015468	0.5505872794560024
8049	CHEMICAL	0.21602343661444529	0.5076378881931305
8094	CHEMICAL	0.2950904795101711	0.5861977679388863
8419	CHEMICAL	0.15853964537382126	0.43862331765038626
8438	CHEMICAL	0.18964778738362448	0.46967211791447233
8468	CHEMICAL	0.21136950169290816	0.5124605425766536
8815	CHEMICAL	0.22091845529420034	0.5037850780146462
8878	CHEMICAL	0.2123075212751116	0.5091150275298527
9012	CHEMICAL	0.26361010542937685	0.605942291872842
10886	CHEMICAL	0.23621584049292974	0.5437454666410174
11567	CHEMICAL	0.6417942813464573	0.8691192609923226
12020	CHEMICAL	0.3295719304255077	0.6217660478183201
12265	CHEMICAL	0.39229351707867216	0.6602387087685722
12377	CHEMICAL	0.19084826963288443	0.5661412818091256
16537	CHEMICAL	0.3426453641482762	0.6381030934197562
17898	CHEMICAL	0.3516781670706613	0.6466158032417297
18467	CHEMICAL	0.29705497196742464	0.5769004140581403
21363	CHEMICAL	0.2748776376247406	0.6016638789858136
27440	CHEMICAL	0.3089862551007952	0.6031270708356585
31219	CHEMICAL	0.4298115372657776	0.7177439076559884
31276	CHEMICAL	0.3272079995700291	0.611607049192701
31283	CHEMICAL	0.24007274636200496	0.5285657175949642
60998	CHEMICAL	0.24674374503748758	0.5582989794867379
61523	CHEMICAL	0.24946862884930202	0.5582362328256879
62351	CHEMICAL	0.15646118883575713	0.47835989935057505
62465	CHEMICAL	0.2788097581693104	0.5278262836592538
251531	CHEMICAL	0.2080540657043457	0.5246351276125226
440917	CHEMICAL	0.46590979610170635	0.7285173194749015
637758	CHEMICAL	0.23729809480054037	0.5526586515562875
1549025	CHEMICAL	0.1962971900190626	0.4956769517489842
2733294	CHEMICAL	0.19589852009500777	0.5105963221618107
5281167	CHEMICAL	0.2784633253301893	0.5595702954701015
5281168	CHEMICAL	0.32635131052562166	0.6613182595797947
5318599	CHEMICAL	0.43318272062710356	0.7056889278548104
5352837	CHEMICAL	0.3772581304822649	0.65557861328125
5364231	CHEMICAL	0.234600658927645	0.5044389622552055
262	CHEMICAL	0.3730701931885311	0.6512267759868077
323	CHEMICAL	0.32227506382124765	0.5923052600451878
750	CHEMICAL	0.1983727025134223	0.4890970970903124
753	CHEMICAL	0.24533244328839438	0.537062236240932
962	CHEMICAL	0.31267974206379484	0.6050506915364947
5862	CHEMICAL	0.14341118718896592	0.44429583634649006
5962	CHEMICAL	0.24432089924812317	0.5490626394748688
6274	CHEMICAL	0.2566609425204141	0.5715931824275425
6322	CHEMICAL	0.2700231543609074	0.5907993572098869
6669	CHEMICAL	0.23725038128239767	0.5195209980010986
7137	CHEMICAL	0.140213708792414	0.3918790604387011
15654	CHEMICAL	0.1572964744908469	0.43792819551059176
62089	CHEMICAL	0.30178076880318777	0.6098295535360064
853433	CHEMICAL	0.10213663322584969	0.39768153003283907
5371102	CHEMICAL	0.3386218930993761	0.633327305316925
10857465	CHEMICAL	0.4085472694465092	0.681411623954773
