oID	descriptor	value	sigma
1136	INTENSITY/STRENGTH	0.643809803894588	0.6791793533733913
2345	INTENSITY/STRENGTH	0.2503132096358708	0.6285968763487679
2346	INTENSITY/STRENGTH	0.2591480974640165	0.5948664546012878
3893	INTENSITY/STRENGTH	0.37189996242523193	0.6645235674721854
5961	INTENSITY/STRENGTH	0.10884073110563415	0.5432503649166652
6549	INTENSITY/STRENGTH	0.08069886001093048	0.5655929786818368
6590	INTENSITY/STRENGTH	0.2067634484597615	0.5637966649872916
7409	INTENSITY/STRENGTH	0.38788293514932903	0.6403590015002659
7463	INTENSITY/STRENGTH	0.2688209350619997	0.6084447247641427
7654	INTENSITY/STRENGTH	0.3753763266972133	0.6835110442978996
7824	INTENSITY/STRENGTH	0.5874488609177726	0.7938212156295776
8038	INTENSITY/STRENGTH	0.3822093222822462	0.7636998466082981
8048	INTENSITY/STRENGTH	0.3590274155139923	0.6451641832079206
8091	INTENSITY/STRENGTH	0.3970249422958919	0.6737614359174456
8093	INTENSITY/STRENGTH	0.4492518092904772	0.7130286778722491
8122	INTENSITY/STRENGTH	0.21345560891287668	0.5800142203058515
8697	INTENSITY/STRENGTH	0.44411042758396696	0.6910488690648761
9025	INTENSITY/STRENGTH	0.3925985310758863	0.570431283542088
11525	INTENSITY/STRENGTH	0.4987555146217346	0.6446706056594849
11529	INTENSITY/STRENGTH	0.46813832010541645	0.7402303559439523
12741	INTENSITY/STRENGTH	0.4557622032506125	0.7073528936931065
12748	INTENSITY/STRENGTH	0.3355522113186972	0.6087238533156258
24513	INTENSITY/STRENGTH	0.5489916375705174	0.7292488557951791
31265	INTENSITY/STRENGTH	0.6168300764901298	0.762924679688045
36822	INTENSITY/STRENGTH	0.44173112511634827	0.6006256086485726
61048	INTENSITY/STRENGTH	0.33978793025016785	0.7343487398965018
61177	INTENSITY/STRENGTH	0.4809305710451944	0.7148560626166207
61659	INTENSITY/STRENGTH	0.37708412749426706	0.5997366905212402
61670	INTENSITY/STRENGTH	0.32325182429381777	0.5817122033664158
235414	INTENSITY/STRENGTH	0.1963921253170286	0.7475050347191947
444972	INTENSITY/STRENGTH	0.16710229218006134	0.5547675830977303
5363233	INTENSITY/STRENGTH	0.34603807755878996	0.6237969143050057
5363491	INTENSITY/STRENGTH	0.6754520535469055	0.7805026173591614
6114390	INTENSITY/STRENGTH	0.4222713155405862	0.7339731625148228
239	INTENSITY/STRENGTH	0.22971785281385695	0.586785512311118
679	INTENSITY/STRENGTH	0.23391307251793997	0.5974979060036796
6213	INTENSITY/STRENGTH	0.14311501383781433	0.5563521725790841
6374	INTENSITY/STRENGTH	0.4426791753087725	0.6851109095982143
8456	INTENSITY/STRENGTH	0.3895515778235027	0.6982491271836417
6999977	INTENSITY/STRENGTH	0.4681690037250519	0.6766356570380074
1136	VALENCE/PLEASANTNESS	0.29384022525378634	0.6562100989477975
2345	VALENCE/PLEASANTNESS	0.5693351796695164	0.6276495286396572
2346	VALENCE/PLEASANTNESS	0.42486174617494854	0.6185816867010934
3893	VALENCE/PLEASANTNESS	0.34403084005628315	0.5765314527920314
5961	VALENCE/PLEASANTNESS	0.43312816108976093	0.5902494021824428
6549	VALENCE/PLEASANTNESS	0.4904957285949162	0.594190640108926
6590	VALENCE/PLEASANTNESS	0.38626363447734285	0.5481398701667786
7409	VALENCE/PLEASANTNESS	0.5053213281290871	0.6711570450237819
7463	VALENCE/PLEASANTNESS	0.47837620973587036	0.6663201877049038
7654	VALENCE/PLEASANTNESS	0.6619559781891959	0.6547902992793492
7824	VALENCE/PLEASANTNESS	0.6594679440770831	0.7365830029760089
8038	VALENCE/PLEASANTNESS	0.4327408884252821	0.6810407042503357
8048	VALENCE/PLEASANTNESS	0.5923237715448652	0.6426605667386737
8091	VALENCE/PLEASANTNESS	0.6247907876968384	0.6591811094965253
8093	VALENCE/PLEASANTNESS	0.5237547201769692	0.7229070833751133
8122	VALENCE/PLEASANTNESS	0.38536985005651203	0.5661651492118835
8697	VALENCE/PLEASANTNESS	0.2601846030780247	0.5576312371662685
9025	VALENCE/PLEASANTNESS	0.41740560105868746	0.6352538892201015
11525	VALENCE/PLEASANTNESS	0.3555638236658914	0.6395655955587115
11529	VALENCE/PLEASANTNESS	0.5583102617944989	0.7336500116756984
12741	VALENCE/PLEASANTNESS	0.4912100817476	0.694702114377703
12748	VALENCE/PLEASANTNESS	0.3751145601272583	0.5870136788913182
24513	VALENCE/PLEASANTNESS	0.43603876658848356	0.6699039425168719
31265	VALENCE/PLEASANTNESS	0.7543043664523533	0.7096324222428458
36822	VALENCE/PLEASANTNESS	0.35255393385887146	0.6347208448818752
61048	VALENCE/PLEASANTNESS	0.49097474558012827	0.7318160278456551
61177	VALENCE/PLEASANTNESS	0.6177287697792053	0.6580611552510943
61659	VALENCE/PLEASANTNESS	0.2642707015786852	0.604864742074694
61670	VALENCE/PLEASANTNESS	0.37165139828409466	0.6098376342228481
235414	VALENCE/PLEASANTNESS	0.4693026414939335	0.6353050470352173
444972	VALENCE/PLEASANTNESS	0.36639038579804556	0.5592367904526847
5363233	VALENCE/PLEASANTNESS	0.4613324190889086	0.6296263337135315
5363491	VALENCE/PLEASANTNESS	0.579653799533844	0.7061147008623395
6114390	VALENCE/PLEASANTNESS	0.5403661344732557	0.6854794025421143
239	VALENCE/PLEASANTNESS	0.38303829942430767	0.5813930971281869
679	VALENCE/PLEASANTNESS	0.37735735518591745	0.5645301342010498
6213	VALENCE/PLEASANTNESS	0.4267843450818743	0.5594034961291722
6374	VALENCE/PLEASANTNESS	0.24729282515389578	0.5936195765222821
8456	VALENCE/PLEASANTNESS	0.47364739435059683	0.6780386822564262
6999977	VALENCE/PLEASANTNESS	0.43762445024081637	0.6593895554542542
1136	BAKERY	0.16078464261123113	0.5140211199011121
2345	BAKERY	0.07294900289603642	0.2210082539490291
2346	BAKERY	0.07203601832900729	0.2538761517831257
3893	BAKERY	0.03802829195878336	0.18456918001174927
5961	BAKERY	0.08874864450522832	0.28861882856913973
6549	BAKERY	0.007610049497868333	0.15902554669550487
6590	BAKERY	0.09057500213384628	0.28026931626456125
7409	BAKERY	0.0349091835586088	0.17279042303562164
7463	BAKERY	0.03726481406816414	0.2174010808978762
7654	BAKERY	0.08236809553844589	0.27408997075898306
7824	BAKERY	0.08542391125644956	0.34210459675107685
8038	BAKERY	0.0400670620479754	0.21745499755655015
8048	BAKERY	0.07508257297532898	0.2791521038327898
8091	BAKERY	0.07640472160918373	0.2891205974987575
8093	BAKERY	0.04742924137307065	0.2111462035349437
8122	BAKERY	0.051136130200965066	0.2722589927060263
8697	BAKERY	0.03977070642369134	0.12381571105548314
9025	BAKERY	0.047126472528491704	0.25257997640541624
11525	BAKERY	0.07285011719380106	0.2590545288154057
11529	BAKERY	0.06849849064435277	0.29284097467150005
12741	BAKERY	0.05610650564943041	0.20372589571135385
12748	BAKERY	0.14371737944228308	0.48446657827922274
24513	BAKERY	0.02808280834662063	0.15739102448735917
31265	BAKERY	0.1484002321958542	0.4396747520991734
36822	BAKERY	0.07409389104161944	0.35598393848964144
61048	BAKERY	0.021751323714852333	0.21702446894986288
61177	BAKERY	0.09711646607943944	0.3332161945956094
61659	BAKERY	0.07513850554823875	0.33550367185047697
61670	BAKERY	0.08013821286814553	0.35544087631361826
235414	BAKERY	0.0974539475781577	0.2982591262885502
444972	BAKERY	0.09609398032937731	0.301919903073992
5363233	BAKERY	0.044380909497184415	0.1924486288002559
5363491	BAKERY	0.04448436480015516	0.30666178464889526
6114390	BAKERY	0.1585815953356879	0.4336657779557364
239	BAKERY	0.11987705209425517	0.3467492716653006
679	BAKERY	0.07990663392203194	0.2770269342831203
6213	BAKERY	0.08323338095630918	0.28149421725954327
6374	BAKERY	0.07828531094959804	0.26810201151030405
8456	BAKERY	0.04974847686077867	0.2895981754575457
6999977	BAKERY	0.15642060765198298	0.44747338550431387
1136	SWEET	0.08342141179101807	0.42776229977607727
2345	SWEET	0.21985241983618056	0.6200613379478455
2346	SWEET	0.08210490643978119	0.3771358174937112
3893	SWEET	0.05419533859406199	0.3320392966270447
5961	SWEET	0.08646370310868536	0.37459297691072735
6549	SWEET	0.10480898778353419	0.43494301182883127
6590	SWEET	0.08682318670409066	0.4019715402807508
7409	SWEET	0.16544518087591445	0.562362117426736
7463	SWEET	0.09203164758426803	0.4143215928758894
7654	SWEET	0.32036676577159334	0.7039419072014945
7824	SWEET	0.4922539336340768	0.8772993002619062
8038	SWEET	0.1981582066842488	0.5984684314046588
8048	SWEET	0.346308422940118	0.6898963281086513
8091	SWEET	0.3612917235919407	0.7304019417081561
8093	SWEET	0.24888922912733896	0.6853551268577576
8122	SWEET	0.05343423570905413	0.29659028351306915
8697	SWEET	0.0463785816516195	0.2921660372189113
9025	SWEET	0.10850000700780324	0.45239504320280893
11525	SWEET	0.11362896753208977	0.4463598941053663
11529	SWEET	0.3756613646234785	0.7808402947017125
12741	SWEET	0.22552141334329331	0.6423917583056858
12748	SWEET	0.09154755835022245	0.42216779930250986
24513	SWEET	0.11618566938808986	0.4501329873289381
31265	SWEET	0.6226736307144165	0.940161040851048
36822	SWEET	0.09541427876268115	0.4550048623766218
61048	SWEET	0.19264536244528635	0.6605221629142761
61177	SWEET	0.3765966168471745	0.7264372195516314
61659	SWEET	0.012682537947382246	0.2796064444950649
61670	SWEET	0.09827420541218349	0.4398696507726397
235414	SWEET	0.12123354205063411	0.39856886863708496
444972	SWEET	0.05261328284229551	0.3481579380375998
5363233	SWEET	0.15384384244680405	0.5015268708978381
5363491	SWEET	0.34410448585237774	0.7072909814970834
6114390	SWEET	0.2626546876771109	0.6504501359803336
239	SWEET	0.10006944409438542	0.4232489509241922
679	SWEET	0.07815392900790487	0.35806012579372953
6213	SWEET	0.09466446936130524	0.38425606914928984
6374	SWEET	0.02040103716509683	0.21294268327099936
8456	SWEET	0.07779215169804436	0.4050006568431854
6999977	SWEET	0.20254260301589966	0.6127019354275295
1136	FRUIT	0.01263345724770001	0.07590797703180995
2345	FRUIT	0.05881260016134807	0.29692100627081736
2346	FRUIT	0.03762478833752019	0.19128482895238058
3893	FRUIT	0.037318118448768346	0.1577394732407161
5961	FRUIT	0.015016122588089533	0.08690949848720006
6549	FRUIT	0.07700522510068757	0.23977055294173105
6590	FRUIT	0.024778346131954874	0.13704610615968704
7409	FRUIT	0.09363134950399399	0.30816633786473957
7463	FRUIT	0.03614778630435467	0.17089739654745376
7654	FRUIT	0.166640328509467	0.45204563651766094
7824	FRUIT	0.49190101878983633	0.7917722293308803
8038	FRUIT	0.13232718408107758	0.364470043352672
8048	FRUIT	0.3102751799992153	0.5516281383378165
8091	FRUIT	0.350267265524183	0.6200383135250637
8093	FRUIT	0.21753184497356415	0.5447849801608494
8122	FRUIT	0.03652269845562322	0.11263085742081914
8697	FRUIT	0.04933247156441212	0.22902990664754594
9025	FRUIT	0.05676541104912758	0.203867569565773
11525	FRUIT	0.051526352763175964	0.2387204042502812
11529	FRUIT	0.3203983988080706	0.6047087354319436
12741	FRUIT	0.19027220670666015	0.4777154581887381
12748	FRUIT	0.015314965375832148	0.08529190506253924
24513	FRUIT	0.10350782104900905	0.34484143768038067
31265	FRUIT	0.600997541631971	0.8433973448617118
36822	FRUIT	0.01036011055111885	0.1079515591263771
61048	FRUIT	0.14158897314752852	0.4494810402393341
61177	FRUIT	0.3750040318284716	0.6292013994285038
61659	FRUIT	-0.00736313419682639	0.04904839502913611
61670	FRUIT	0.021755560168198178	0.11649742828948158
235414	FRUIT	0.030596662312746048	0.12049887755087443
444972	FRUIT	-0.00197355608854975	0.07253813530717577
5363233	FRUIT	0.13248253507273539	0.3380506762436458
5363491	FRUIT	0.45965583409581867	0.7085350198405129
6114390	FRUIT	0.058356126504285	0.26707363980157034
239	FRUIT	0.02703141208205904	0.14875597826072148
679	FRUIT	0.00788611386503492	0.10763281477349144
6213	FRUIT	0.016006166115403175	0.12129091152123042
6374	FRUIT	0.002278607870851244	0.08426702235426221
8456	FRUIT	0.023270317752446448	0.1601490154862404
6999977	FRUIT	0.0736665880041463	0.26131545645850046
1136	FISH	0.23728847929409572	0.4157850572041103
2345	FISH	0.03770556593579905	0.13549844282014029
2346	FISH	0.13520764027323043	0.3255124092102051
3893	FISH	0.07317841265882764	0.17730263301304408
5961	FISH	0.06364386315856661	0.1711768103497369
6549	FISH	0.022252506709524562	0.12719427687781198
6590	FISH	0.09344042731182915	0.22043895721435547
7409	FISH	0.05335741436907223	0.12504091539553233
7463	FISH	0.01754942283566509	0.10929340230567115
7654	FISH	0.058744864272219796	0.17037305661610194
7824	FISH	0.05498055049351284	0.13490189824785506
8038	FISH	0.06693673985345024	0.2013396599463054
8048	FISH	0.05093339245234217	0.13818239527089254
8091	FISH	0.0560811311006546	0.14075269443648203
8093	FISH	0.06226081188235964	0.14775268733501434
8122	FISH	0.08025760522910527	0.19143345739160264
8697	FISH	0.14921030295746668	0.30264263493674143
9025	FISH	0.08762219016041074	0.23384736052581243
11525	FISH	0.08016334740178925	0.19693144304411753
11529	FISH	0.04991094368909087	0.13760558835097722
12741	FISH	0.06930008370961462	0.15977367545877183
12748	FISH	0.2114710807800293	0.37532396401677814
24513	FISH	0.10908339385475431	0.24651907810143062
31265	FISH	0.046401347166725566	0.11469680070877075
36822	FISH	0.07506906613707542	0.1841309666633606
61048	FISH	0.036520895681210926	0.1318601029259818
61177	FISH	0.06588749161788396	0.15672711815152848
61659	FISH	0.2673948662621634	0.47197688477379934
61670	FISH	0.09636950492858887	0.22815423990998948
235414	FISH	0.033894302256937535	0.07361990958452225
444972	FISH	0.09384810498782567	0.2182488100869315
5363233	FISH	0.063090480864048	0.16107289705957686
5363491	FISH	0.09251106423991066	0.19695932737418584
6114390	FISH	0.06896843761205673	0.19709664370332444
239	FISH	0.1479198443038123	0.2875735717160361
679	FISH	0.1797923105103629	0.345296425478799
6213	FISH	0.12106246181896754	0.2512828814131873
6374	FISH	0.3765122762748173	0.6223222443035671
8456	FISH	0.059644738478319984	0.17499227821826935
6999977	FISH	0.08086107990571431	0.20948680809565953
1136	GARLIC	0.204094831432615	0.45641725403921946
2345	GARLIC	0.07429998580898557	0.17281478004796164
2346	GARLIC	0.14993241003581456	0.37249582580157686
3893	GARLIC	0.09595896835838046	0.2685886472463608
5961	GARLIC	0.0738561318389007	0.23901189225060598
6549	GARLIC	0.06908944621682167	0.168476331446852
6590	GARLIC	0.12621639668941498	0.33127282772745403
7409	GARLIC	0.03570167587271759	0.11607922826494489
7463	GARLIC	0.05760922655463219	0.14886244067123958
7654	GARLIC	0.052378064553652494	0.1742375088589532
7824	GARLIC	0.037407481776816506	0.156047129205295
8038	GARLIC	0.08171051953520093	0.2604792948280062
8048	GARLIC	0.06010168631161962	0.19325852819851466
8091	GARLIC	0.04605454153248242	0.17535717146737234
8093	GARLIC	0.061708200190748484	0.20368210332734243
8122	GARLIC	0.10487085687262672	0.30528603068419863
8697	GARLIC	0.11687324941158295	0.34986527476991924
9025	GARLIC	0.08890699754868235	0.2506173976830074
11525	GARLIC	0.07512041101498264	0.23282482581479208
11529	GARLIC	0.05412959200995309	0.19285364874771663
12741	GARLIC	0.06705226110560554	0.20991487801074982
12748	GARLIC	0.24030406985964095	0.4929893740585872
24513	GARLIC	0.0949506578700883	0.26651892917496817
31265	GARLIC	0.02947403570371015	0.1280203482934407
36822	GARLIC	0.06381564268044063	0.23118300097329275
61048	GARLIC	0.06268915001835142	0.1860909994159426
61177	GARLIC	0.0475056671670505	0.1841724600110735
61659	GARLIC	0.23910039237567357	0.5027368111269814
61670	GARLIC	0.09324838646820613	0.26848933952195303
235414	GARLIC	0.07264856887715203	0.19591793843678065
444972	GARLIC	0.12576022424868175	0.34219793336732046
5363233	GARLIC	0.07939959051353591	0.24540336430072784
5363491	GARLIC	0.04337997415236065	0.19067574824605668
6114390	GARLIC	0.0694656034133264	0.20566704656396592
239	GARLIC	0.17370890080928802	0.3754512539931706
679	GARLIC	0.21018647508961813	0.4324679672718048
6213	GARLIC	0.14323619433811732	0.3554048793656485
6374	GARLIC	0.3960543062005724	0.6402308344841003
8456	GARLIC	0.08629189059138298	0.18941203824111394
6999977	GARLIC	0.11724006065300532	0.3100969748837607
1136	SPICES	0.2139729176248823	0.4744481827531542
2345	SPICES	0.17091757484844752	0.37013550315584454
2346	SPICES	0.24889511508601053	0.47853284648486544
3893	SPICES	0.13781614069427764	0.3570224217006138
5961	SPICES	0.13719590966190612	0.3531720042228699
6549	SPICES	0.12528283787625177	0.3604291294302259
6590	SPICES	0.15189712388174875	0.3774290084838867
7409	SPICES	0.13339451168264663	0.34033700823783875
7463	SPICES	0.26718697590487345	0.4930237659386226
7654	SPICES	0.20658124770436967	0.4016532940523965
7824	SPICES	0.10559654661587306	0.3550992948668344
8038	SPICES	0.11550037562847137	0.34827591265950886
8048	SPICES	0.13586057935442244	0.36258804372378756
8091	SPICES	0.1237198891384261	0.35682118790490286
8093	SPICES	0.17474509988512313	0.4001872454370771
8122	SPICES	0.1606156826019287	0.3877063478742327
8697	SPICES	0.13371548695223673	0.3398414467062269
9025	SPICES	0.17502756416797638	0.3994694437299456
11525	SPICES	0.20345837942191533	0.42918127349444796
11529	SPICES	0.12171809588159833	0.35020614096096586
12741	SPICES	0.16968055708067759	0.39709057552473886
12748	SPICES	0.26032909538064686	0.5239773052079337
24513	SPICES	0.16152864268847875	0.40658754110336304
31265	SPICES	0.11477342141526085	0.3745241846357073
36822	SPICES	0.1301086364047868	0.34543547885758535
61048	SPICES	0.1612894641501563	0.38192311355045866
61177	SPICES	0.13917555660009384	0.3777391995702471
61659	SPICES	0.19395459975515092	0.4494040906429291
61670	SPICES	0.15965781680175237	0.38310942905289785
235414	SPICES	0.13027738354035787	0.41265738010406494
444972	SPICES	0.1358179428747722	0.3719666131905147
5363233	SPICES	0.18100927344390325	0.40513814772878376
5363491	SPICES	0.1360985232251031	0.38771582927022663
6114390	SPICES	0.30894129616873606	0.5587471127510071
239	SPICES	0.16510779517037527	0.3929945613656725
679	SPICES	0.1835344902106694	0.43548597608293804
6213	SPICES	0.1723571973187583	0.4157080863203321
6374	SPICES	0.2639224763427462	0.5191892342908042
8456	SPICES	0.4137899875640869	0.6780605231012616
6999977	SPICES	0.15894014494759695	0.41037983553750174
1136	COLD	0.12951255483286722	0.27052723297051023
2345	COLD	0.29614455359322683	0.5028622831617083
2346	COLD	0.19538822982992446	0.3690761455467769
3893	COLD	0.29512660418237957	0.4869616797992161
5961	COLD	0.3509404616696494	0.5425038465431758
6549	COLD	0.4697654332433428	0.643746052469526
6590	COLD	0.23878880909511022	0.39505639246531893
7409	COLD	0.4125309841973441	0.6111046331269401
7463	COLD	0.4339208390031542	0.6294088193348476
7654	COLD	0.2598048469849995	0.4469307320458548
7824	COLD	0.31647972549710957	0.5435093130384173
8038	COLD	0.29250659474304747	0.484212794474193
8048	COLD	0.30649817841393606	0.5182572773524693
8091	COLD	0.2966987064906529	0.514903975384576
8093	COLD	0.35808246050562176	0.5893431561333793
8122	COLD	0.2632847364459719	0.4168892332485744
8697	COLD	0.23030802181788854	0.4010982428278242
9025	COLD	0.30602945600237164	0.48931375997407095
11525	COLD	0.321778233562197	0.5058944225311279
11529	COLD	0.32501376952443806	0.5391641684940883
12741	COLD	0.3607112169265747	0.5811015708105904
12748	COLD	0.13597336517913	0.2706318646669388
24513	COLD	0.32317173906735014	0.5060231983661652
31265	COLD	0.3024356961250305	0.5272707385676247
36822	COLD	0.2857650859015329	0.48743875111852375
61048	COLD	0.3632636623723166	0.5842760290418353
61177	COLD	0.2717469653912953	0.47877595680100576
61659	COLD	0.1620116148676191	0.3252268646444593
61670	COLD	0.242181801370212	0.4107891193458012
235414	COLD	0.342496143920081	0.5642605338777814
444972	COLD	0.2412792146205902	0.39711148398263113
5363233	COLD	0.3248553531510489	0.5256231001445225
5363491	COLD	0.2501790374517441	0.48785305874688284
6114390	COLD	0.22382418598447526	0.42226901224681307
239	COLD	0.20640116930007935	0.36145944254738943
679	COLD	0.22742659279278346	0.39549560632024494
6213	COLD	0.26732669132096426	0.4322441135134016
6374	COLD	0.1679061778954097	0.34958197815077646
8456	COLD	0.371910959482193	0.5559829686369214
6999977	COLD	0.2332862147263118	0.43571098361696514
1136	SOUR	0.3651784828730992	0.610053437096732
2345	SOUR	0.16143456314291274	0.38407863463674274
2346	SOUR	0.2462651559284755	0.4780206339699881
3893	SOUR	0.3133062209401812	0.5607748031616211
5961	SOUR	0.25591894132750376	0.48943975993565153
6549	SOUR	0.25118420805249897	0.4759633924279894
6590	SOUR	0.3590976595878601	0.5616364819662911
7409	SOUR	0.15052704406636103	0.37927970715931486
7463	SOUR	0.16613865856613433	0.38890435865947176
7654	SOUR	0.17224275214331491	0.37705159187316895
7824	SOUR	0.2621543364865439	0.5040689195905413
8038	SOUR	0.4161228835582733	0.645014933177403
8048	SOUR	0.22275256259100779	0.4451464670045035
8091	SOUR	0.22718786341803415	0.4343463267598833
8093	SOUR	0.2548792234488896	0.47139983092035564
8122	SOUR	0.31071830647332327	0.5461623583521161
8697	SOUR	0.5540540048054287	0.7185296842030117
9025	SOUR	0.20140100164072855	0.43623858264514376
11525	SOUR	0.34611267702920095	0.5188312998839787
11529	SOUR	0.2900925704411098	0.5283522180148533
12741	SOUR	0.26484694864068714	0.48744077341897146
12748	SOUR	0.2874909873519625	0.5397498777934483
24513	SOUR	0.2944950546537127	0.5286852717399597
31265	SOUR	0.218664145895413	0.46867711203438894
36822	SOUR	0.252094030380249	0.4565319461481912
61048	SOUR	0.22157188185623714	0.471771057162966
61177	SOUR	0.2615296925817217	0.477063706942967
61659	SOUR	0.36292754326547894	0.6211617929594857
61670	SOUR	0.2420063316822052	0.4542940471853529
235414	SOUR	0.26267650723457336	0.532816869871957
444972	SOUR	0.40239293234688894	0.6095343061855861
5363233	SOUR	0.26451428660324644	0.4979378197874342
5363491	SOUR	0.28412055543490816	0.5173817787851606
6114390	SOUR	0.21817731644426072	0.4558016359806061
239	SOUR	0.36886213081223623	0.5806422318731036
679	SOUR	0.3470876898084368	0.5720956155232021
6213	SOUR	0.3052608924252646	0.517032619033541
6374	SOUR	0.4444881294454847	0.6976997767175946
8456	SOUR	0.1969683574778693	0.4283387362957001
6999977	SOUR	0.3109122855322702	0.5355216860771179
1136	BURNT	0.39528943385396687	0.7478552545819964
2345	BURNT	0.07011952996253967	0.25683173537254333
2346	BURNT	0.17721895022051676	0.45288296256746563
3893	BURNT	0.17647527690444673	0.48262926936149597
5961	BURNT	0.17582360335758754	0.4800971746444702
6549	BURNT	0.09955400547810964	0.34740255560193745
6590	BURNT	0.12296926123755318	0.3648556513445718
7409	BURNT	0.11385414855820793	0.34795278310775757
7463	BURNT	0.1354135423898697	0.3956954649516514
7654	BURNT	0.08617886049406868	0.289007374218532
7824	BURNT	0.0719619978751455	0.2685445249080658
8038	BURNT	0.07923066403184618	0.3171540754181998
8048	BURNT	0.06863029247948102	0.2745227153812136
8091	BURNT	0.07710039615631104	0.2703080347606114
8093	BURNT	0.1012282446026802	0.31628710457256864
8122	BURNT	0.17813465424946376	0.4923730875764574
8697	BURNT	0.12461287954023906	0.4151429235935211
9025	BURNT	0.16771311738661357	0.4622016932283129
11525	BURNT	0.17154976512704576	0.46589472038405283
11529	BURNT	0.08288874690021787	0.28698793053627014
12741	BURNT	0.09865799971989223	0.3210239325250898
12748	BURNT	0.2867165889058794	0.5740690401622227
24513	BURNT	0.09835224917956761	0.39557664734976633
31265	BURNT	0.051104185836655755	0.2193538418837956
36822	BURNT	0.25214226118155886	0.5743422167641776
61048	BURNT	0.09122278434889657	0.2814693748950958
61177	BURNT	0.07860289407627923	0.27775936467306955
61659	BURNT	0.30755933480603354	0.6575990830148969
61670	BURNT	0.21985072749001638	0.5181641025202615
235414	BURNT	0.1677632757595607	0.4358272041593279
444972	BURNT	0.15046563957418715	0.4371957225458963
5363233	BURNT	0.11668452833380018	0.38039007782936096
5363491	BURNT	0.07650450563856534	0.3018127807549068
6114390	BURNT	0.13524167558976583	0.3916723643030439
239	BURNT	0.16919551364013127	0.45083270754132954
679	BURNT	0.1414337381720543	0.39468225836753845
6213	BURNT	0.11508052157504219	0.36020479031971525
6374	BURNT	0.2923525742122105	0.6246411800384521
8456	BURNT	0.16348653073821748	0.4809897371700832
6999977	BURNT	0.22523838707378932	0.5228875832898277
1136	ACID	0.28220228425094057	0.4361465062413897
2345	ACID	0.23297281989029475	0.42735928297042847
2346	ACID	0.2665591282503946	0.4677643520491464
3893	ACID	0.41079922233309063	0.6262302398681641
5961	ACID	0.3878435620239803	0.5752598856176648
6549	ACID	0.3599406821387155	0.6187365651130676
6590	ACID	0.24527810939720698	0.4415332632405417
7409	ACID	0.38055214285850525	0.5624654633658273
7463	ACID	0.3984156548976898	0.5698160018239703
7654	ACID	0.2135078672851835	0.38540407163756235
7824	ACID	0.2209019043615886	0.3952350914478302
8038	ACID	0.3939790299960545	0.5746670280184064
8048	ACID	0.19195211572306498	0.3888416716030666
8091	ACID	0.16880380362272263	0.3561864197254181
8093	ACID	0.3539846624646868	0.5537938560758319
8122	ACID	0.34367974741118296	0.527041848216738
8697	ACID	0.3142563594239099	0.5200903117656708
9025	ACID	0.34791573882102966	0.5208631157875061
11525	ACID	0.38816369005611967	0.5708491887365069
11529	ACID	0.3067151095185961	0.4820335422243391
12741	ACID	0.39157651577677044	0.5863694718905857
12748	ACID	0.16811143713338034	0.34792801312037874
24513	ACID	0.3743816443852016	0.5610928152288709
31265	ACID	0.1311538623911994	0.3008309687886919
36822	ACID	0.37043166160583496	0.568414466721671
61048	ACID	0.3323675436632974	0.5313859071050372
61177	ACID	0.1557237378188542	0.3321597363267626
61659	ACID	0.3232795170375279	0.5085230810301644
61670	ACID	0.26450578442641665	0.447403541633061
235414	ACID	0.46423835839544025	0.6146131243024554
444972	ACID	0.29148230808121817	0.4830216552530016
5363233	ACID	0.3490584450108664	0.5427730849811009
5363491	ACID	0.169721357524395	0.3564216537134988
6114390	ACID	0.1923730628831046	0.366988548210689
239	ACID	0.21279210703713552	0.3888544312545231
679	ACID	0.2732310869864055	0.4802015338625227
6213	ACID	0.2746167331933975	0.47558953506605967
6374	ACID	0.31962678262165617	0.520069250038692
8456	ACID	0.35683674471718924	0.511579807315554
6999977	ACID	0.27712780237197876	0.45142421552113127
1136	WARM	0.44260370305606295	0.7144950117383685
2345	WARM	0.275990435055324	0.4984652485166277
2346	WARM	0.2674592797245298	0.5006851596491677
3893	WARM	0.29328167012759615	0.5165242637906756
5961	WARM	0.2967745746885027	0.5100578836032322
6549	WARM	0.23621515929698944	0.47104546427726746
6590	WARM	0.2485110546861376	0.48102900811604093
7409	WARM	0.26544630953243803	0.5153551399707794
7463	WARM	0.27589787755693707	0.5231201520987919
7654	WARM	0.3412276974746159	0.5594838431903294
7824	WARM	0.30818507075309753	0.5864998613085065
8038	WARM	0.24398545282227652	0.5008236297539302
8048	WARM	0.26936123626572744	0.5153705648013523
8091	WARM	0.2733016333409718	0.5139578325407845
8093	WARM	0.28694935355867657	0.5362439836774554
8122	WARM	0.281472384929657	0.5131032466888428
8697	WARM	0.26924754679203033	0.5417420778955732
9025	WARM	0.2625776657036373	0.5197664030960628
11525	WARM	0.3363392310483115	0.5696268933159965
11529	WARM	0.2796895461423056	0.5466722505433219
12741	WARM	0.27857901794569834	0.5406464295727866
12748	WARM	0.35576220069612774	0.6059972132955279
24513	WARM	0.2117241301706859	0.4931864525590624
31265	WARM	0.3585491563592638	0.6258148465837751
36822	WARM	0.3332556571279253	0.5756960426058088
61048	WARM	0.24369319421904428	0.4864856558186667
61177	WARM	0.2913127711841038	0.5391174043927874
61659	WARM	0.32622009941509794	0.5916318297386169
61670	WARM	0.31804115005901884	0.5313961931637355
235414	WARM	0.3164954696382795	0.5877426777567182
444972	WARM	0.2801197809832437	0.5243245278085981
5363233	WARM	0.2716515064239502	0.5104058384895325
5363491	WARM	0.27969545125961304	0.560217525277819
6114390	WARM	0.3928309125559671	0.6295519300869533
239	WARM	0.30969624859946115	0.5575677241597857
679	WARM	0.25887611295495716	0.4855626438345228
6213	WARM	0.2543381942170007	0.46936515399387907
6374	WARM	0.3252759405544826	0.6020794681140355
8456	WARM	0.3693963715008327	0.6082587880747659
6999977	WARM	0.4100369598184313	0.6468203834124974
1136	MUSKY	0.4318805294377463	0.7099246723311288
2345	MUSKY	0.19223472901753016	0.4074152112007141
2346	MUSKY	0.2648336546761649	0.48538672072546823
3893	MUSKY	0.40066451685769217	0.6476359026772636
5961	MUSKY	0.2704226608787264	0.4942115247249603
6549	MUSKY	0.22157350395406997	0.4440235325268337
6590	MUSKY	0.3658268621989659	0.5560940248625619
7409	MUSKY	0.20400502213409968	0.4343494176864624
7463	MUSKY	0.18152487703732081	0.3992592351777213
7654	MUSKY	0.14000282010861806	0.35574677160808016
7824	MUSKY	0.16010642371007375	0.36240059988839285
8038	MUSKY	0.3218412058694022	0.5816735625267029
8048	MUSKY	0.21444843922342574	0.4195086019379752
8091	MUSKY	0.19038623571395874	0.36847230792045593
8093	MUSKY	0.2244499112878527	0.4270101615360805
8122	MUSKY	0.3786798289843968	0.607288692678724
8697	MUSKY	0.5926182184900556	0.7800247924668449
9025	MUSKY	0.23979471623897552	0.47358561413628714
11525	MUSKY	0.3911421000957489	0.5823165902069637
11529	MUSKY	0.19993276468345098	0.43474842820848736
12741	MUSKY	0.24374748766422272	0.46550250479153227
12748	MUSKY	0.35262719222477507	0.5777641960552761
24513	MUSKY	0.2395265485559191	0.505127774817603
31265	MUSKY	0.11744679084845952	0.31302793111119953
36822	MUSKY	0.3560492992401123	0.6044567738260541
61048	MUSKY	0.23636268717902048	0.47431699293000357
61177	MUSKY	0.17912586884839193	0.3532331713608333
61659	MUSKY	0.4036901763507298	0.6621189032282148
61670	MUSKY	0.33537895338875906	0.563342707497733
235414	MUSKY	0.33522496053150724	0.650653532573155
444972	MUSKY	0.417767448084695	0.6154170036315918
5363233	MUSKY	0.2839060149022511	0.5130329430103302
5363491	MUSKY	0.19395072332450322	0.3672210914748056
6114390	MUSKY	0.2801101335457393	0.5260379953043801
239	MUSKY	0.37642391664641245	0.5954166991370065
679	MUSKY	0.3238811365195683	0.5550769482340131
6213	MUSKY	0.29163231594221933	0.4951056454862867
6374	MUSKY	0.4228313650403704	0.7261053494044712
8456	MUSKY	0.23365870543888637	0.4437967027936663
6999977	MUSKY	0.3284617194107601	0.571354261466435
1136	SWEATY	0.25634764773505075	0.5260783178465707
2345	SWEATY	0.0794898048043251	0.2297181295497077
2346	SWEATY	0.11954030181680407	0.3192794620990753
3893	SWEATY	0.23339144246918814	0.5011406753744397
5961	SWEATY	0.14387063894953048	0.3068803335939135
6549	SWEATY	0.1160052940249443	0.30811077782085966
6590	SWEATY	0.2543577126094273	0.4439109521252768
7409	SWEATY	0.07125182343380791	0.1899971983262471
7463	SWEATY	0.07409495168498584	0.1818629577755928
7654	SWEATY	0.06752900406718254	0.2314677642924445
7824	SWEATY	0.105550830917699	0.2476888405425208
8038	SWEATY	0.22788911845002854	0.4384373298713139
8048	SWEATY	0.10396447032690048	0.2623956288610186
8091	SWEATY	0.11287949234247208	0.24174066739422934
8093	SWEATY	0.12684798453535354	0.3007535082953317
8122	SWEATY	0.22570952347346715	0.4659778986658369
8697	SWEATY	0.4438619783946446	0.6773612243788583
9025	SWEATY	0.08763395888464791	0.2548851030213492
11525	SWEATY	0.23889172290052688	0.398723623582295
11529	SWEATY	0.12345891233001437	0.2913473184619631
12741	SWEATY	0.14204077103308269	0.3424683596406664
12748	SWEATY	0.1858845204114914	0.4314928778580257
24513	SWEATY	0.13315474348408834	0.3622135179383414
31265	SWEATY	0.08453927827732903	0.20129811550889695
36822	SWEATY	0.1578343255179269	0.39307147690228056
61048	SWEATY	0.10827673333031791	0.28880963580948965
61177	SWEATY	0.12283326472554888	0.2602266477687018
61659	SWEATY	0.22448053743158067	0.47177482502801077
61670	SWEATY	0.15048309096268245	0.36671753014836994
235414	SWEATY	0.21109155671937124	0.43959815161568777
444972	SWEATY	0.29672905802726746	0.5049695031983512
5363233	SWEATY	0.1672689744404384	0.38421946338244845
5363491	SWEATY	0.13113950512238912	0.2917702006442206
6114390	SWEATY	0.1360737830400467	0.28732297250202726
239	SWEATY	0.25110037199088503	0.4507016624723162
679	SWEATY	0.19868550768920354	0.4194594621658325
6213	SWEATY	0.16850141968045915	0.3678663372993469
6374	SWEATY	0.28525616441454205	0.5403084073747907
8456	SWEATY	0.07865941843816213	0.20124553889036179
6999977	SWEATY	0.1861590359892164	0.3964869976043701
1136	AMMONIA/URINOUS	0.4598612827914102	0.6136361190250942
2345	AMMONIA/URINOUS	0.2830861934593746	0.43232952271189007
2346	AMMONIA/URINOUS	0.3168856714453016	0.4547499971730368
3893	AMMONIA/URINOUS	0.4198984376021794	0.5690174869128636
5961	AMMONIA/URINOUS	0.3937549463340214	0.5486313870974949
6549	AMMONIA/URINOUS	0.3312902663435255	0.5044960975646973
6590	AMMONIA/URINOUS	0.30259758659771513	0.4660983085632324
7409	AMMONIA/URINOUS	0.4371276540415628	0.5717851349285671
7463	AMMONIA/URINOUS	0.3986366220882961	0.5385734779494149
7654	AMMONIA/URINOUS	0.23426574894360133	0.40815020884786335
7824	AMMONIA/URINOUS	0.20158768338816507	0.33959553497178213
8038	AMMONIA/URINOUS	0.4237918129989079	0.595397344657353
8048	AMMONIA/URINOUS	0.18151604064873286	0.30523831077984404
8091	AMMONIA/URINOUS	0.17422309517860413	0.29488212295940947
8093	AMMONIA/URINOUS	0.3514337582247598	0.5001575350761414
8122	AMMONIA/URINOUS	0.3340837870325361	0.4725246514592852
8697	AMMONIA/URINOUS	0.449449394430433	0.5620431303977966
9025	AMMONIA/URINOUS	0.41474434307643343	0.5489527114800045
11525	AMMONIA/URINOUS	0.4554786809853145	0.6006993906838554
11529	AMMONIA/URINOUS	0.28102835161345346	0.4329006459031786
12741	AMMONIA/URINOUS	0.39865600637027193	0.5423791408538818
12748	AMMONIA/URINOUS	0.2881141092096056	0.4437378304345267
24513	AMMONIA/URINOUS	0.38681781717709135	0.5459102051598685
31265	AMMONIA/URINOUS	0.13026462282453263	0.23944143312317984
36822	AMMONIA/URINOUS	0.43083967907088144	0.6017171995980399
61048	AMMONIA/URINOUS	0.32914196593420847	0.49813920685223173
61177	AMMONIA/URINOUS	0.16434584770883834	0.2808642600263868
61659	AMMONIA/URINOUS	0.49651714733668734	0.6523640751838684
61670	AMMONIA/URINOUS	0.33175723467554363	0.4937061624867575
235414	AMMONIA/URINOUS	0.441789197070258	0.5341582255704063
444972	AMMONIA/URINOUS	0.34320079003061565	0.5194680392742157
5363233	AMMONIA/URINOUS	0.3305534975869315	0.4788667985371181
5363491	AMMONIA/URINOUS	0.15093344024249486	0.2778952994516918
6114390	AMMONIA/URINOUS	0.28804621526173185	0.41388519746916635
239	AMMONIA/URINOUS	0.2981606296130589	0.4599012902804783
679	AMMONIA/URINOUS	0.3662093664918627	0.5143131741455623
6213	AMMONIA/URINOUS	0.32965979405811857	0.48245347823415485
6374	AMMONIA/URINOUS	0.48389364566121784	0.6439058865819659
8456	AMMONIA/URINOUS	0.35008156299591064	0.4720910234110696
6999977	AMMONIA/URINOUS	0.3024310384477888	0.46171298197337557
1136	DECAYED	0.23453280116830552	0.6116704515048436
2345	DECAYED	0.042951123522860665	0.2665741103036063
2346	DECAYED	0.0929298283798354	0.3602477099214281
3893	DECAYED	0.12691757721560343	0.4176760103021349
5961	DECAYED	0.10549005653176989	0.3519845221723829
6549	DECAYED	0.09304488609944071	0.32197287678718567
6590	DECAYED	0.15221680807215826	0.39571007234709604
7409	DECAYED	0.07670275121927261	0.304371965782983
7463	DECAYED	0.09048227007899966	0.3283906706741878
7654	DECAYED	0.04980965011886188	0.2651536933013371
7824	DECAYED	0.1150499986750739	0.36770189234188627
8038	DECAYED	0.15582445689610072	0.4795761023248945
8048	DECAYED	0.09515304969889778	0.33969448293958393
8091	DECAYED	0.1014633561883654	0.3229824389730181
8093	DECAYED	0.11408655345439911	0.38143239276749746
8122	DECAYED	0.12349207592861992	0.3963835665157863
8697	DECAYED	0.2833752248968397	0.6184535622596741
9025	DECAYED	0.09144233167171478	0.3744453617504665
11525	DECAYED	0.15658664064747946	0.4403798537594931
11529	DECAYED	0.12204519978591374	0.39722445607185364
12741	DECAYED	0.10833519590752465	0.3824434408119747
12748	DECAYED	0.17038831753390177	0.48864167502948214
24513	DECAYED	0.11612125379698617	0.3936062455177307
31265	DECAYED	0.10105857359511512	0.3285805583000183
36822	DECAYED	0.14462157977478846	0.47200209753853933
61048	DECAYED	0.08740747507129397	0.37302451048578533
61177	DECAYED	0.10627960733004979	0.33015285645212444
61659	DECAYED	0.20898499659129552	0.5817112752369472
61670	DECAYED	0.12742990255355835	0.43616858976227896
235414	DECAYED	0.09659532404371671	0.3573355717318399
444972	DECAYED	0.16880843256201064	0.4266355889184134
5363233	DECAYED	0.10865262363638196	0.3711795508861542
5363491	DECAYED	0.12370757652180535	0.3636902017252786
6114390	DECAYED	0.08930782441581998	0.3457992247172764
239	DECAYED	0.16941771124090468	0.433420513357435
679	DECAYED	0.1718520415680749	0.46030097348349436
6213	DECAYED	0.1305645289165633	0.38488639678273884
6374	DECAYED	0.30269873993737356	0.6929745248385838
8456	DECAYED	0.11062886565923691	0.3529032255922045
6999977	DECAYED	0.11898065997021538	0.38299450278282166
1136	WOOD	0.3626385842050825	0.5888466238975525
2345	WOOD	0.15764571513448442	0.3131242479596819
2346	WOOD	0.26609328602041515	0.45239860245159697
3893	WOOD	0.3642684391566685	0.6007845827511379
5961	WOOD	0.3707813705716814	0.5910715929099492
6549	WOOD	0.4246294583593096	0.5832941276686532
6590	WOOD	0.18569940967219217	0.3217110846723829
7409	WOOD	0.20351703890732356	0.38302057555743624
7463	WOOD	0.3004784073148455	0.4793083838054112
7654	WOOD	0.17334961146116257	0.35712010094097685
7824	WOOD	0.10892763627426964	0.21662461119038717
8038	WOOD	0.1247013189962932	0.2218060748917716
8048	WOOD	0.18162164092063904	0.31433234895978657
8091	WOOD	0.18173415320260183	0.31220116146973204
8093	WOOD	0.22060217601912363	0.38137870601245333
8122	WOOD	0.3617145206247057	0.5873523269380841
8697	WOOD	0.23530428750174387	0.40172616073063444
9025	WOOD	0.26806794319834026	0.4100492000579834
11525	WOOD	0.2623782136610576	0.41351331983293804
11529	WOOD	0.09815673370446477	0.192938432097435
12741	WOOD	0.2062962225505284	0.38669070175715853
12748	WOOD	0.2950213061911719	0.49292798553194317
24513	WOOD	0.23279014016900743	0.44597854358809336
31265	WOOD	0.0664212309888431	0.16714240717036383
36822	WOOD	0.47457494480269297	0.6681802357946124
61048	WOOD	0.17985746264457703	0.3017150504248483
61177	WOOD	0.18080456342015946	0.32111678804670063
61659	WOOD	0.2670093242611204	0.435853830405644
61670	WOOD	0.3974389008113316	0.5890381761959621
235414	WOOD	0.36087549584252493	0.6418653556278774
444972	WOOD	0.23437874444893428	0.3969833765711103
5363233	WOOD	0.31002779943602427	0.5149531236716679
5363491	WOOD	0.1934389046260289	0.35599275146211895
6114390	WOOD	0.19630228408745357	0.39944383076259066
239	WOOD	0.2138747615473611	0.3715838406767164
679	WOOD	0.19753632162298476	0.3261385347161974
6213	WOOD	0.21987449271338327	0.35177586334092276
6374	WOOD	0.18204556618418014	0.3351216401372637
8456	WOOD	0.3936080847467695	0.594307575907026
6999977	WOOD	0.27573101009641376	0.458863092320306
1136	GRASS	0.100867360830307	0.2759871653148106
2345	GRASS	0.11370867384331566	0.31588263171059744
2346	GRASS	0.17812406378132956	0.40121609824044363
3893	GRASS	0.08195971963661057	0.23895891649382456
5961	GRASS	0.10882306098937988	0.26184443703719545
6549	GRASS	0.19687420768397196	0.4164624980517796
6590	GRASS	0.06114438974431583	0.20777173340320587
7409	GRASS	0.106437620307718	0.2905632427760533
7463	GRASS	0.14433573612145015	0.34677188311304363
7654	GRASS	0.22844897423471724	0.4289924885545458
7824	GRASS	0.15444389624255045	0.35376682451793123
8038	GRASS	0.04463321156799793	0.21155288176877157
8048	GRASS	0.08772300077336175	0.2745352728026254
8091	GRASS	0.18796491622924805	0.3852086663246155
8093	GRASS	0.09342057736856597	0.3201721268040793
8122	GRASS	0.11390196532011032	0.24350743634360178
8697	GRASS	0.05130696137036596	0.1778851875237056
9025	GRASS	0.13359999656677246	0.3020912153380258
11525	GRASS	0.05069788119622639	0.19676950573921204
11529	GRASS	0.03671552187630108	0.2100525540964944
12741	GRASS	0.0594984194529908	0.29253001723970684
12748	GRASS	0.08660105030451502	0.2753744827849524
24513	GRASS	0.25515614449977875	0.531346823487963
31265	GRASS	0.12123664681400571	0.29580140113830566
36822	GRASS	0.14361403243882315	0.3162008694240025
61048	GRASS	0.1009253380554063	0.27742393740585874
61177	GRASS	0.2559699309723718	0.46487498709133696
61659	GRASS	0.07026205265096255	0.22476719745567866
61670	GRASS	0.14012936715568816	0.3263704351016453
235414	GRASS	0.11585158216101783	0.22237608901091985
444972	GRASS	0.06112086879355567	0.18568630942276546
5363233	GRASS	0.10178232192993164	0.29457699401038034
5363491	GRASS	0.4383590817451477	0.663188602243151
6114390	GRASS	0.04555639039192881	0.23416840604373387
239	GRASS	0.06163037621549198	0.2167407955442156
679	GRASS	0.07700617398534503	0.2657121228320258
6213	GRASS	0.09028280632836479	0.2575450518301555
6374	GRASS	0.04997853349362101	0.21390149635928019
8456	GRASS	0.18021990358829498	0.44091982926641193
6999977	GRASS	0.05790607950517109	0.2194175443478993
1136	FLOWER	0.006693026317017419	0.09099885608468737
2345	FLOWER	0.3795711610998426	0.6340156325272152
2346	FLOWER	0.15517999018941606	0.32916609730039326
3893	FLOWER	0.08348689866917473	0.19102216405527933
5961	FLOWER	0.10154602463756289	0.2644678034952709
6549	FLOWER	0.12496188070092883	0.3622168387685503
6590	FLOWER	0.07699746053133692	0.23462209105491638
7409	FLOWER	0.27088274913174765	0.5145388415881565
7463	FLOWER	0.13917811853545053	0.33809014729091097
7654	FLOWER	0.4443719472203936	0.7083173394203186
7824	FLOWER	0.30653803263391766	0.565444358757564
8038	FLOWER	0.11604465118476323	0.32324579783848356
8048	FLOWER	0.24182120817048208	0.4829622379371098
8091	FLOWER	0.27810401150158476	0.5184105932712555
8093	FLOWER	0.20795196294784546	0.4482185074261257
8122	FLOWER	0.07934871262737683	0.17804727596896036
8697	FLOWER	0.05581726346697126	0.17611021442072733
9025	FLOWER	0.13591692170926503	0.34265131609780447
11525	FLOWER	0.0925602348787444	0.2519687009709222
11529	FLOWER	0.22272774577140808	0.4708964909826006
12741	FLOWER	0.19662093477589743	0.4275330901145935
12748	FLOWER	0.03199737678681101	0.14418534828083857
24513	FLOWER	0.1811731287411281	0.36803965483392986
31265	FLOWER	0.34606921672821045	0.6090346149035862
36822	FLOWER	0.04767347127199173	0.2068315361227308
61048	FLOWER	0.2290319630077907	0.4993393293448857
61177	FLOWER	0.2735289590699332	0.5087525503976005
61659	FLOWER	0.009311906195112638	0.11954819623913084
61670	FLOWER	0.07117922604084015	0.24634725494044168
235414	FLOWER	0.13167062401771545	0.29640938554491314
444972	FLOWER	0.06670845140303884	0.1868058294057846
5363233	FLOWER	0.1556165771824973	0.32644082818712505
5363491	FLOWER	0.2796279191970825	0.5156908801623753
6114390	FLOWER	0.24555990312780654	0.4761580526828766
239	FLOWER	0.07454777136445045	0.23804264622075216
679	FLOWER	0.06476500204631261	0.21643189447266714
6213	FLOWER	0.08209545803921563	0.24163247219153813
6374	FLOWER	0.03199184340025697	0.13749787104981287
8456	FLOWER	0.12755772577864782	0.3040825128555298
6999977	FLOWER	0.09589059118713651	0.2934342197009495
1136	CHEMICAL	0.24009732902050018	0.5098801723548344
2345	CHEMICAL	0.28180652431079317	0.5887591923986163
2346	CHEMICAL	0.24050163158348628	0.5488303303718567
3893	CHEMICAL	0.3850805035659245	0.6903887135641915
5961	CHEMICAL	0.35425108671188354	0.6741835985864911
6549	CHEMICAL	0.4233056732586452	0.7083952512059893
6590	CHEMICAL	0.24054407434804098	0.5308578014373779
7409	CHEMICAL	0.5060290694236755	0.7537909746170044
7463	CHEMICAL	0.4712052515574864	0.742583862372807
7654	CHEMICAL	0.2585339567490986	0.5489022774355752
7824	CHEMICAL	0.2907055105481829	0.5948728748730251
8038	CHEMICAL	0.4380040168762207	0.7333079150744847
8048	CHEMICAL	0.24768162625176565	0.5394872086388725
8091	CHEMICAL	0.22774505615234375	0.5187641552516392
8093	CHEMICAL	0.4001682826450893	0.6881998181343079
8122	CHEMICAL	0.27484654103006634	0.5765052522931781
8697	CHEMICAL	0.2630499473639897	0.5744587693895612
9025	CHEMICAL	0.43236968347004484	0.6793348108019147
11525	CHEMICAL	0.40230621610369	0.6851282971245902
11529	CHEMICAL	0.37117903998919893	0.6667027814047677
12741	CHEMICAL	0.4264013298920223	0.7147402422768729
12748	CHEMICAL	0.10803159273096494	0.4105925943170275
24513	CHEMICAL	0.43975131852286203	0.7110730409622192
31265	CHEMICAL	0.22145300464970724	0.5107191715921674
36822	CHEMICAL	0.39526439564568655	0.6936483808926174
61048	CHEMICAL	0.377650077853884	0.6952605928693499
61177	CHEMICAL	0.19956123190266745	0.4957560769149235
61659	CHEMICAL	0.2998284952981131	0.5933368716921125
61670	CHEMICAL	0.27987763711384367	0.5678598284721375
235414	CHEMICAL	0.36981151359421865	0.620500522000449
444972	CHEMICAL	0.24861371304307664	0.5450747949736459
5363233	CHEMICAL	0.3457623209272112	0.6350653937884739
5363491	CHEMICAL	0.18011330493858882	0.49058892897197176
6114390	CHEMICAL	0.22099655121564865	0.5164250092847007
239	CHEMICAL	0.1755224189588002	0.4708111711910793
679	CHEMICAL	0.2677485112633024	0.5616970147405352
6213	CHEMICAL	0.2691438559974943	0.5670998862811497
6374	CHEMICAL	0.20593535687242234	0.5721242598124913
8456	CHEMICAL	0.41678073576518465	0.6611075145857674
6999977	CHEMICAL	0.256512639778001	0.5259912099157061
