oID	descriptor	value	sigma
180	INTENSITY/STRENGTH	0.2518224034990583	0.5658956255231585
264	INTENSITY/STRENGTH	0.27999126059668406	0.6107799410820007
702	INTENSITY/STRENGTH	0.07364402285643987	0.5000583231449127
1031	INTENSITY/STRENGTH	0.08235892547028405	0.5099592294011798
3102	INTENSITY/STRENGTH	0.27918476292065214	0.5641134466443744
3314	INTENSITY/STRENGTH	0.36472041479178835	0.698544408593859
6506	INTENSITY/STRENGTH	0.1114111989736557	0.4731020671980722
6544	INTENSITY/STRENGTH	0.4263722470828465	0.6871426786695208
6561	INTENSITY/STRENGTH	0.31049404399735586	0.5782203759465899
7092	INTENSITY/STRENGTH	0.37716034054756165	0.6064937795911517
7302	INTENSITY/STRENGTH	0.42707304443631855	0.5908642411231995
7476	INTENSITY/STRENGTH	0.41973696436200825	0.6680752294404166
7559	INTENSITY/STRENGTH	0.5560410789081028	0.7119456955364772
7657	INTENSITY/STRENGTH	0.27819332267556873	0.5766193355832782
7770	INTENSITY/STRENGTH	0.5037233574049813	0.683732100895473
7793	INTENSITY/STRENGTH	0.44501169664519175	0.6443402511732919
7797	INTENSITY/STRENGTH	0.48866654293877737	0.7070800151143756
8025	INTENSITY/STRENGTH	0.1983541665332658	0.5366120295865195
8049	INTENSITY/STRENGTH	0.15138246651206697	0.532961734703609
8094	INTENSITY/STRENGTH	0.5054906691823687	0.6605533702032906
8419	INTENSITY/STRENGTH	0.48962947726249695	0.6416706698281425
8438	INTENSITY/STRENGTH	0.4590523285525186	0.606667160987854
8468	INTENSITY/STRENGTH	0.19763061191354478	0.5815829123769488
8815	INTENSITY/STRENGTH	0.29840114074093954	0.6411464554922921
8878	INTENSITY/STRENGTH	0.5804467328957149	0.7389260019574847
9012	INTENSITY/STRENGTH	0.5093384597982679	0.5482641969408307
10886	INTENSITY/STRENGTH	0.4044015663010733	0.6482088736125401
11567	INTENSITY/STRENGTH	0.5339840011937278	0.6961960622242519
12020	INTENSITY/STRENGTH	0.24072654758180892	0.6005067484719413
12265	INTENSITY/STRENGTH	0.3255820465939386	0.5959106002535138
12377	INTENSITY/STRENGTH	0.49731855733054026	0.5228811970778874
16537	INTENSITY/STRENGTH	0.3272303640842438	0.6600475992475238
17898	INTENSITY/STRENGTH	0.5615270733833313	0.5551852328436715
18467	INTENSITY/STRENGTH	0.3758751707417624	0.5003443913800376
21363	INTENSITY/STRENGTH	0.24162779322692327	0.6017875501087734
27440	INTENSITY/STRENGTH	0.5426798249994006	0.6257498179163251
31219	INTENSITY/STRENGTH	0.45857548287936617	0.7353078722953796
31276	INTENSITY/STRENGTH	0.48734615104539053	0.7063132269041879
31283	INTENSITY/STRENGTH	0.22769512236118317	0.541951596736908
60998	INTENSITY/STRENGTH	0.3987754923956735	0.7284873723983765
61523	INTENSITY/STRENGTH	0.44201489431517466	0.6974890998431614
62351	INTENSITY/STRENGTH	0.4260503947734833	0.5696474228586469
62465	INTENSITY/STRENGTH	0.4105496662003653	0.6830101183482579
251531	INTENSITY/STRENGTH	0.1707393569605691	0.5881449069295611
440917	INTENSITY/STRENGTH	0.3085507793085916	0.588984455381121
637758	INTENSITY/STRENGTH	0.47833784988948275	0.7813999993460519
1549025	INTENSITY/STRENGTH	0.18462923062699182	0.6323752318109784
2733294	INTENSITY/STRENGTH	0.6553141304424831	0.6835833958217076
5281167	INTENSITY/STRENGTH	0.5228695613997323	0.6965960945401873
5281168	INTENSITY/STRENGTH	0.5026995709964207	0.6447320921080453
5318599	INTENSITY/STRENGTH	0.7450085963521685	0.749994158744812
5352837	INTENSITY/STRENGTH	0.6361484442438398	0.7114312478474208
5364231	INTENSITY/STRENGTH	0.5071167860712323	0.6758814794676644
262	INTENSITY/STRENGTH	0.13833572821957724	0.55417229448046
323	INTENSITY/STRENGTH	0.49822457347597393	0.6440999507904053
750	INTENSITY/STRENGTH	0.11211797754679408	0.4866550053868975
753	INTENSITY/STRENGTH	0.09489748467292104	0.495298159973962
962	INTENSITY/STRENGTH	0.189164793917111	0.55842296566282
5862	INTENSITY/STRENGTH	0.19140524417161942	0.5513403500829425
5962	INTENSITY/STRENGTH	0.16943472623825073	0.5752600516591754
6274	INTENSITY/STRENGTH	0.12295029046280044	0.5025431854384286
6322	INTENSITY/STRENGTH	0.09179790211575371	0.49225769298417227
6669	INTENSITY/STRENGTH	0.1359898288335119	0.5117588724408831
7137	INTENSITY/STRENGTH	0.6759528688022068	0.8024304849760873
15654	INTENSITY/STRENGTH	0.32420296328408377	0.562612099306924
62089	INTENSITY/STRENGTH	0.4778861999511719	0.6248121346746173
853433	INTENSITY/STRENGTH	0.47936294760022846	0.7376875621931893
5371102	INTENSITY/STRENGTH	0.373684755393437	0.6695424233164106
10857465	INTENSITY/STRENGTH	0.3258246566568102	0.7669000540460859
180	VALENCE/PLEASANTNESS	0.41745902810777935	0.5609247769628253
264	VALENCE/PLEASANTNESS	0.3264933483941214	0.5294026902743748
702	VALENCE/PLEASANTNESS	0.5023819846766335	0.5769906384604317
1031	VALENCE/PLEASANTNESS	0.4963215036051614	0.5653915916170392
3102	VALENCE/PLEASANTNESS	0.4852539769240788	0.621801095349448
3314	VALENCE/PLEASANTNESS	0.6184883969170707	0.6544102345194135
6506	VALENCE/PLEASANTNESS	0.534459480217525	0.5659125873020717
6544	VALENCE/PLEASANTNESS	0.504927511726107	0.6165967753955296
6561	VALENCE/PLEASANTNESS	0.3296636811324528	0.5252948488507952
7092	VALENCE/PLEASANTNESS	0.5976395521845136	0.6182676298277718
7302	VALENCE/PLEASANTNESS	0.45903671213558744	0.6071743454251971
7476	VALENCE/PLEASANTNESS	0.6940591675894601	0.5924162779535566
7559	VALENCE/PLEASANTNESS	0.6453613468578884	0.6731858594076974
7657	VALENCE/PLEASANTNESS	0.44591151816504343	0.5988604852131435
7770	VALENCE/PLEASANTNESS	0.6364677037511554	0.5921716690063477
7793	VALENCE/PLEASANTNESS	0.6737181629453387	0.6084596770150321
7797	VALENCE/PLEASANTNESS	0.7376285535948617	0.6053100824356079
8025	VALENCE/PLEASANTNESS	0.4932137812886919	0.5720154813357762
8049	VALENCE/PLEASANTNESS	0.5542740864413125	0.5705525875091553
8094	VALENCE/PLEASANTNESS	0.3932571368558066	0.5490772553852626
8419	VALENCE/PLEASANTNESS	0.6821108375276838	0.6065384064401899
8438	VALENCE/PLEASANTNESS	0.647546546799796	0.5811938558306012
8468	VALENCE/PLEASANTNESS	0.5799520526613507	0.5888139946120126
8815	VALENCE/PLEASANTNESS	0.5930609021868024	0.6295952456338065
8878	VALENCE/PLEASANTNESS	0.7595368368285043	0.5815137539591108
9012	VALENCE/PLEASANTNESS	0.28634468785354067	0.53776787008558
10886	VALENCE/PLEASANTNESS	0.6191931877817426	0.5849463428769793
11567	VALENCE/PLEASANTNESS	0.4609520137310028	0.6299377764974322
12020	VALENCE/PLEASANTNESS	0.4683168871062143	0.5857993364334106
12265	VALENCE/PLEASANTNESS	0.4234189305986677	0.5551318952015468
12377	VALENCE/PLEASANTNESS	0.36210182309150696	0.6527220521654401
16537	VALENCE/PLEASANTNESS	0.6865750636373248	0.6016724024500165
17898	VALENCE/PLEASANTNESS	0.44550574677331106	0.6448883329119001
18467	VALENCE/PLEASANTNESS	0.5061074537890298	0.6127980095999581
21363	VALENCE/PLEASANTNESS	0.3360776688371386	0.5393935101372855
27440	VALENCE/PLEASANTNESS	0.3433814985411508	0.6023496729987008
31219	VALENCE/PLEASANTNESS	0.6900983708245414	0.6274378384862628
31276	VALENCE/PLEASANTNESS	0.6771584919520787	0.6377020563398089
31283	VALENCE/PLEASANTNESS	0.4872413660798754	0.5293811559677124
60998	VALENCE/PLEASANTNESS	0.5540981122425624	0.6621831400053841
61523	VALENCE/PLEASANTNESS	0.516648143529892	0.6248348355293274
62351	VALENCE/PLEASANTNESS	0.3753107615879604	0.5741638285773141
62465	VALENCE/PLEASANTNESS	0.5202787305627551	0.7340141194207328
251531	VALENCE/PLEASANTNESS	0.6167658567428589	0.6188112497329712
440917	VALENCE/PLEASANTNESS	0.7022444605827332	0.6431542379515511
637758	VALENCE/PLEASANTNESS	0.6480992095811027	0.6581403527941022
1549025	VALENCE/PLEASANTNESS	0.6157987458365304	0.5592016577720642
2733294	VALENCE/PLEASANTNESS	0.7065191950116839	0.6336955939020429
5281167	VALENCE/PLEASANTNESS	0.5658465198108128	0.6763133662087577
5281168	VALENCE/PLEASANTNESS	0.37940036824771334	0.5917549218450274
5318599	VALENCE/PLEASANTNESS	0.4856029195444925	0.6311208776065281
5352837	VALENCE/PLEASANTNESS	0.5738409587315151	0.6477480530738831
5364231	VALENCE/PLEASANTNESS	0.5990103312901088	0.6121698447636196
262	VALENCE/PLEASANTNESS	0.5008491064820971	0.5642771976334708
323	VALENCE/PLEASANTNESS	0.6226820349693298	0.6650456871305194
750	VALENCE/PLEASANTNESS	0.565582560641425	0.5833744066102164
753	VALENCE/PLEASANTNESS	0.5871797204017639	0.5728711826460702
962	VALENCE/PLEASANTNESS	0.49390421169144766	0.595210177557809
5862	VALENCE/PLEASANTNESS	0.48232572419302805	0.6073263883590698
5962	VALENCE/PLEASANTNESS	0.48831229976245333	0.5795202084950039
6274	VALENCE/PLEASANTNESS	0.5582931126867022	0.56280574628285
6322	VALENCE/PLEASANTNESS	0.5418023552213397	0.5268285955701556
6669	VALENCE/PLEASANTNESS	0.6458064488002232	0.5420793124607631
7137	VALENCE/PLEASANTNESS	0.7534334659576416	0.6756831237248012
15654	VALENCE/PLEASANTNESS	0.45097610354423523	0.6161471605300903
62089	VALENCE/PLEASANTNESS	0.3294047713279724	0.4882818715912955
853433	VALENCE/PLEASANTNESS	0.6708447848047528	0.6648334520203727
5371102	VALENCE/PLEASANTNESS	0.5415759256907872	0.631337583065033
10857465	VALENCE/PLEASANTNESS	0.4627035345349993	0.5955564464841571
180	BAKERY	0.05450626143387386	0.20530853739806584
264	BAKERY	0.04004675894975662	0.21994620774473464
702	BAKERY	0.08269978633948735	0.30685000334467205
1031	BAKERY	0.07325478057776179	0.275461950472423
3102	BAKERY	0.029595525935292244	0.1944302703653063
3314	BAKERY	0.211915950689997	0.5236357493059975
6506	BAKERY	0.08410340760435377	0.34619565520967754
6544	BAKERY	0.03154633167598929	0.2186226099729538
6561	BAKERY	0.04560901863234384	0.19609711851392472
7092	BAKERY	0.16524302746568406	0.4345341537679945
7302	BAKERY	0.11917268484830856	0.3608664699963161
7476	BAKERY	0.1768609540803092	0.4240852381501879
7559	BAKERY	0.0349729915282556	0.26703675942761557
7657	BAKERY	0.04149619968874114	0.16114227580172674
7770	BAKERY	0.09586121993405479	0.34018541659627644
7793	BAKERY	0.1097097886460168	0.26333091088703703
7797	BAKERY	0.10971536380904061	0.3557261654308864
8025	BAKERY	0.09275106500302042	0.2811289301940373
8049	BAKERY	0.06402156874537468	0.30115169286727905
8094	BAKERY	0.036487791421157975	0.1957810457263674
8419	BAKERY	0.3172894929136549	0.6417762211390904
8438	BAKERY	0.265787810087204	0.5647443532943726
8468	BAKERY	0.15252339094877243	0.44646188616752625
8815	BAKERY	0.16286986214773996	0.44317905391965595
8878	BAKERY	0.12490577570029668	0.3891963107245309
9012	BAKERY	0.03264227615935462	0.266457200050354
10886	BAKERY	0.06873282896620887	0.3010454901627132
11567	BAKERY	0.0498672468321664	0.2392590343952179
12020	BAKERY	0.06153958184378488	0.23064418988568441
12265	BAKERY	0.0684818449829306	0.2659993725163596
12377	BAKERY	0.05635309325797217	0.27550154498645235
16537	BAKERY	0.0816078292472022	0.263655315552439
17898	BAKERY	0.1771431267261505	0.493020841053554
18467	BAKERY	0.1790522336959839	0.44867255432265146
21363	BAKERY	0.017137707876307622	0.1984246266739709
27440	BAKERY	0.07257068370069776	0.31284983243261066
31219	BAKERY	0.05620802885719708	0.2950915055615561
31276	BAKERY	0.0828164302344833	0.309136050088065
31283	BAKERY	0.0664336553641728	0.2588829611028944
60998	BAKERY	0.06603830360940524	0.2807108057396753
61523	BAKERY	0.05334037223032543	0.17318778804370336
62351	BAKERY	0.07545737496444158	0.3245982272284372
62465	BAKERY	0.17243034499032156	0.5027000308036804
251531	BAKERY	0.0728717999798911	0.22196383561406816
440917	BAKERY	0.03150741330214909	0.16087989189795085
637758	BAKERY	0.15021682317767823	0.4442669323512486
1549025	BAKERY	0.10483029059001378	0.26815309056213926
2733294	BAKERY	0.07824571058154106	0.33113859380994526
5281167	BAKERY	0.051003272246037214	0.28054557953562054
5281168	BAKERY	0.0232367640627282	0.1664309480360576
5318599	BAKERY	0.028735711372324398	0.1749210368309702
5352837	BAKERY	0.058437367635113854	0.25324986236436026
5364231	BAKERY	0.04439096099564007	0.2522461882659367
262	BAKERY	0.05058243657861437	0.22329887322017125
323	BAKERY	0.1994576688323702	0.518609323671886
750	BAKERY	0.13146035745739937	0.39528326051575796
753	BAKERY	0.10331694249595914	0.3334497553961618
962	BAKERY	0.04885324835777283	0.22630720479147776
5862	BAKERY	0.13138654402324132	0.4305987741265978
5962	BAKERY	0.09563794093472618	0.3438555768557957
6274	BAKERY	0.07952352187463216	0.3207603565284184
6322	BAKERY	0.07509047325168337	0.2986317617552621
6669	BAKERY	0.09800238162279129	0.3479329688208444
7137	BAKERY	0.3481517178671701	0.7296343956674848
15654	BAKERY	0.16711181189332688	0.48755283866609844
62089	BAKERY	0.032988328486680984	0.17597077574048722
853433	BAKERY	0.2737895952803748	0.6047067046165466
5371102	BAKERY	0.03754839274500098	0.18207615188189916
10857465	BAKERY	0.005447252254400935	0.2570366071803229
180	SWEET	0.09095815143414906	0.30469126786504475
264	SWEET	0.0761206006365163	0.2974365396159036
702	SWEET	0.13450967520475388	0.38396734424999784
1031	SWEET	0.14328144703592574	0.4202265441417694
3102	SWEET	0.14897803110735758	0.5092217198440007
3314	SWEET	0.32565239923340933	0.6326670391219003
6506	SWEET	0.16590346608843123	0.47469236169542584
6544	SWEET	0.15911995193787984	0.5011693409511021
6561	SWEET	0.06633445833410535	0.2713329238551004
7092	SWEET	0.33058707628931316	0.6494451590946743
7302	SWEET	0.14126689732074738	0.42997248257909504
7476	SWEET	0.43117839097976685	0.7854064958436149
7559	SWEET	0.3551428701196398	0.7537274701254708
7657	SWEET	0.11562008304255349	0.4360911420413426
7770	SWEET	0.44953777534621103	0.7439728379249573
7793	SWEET	0.34281391331127714	0.6409580111503601
7797	SWEET	0.5097238932337079	0.7939130578722272
8025	SWEET	0.1670394433396203	0.4572705456188747
8049	SWEET	0.21247732852186477	0.5627391976969582
8094	SWEET	0.10694789247853416	0.31462798374039785
8419	SWEET	0.4571955033711025	0.7757351909364972
8438	SWEET	0.4157973527908325	0.7356579729488918
8468	SWEET	0.246167853474617	0.5670320561953953
8815	SWEET	0.26599430612155367	0.5689644047192165
8878	SWEET	0.5757874931607928	0.8205888271331787
9012	SWEET	0.03006815324936594	0.16533186818872178
10886	SWEET	0.3762830836432321	0.6737541045461383
11567	SWEET	0.11798405168311936	0.4524695404938289
12020	SWEET	0.1420339239495141	0.43337311489241465
12265	SWEET	0.12357707374862262	0.3914421626499721
12377	SWEET	0.11114194723112243	0.17512318385498865
16537	SWEET	0.3219687981264932	0.6897956473486764
17898	SWEET	0.13833237758704595	0.5018450617790222
18467	SWEET	0.17081872906003678	0.46937523995126995
21363	SWEET	0.07382827305368014	0.310119024344853
27440	SWEET	0.08958308611597333	0.3642007453101022
31219	SWEET	0.4189177453517914	0.7964949692998614
31276	SWEET	0.4224198801176889	0.7812502724783761
31283	SWEET	0.15581973429237092	0.43591674310820444
60998	SWEET	0.25396024116447996	0.6627262575285775
61523	SWEET	0.18383183436734335	0.48108047246932983
62351	SWEET	0.09943503992898124	0.3157570106642587
62465	SWEET	0.14570002257823944	0.4784847114767347
251531	SWEET	0.23296430919851577	0.5971978562218803
440917	SWEET	0.264447101524898	0.5876604063170296
637758	SWEET	0.4212572617190225	0.7776018040520805
1549025	SWEET	0.26375208156449453	0.5699104411261422
2733294	SWEET	0.4551207721233368	0.7578683154923576
5281167	SWEET	0.2185979038476944	0.5623419199671064
5281168	SWEET	0.09761195523398263	0.3197306990623474
5318599	SWEET	0.17015546986034938	0.46359315514564514
5352837	SWEET	0.24369771352836064	0.5678862929344177
5364231	SWEET	0.23010112345218658	0.5439811306340354
262	SWEET	0.14333540839808329	0.4261006542614528
323	SWEET	0.38532768402780804	0.7511848892484393
750	SWEET	0.21238396210329874	0.5182847891535077
753	SWEET	0.20779650339058467	0.511368636574064
962	SWEET	0.1630315865789141	0.47134271264076233
5862	SWEET	0.14941786602139473	0.43198738779340473
5962	SWEET	0.13406398679528916	0.4317837357521057
6274	SWEET	0.16723098925181798	0.4468445863042559
6322	SWEET	0.1583059025662286	0.42649636949811665
6669	SWEET	0.27228081439222607	0.6033433420317513
7137	SWEET	0.5755140100206647	0.8831820317677089
15654	SWEET	0.11346326449087688	0.4077896646090916
62089	SWEET	0.05846170362617288	0.22043890399592264
853433	SWEET	0.4118389700140272	0.7375979423522949
5371102	SWEET	0.16506740663732802	0.5103080102375576
10857465	SWEET	0.2348463237285614	0.5327114760875702
180	FRUIT	0.02493065143270152	0.11143446394375392
264	FRUIT	0.047899436205625534	0.14162739366292953
702	FRUIT	0.046022034383245876	0.11878283960478646
1031	FRUIT	0.06310698443225451	0.16477157175540924
3102	FRUIT	0.05444902341280665	0.26232536137104034
3314	FRUIT	0.08906705251761846	0.2698496069226946
6506	FRUIT	0.07460204112742629	0.19451982634408133
6544	FRUIT	0.1022824879203524	0.3306814304419926
6561	FRUIT	0.01359917436327253	0.10624714621475764
7092	FRUIT	0.13816245751721518	0.34152999946049284
7302	FRUIT	0.03539360261389187	0.13282207718917302
7476	FRUIT	0.22545085847377777	0.4722765939576285
7559	FRUIT	0.28769867973668234	0.5548247439520699
7657	FRUIT	0.028463322669267654	0.1920826073203768
7770	FRUIT	0.41122729011944364	0.6058871660913739
7793	FRUIT	0.20461327476160868	0.41739250080926077
7797	FRUIT	0.5219387539795467	0.7494601607322693
8025	FRUIT	0.0733526987688882	0.1996656826564244
8049	FRUIT	0.13829365159784043	0.30570740572043825
8094	FRUIT	0.0970594095332282	0.21952640052352632
8419	FRUIT	0.13453870373112814	0.37950046573366436
8438	FRUIT	0.13999842213732855	0.36994544523102896
8468	FRUIT	0.058291254831211906	0.22225938524518693
8815	FRUIT	0.09341034506048475	0.29100096225738525
8878	FRUIT	0.5924091850008283	0.7802332554544721
9012	FRUIT	0.03374876241598811	0.08079772282923971
10886	FRUIT	0.3500048965215683	0.5510022640228271
11567	FRUIT	0.048737148355160444	0.22093179183346884
12020	FRUIT	0.07937906363180705	0.22937025555542537
12265	FRUIT	0.031495606526732445	0.1296454252941268
12377	FRUIT	0.06513437628746033	0.13161820599011012
16537	FRUIT	0.23877923829214914	0.5375961065292358
17898	FRUIT	0.019468401159558977	0.097908082817282
18467	FRUIT	0.04512708740574973	0.10587189772299357
21363	FRUIT	0.027671159112027714	0.13802217266389302
27440	FRUIT	0.04129150190523693	0.14715370535850525
31219	FRUIT	0.3331059345177242	0.6095797078950065
31276	FRUIT	0.3382729930537088	0.6115046058382306
31283	FRUIT	0.10545458910720688	0.23384384385177068
60998	FRUIT	0.14503157564571925	0.3954283041613443
61523	FRUIT	0.08894963881799153	0.2802807071379253
62351	FRUIT	0.08768630772829056	0.16359132954052516
62465	FRUIT	0.012179130156125342	0.07376193361622947
251531	FRUIT	0.05039609995271478	0.2682055277483804
440917	FRUIT	0.1501505651644298	0.4802081159182957
637758	FRUIT	0.2516293227672577	0.5297764454569135
1549025	FRUIT	0.17929957594190324	0.38960741673197063
2733294	FRUIT	0.5674820670059749	0.7739980901990619
5281167	FRUIT	0.24895834071295603	0.5109769829681942
5281168	FRUIT	0.11587003937789372	0.26409646017210825
5318599	FRUIT	0.20909775580678666	0.4257246596472604
5352837	FRUIT	0.29162578710487913	0.5470838163580213
5364231	FRUIT	0.2631688714027405	0.5386177386556353
262	FRUIT	0.06413064577749797	0.19705480762890407
323	FRUIT	0.1526904978922435	0.39285923753465923
750	FRUIT	0.07277261572224754	0.1855033529656274
753	FRUIT	0.07130033363189016	0.2024537112031664
962	FRUIT	0.058777118367808204	0.2128295132092067
5862	FRUIT	0.05238453857600689	0.13886689501149313
5962	FRUIT	0.055477206728288105	0.1485408991575241
6274	FRUIT	0.05174773346100535	0.14870531005518778
6322	FRUIT	0.056582597749573846	0.15452431568077632
6669	FRUIT	0.08881664967962674	0.22815332881041936
7137	FRUIT	0.21075305661984853	0.4572733981268747
15654	FRUIT	0.019020801676171168	0.06983539249215807
62089	FRUIT	0.04993019492498466	0.1251674528632845
853433	FRUIT	0.11644049148474421	0.3353418707847595
5371102	FRUIT	0.056765303547893255	0.27372906250613077
10857465	FRUIT	0.13776311491216933	0.3064115707363401
180	FISH	0.07688025438359805	0.18958328451429093
264	FISH	0.11041660713297981	0.24429665505886078
702	FISH	0.10891822619097573	0.2213053618158613
1031	FISH	0.07966888802392143	0.17200861871242523
3102	FISH	0.03448472757424627	0.10097814138446536
3314	FISH	0.04908384835081441	0.15481487022978918
6506	FISH	0.06676590974841799	0.14416094762938364
6544	FISH	0.041465782693454196	0.1431120985320636
6561	FISH	0.08169958953346525	0.19311991333961487
7092	FISH	0.017995284404605627	0.08519316677536283
7302	FISH	0.07718851523739952	0.16644807479211263
7476	FISH	0.015598722733557224	0.07974561303853989
7559	FISH	0.03727200401148626	0.07654380000063352
7657	FISH	0.07650133169123105	0.19427754836423056
7770	FISH	0.03555863510285105	0.07464697850602013
7793	FISH	0.01952656252043588	0.037670034649116654
7797	FISH	0.016293568835992898	0.029670051165989468
8025	FISH	0.07020095735788345	0.16837649792432785
8049	FISH	0.04786442379866328	0.09569525292941503
8094	FISH	0.0667634829878807	0.1384086651461465
8419	FISH	0.02803036557244403	0.12724338684763228
8438	FISH	0.03157987249349909	0.11473774377788816
8468	FISH	0.05852804758719036	0.1264593122260911
8815	FISH	0.05811309388705662	0.16434802114963531
8878	FISH	0.014310435221497235	0.021079801422144686
9012	FISH	0.31681549549102783	0.5217170332159314
10886	FISH	0.0411226036293166	0.07745144941977092
11567	FISH	0.05117720046213695	0.08921931790454048
12020	FISH	0.05036553501018456	0.14465425269944326
12265	FISH	0.07660075010997909	0.22091429574148996
12377	FISH	0.39091900416782926	0.5691514781543187
16537	FISH	0.006687606585079006	0.03247498335050685
17898	FISH	0.10536165482231549	0.24393098056316376
18467	FISH	0.08023734710046224	0.21428225295884268
21363	FISH	0.07563340717128345	0.1822069819484438
27440	FISH	0.2174681637968336	0.35666970695768085
31219	FISH	0.008441922421168004	0.046777338321719854
31276	FISH	0.009815444604360632	0.04109842050820589
31283	FISH	0.06291595394057888	0.12988358629601343
60998	FISH	0.05569063499569893	0.10896220058202744
61523	FISH	0.09479920566082001	0.178984101329531
62351	FISH	0.25197669863700867	0.4224424660205841
62465	FISH	0.07863951687301908	0.18346707948616572
251531	FISH	0.007681653834879398	0.060481990953641276
440917	FISH	0.006844060196142111	-0.03289735729673079
637758	FISH	0.009597179845773749	0.0631726708795343
1549025	FISH	0.05677807916487966	0.09765505152089256
2733294	FISH	0.016583248607016036	0.030856833261038576
5281167	FISH	0.05033253612262862	0.14119209136281693
5281168	FISH	0.13122418416397913	0.26651638959135326
5318599	FISH	0.04211966400699956	0.12438817535127912
5352837	FISH	0.048235819808074405	0.11174235280070986
5364231	FISH	0.016193942532741597	0.052420543772833686
262	FISH	0.05485227704048157	0.11751833451645714
323	FISH	0.008030916697212629	0.06317210303885597
750	FISH	0.05555509802486215	0.11169846143041338
753	FISH	0.05603114089795521	0.11679852541003909
962	FISH	0.02898307384124824	0.061418717460972924
5862	FISH	0.1477425822189876	0.25965676988874165
5962	FISH	0.10705571621656418	0.17335412970611028
6274	FISH	0.0633950305304357	0.11340857829366412
6322	FISH	0.07699523493647575	0.12156866171530314
6669	FISH	0.03472956536071641	0.08273489081433841
7137	FISH	0.029937077845845903	0.1343848087957927
15654	FISH	0.13743125647306442	0.26427050147737774
62089	FISH	0.0838485418685845	0.16208678696836745
853433	FISH	0.031046682968735695	0.11833670628922326
5371102	FISH	0.024488891208810464	0.1165642546755927
10857465	FISH	0.05930049318288054	0.12908642206873214
180	GARLIC	0.10753307385104043	0.2704479971102306
264	GARLIC	0.10839094008718218	0.2840228421347482
702	GARLIC	0.12406639967645917	0.32444676756858826
1031	GARLIC	0.08952292374202184	0.2700714383806501
3102	GARLIC	0.04268419423273632	0.13636803201266698
3314	GARLIC	0.05656142213514873	0.17982009478977748
6506	GARLIC	0.07090254606945175	0.22596801817417145
6544	GARLIC	0.02082130978150027	0.1551965730530875
6561	GARLIC	0.0955722885472434	0.255267607314246
7092	GARLIC	0.03920259752443859	0.14506867953709193
7302	GARLIC	0.10563463079077857	0.24029921846730368
7476	GARLIC	0.02495028424475874	0.11486599168607167
7559	GARLIC	-0.007018917905432838	0.07548554401312556
7657	GARLIC	0.04891845716961792	0.19809873827866145
7770	GARLIC	0.026093384916228906	0.09411099446671349
7793	GARLIC	0.004382146788494927	0.09016410793576922
7797	GARLIC	0.007785315758415631	0.08008586748370103
8025	GARLIC	0.09278352984360286	0.2644560251917158
8049	GARLIC	0.05036241986921856	0.18060570742402757
8094	GARLIC	0.08426602291209358	0.20813352082456862
8419	GARLIC	0.037096704223326275	0.1532181394951684
8438	GARLIC	0.04083537523235593	0.15372160715716227
8468	GARLIC	0.05769918034119265	0.19950216582843236
8815	GARLIC	0.0945607918713774	0.21977625148636953
8878	GARLIC	-2.4367389934403555e-05	0.0535980545516525
9012	GARLIC	0.2869895483766283	0.4446536898612976
10886	GARLIC	0.04254020590867315	0.13485729694366455
11567	GARLIC	0.040293918390359194	0.11457727210862297
12020	GARLIC	0.06379148470503944	0.2056586401803153
12265	GARLIC	0.06324427255562373	0.2081527497087206
12377	GARLIC	0.5887335538864136	0.6761445147650582
16537	GARLIC	0.04848818640623774	0.12117097526788712
17898	GARLIC	0.08291623102767127	0.24360840448311397
18467	GARLIC	0.09738869752202715	0.2550300189426967
21363	GARLIC	0.06161124472107206	0.21522657998970576
27440	GARLIC	0.15597660626683915	0.31650919147900175
31219	GARLIC	-0.00017151808632271632	0.059247859354530065
31276	GARLIC	0.02529437973030976	0.08122301580650466
31283	GARLIC	0.061592232169849534	0.2099149227142334
60998	GARLIC	0.021174109673925808	0.13420352126870835
61523	GARLIC	0.029920193499752452	0.16650693118572235
62351	GARLIC	0.2458146789244243	0.4116941434996469
62465	GARLIC	0.0587007182517222	0.1834510543516704
251531	GARLIC	0.040997271559068134	0.13150834079299653
440917	GARLIC	0.08992007507809571	0.10480586758681706
637758	GARLIC	0.018852912687829564	0.09439380839467049
1549025	GARLIC	0.03378818689712456	0.16264311969280243
2733294	GARLIC	-0.0005071684718132019	0.06941151379474572
5281167	GARLIC	0.051475701321448596	0.1566186717578343
5281168	GARLIC	0.09915835410356522	0.2520358370883124
5318599	GARLIC	0.0031834526785782407	0.12309948993580681
5352837	GARLIC	0.01380903912442071	0.12363754957914352
5364231	GARLIC	-0.0005252300096409661	0.08817867775048528
262	GARLIC	0.05564432591199875	0.20053798173155105
323	GARLIC	0.030971374096614972	0.10977524412529809
750	GARLIC	0.0709792013679232	0.23867588383810862
753	GARLIC	0.07217254862189293	0.21970446620668685
962	GARLIC	0.034522278766546934	0.1472461840936116
5862	GARLIC	0.15626378463847296	0.33724493214062284
5962	GARLIC	0.06992616078683309	0.22485140817505972
6274	GARLIC	0.05503767303058079	0.19440428699765885
6322	GARLIC	0.04755275244159358	0.19119844692093985
6669	GARLIC	0.028258588165044785	0.13702721680913652
7137	GARLIC	0.022146338064755713	0.12441997123616082
15654	GARLIC	0.1344767255442483	0.29904898575374056
62089	GARLIC	0.10180334214653287	0.24130551091262273
853433	GARLIC	0.04579562108431544	0.15016462334564754
5371102	GARLIC	0.0465828680566379	0.1492553832275527
10857465	GARLIC	0.020737737949405397	0.09664653614163399
180	SPICES	0.17257766744920186	0.4056589220251356
264	SPICES	0.12609468294041498	0.3458678850105831
702	SPICES	0.20442321257931845	0.4373323236192976
1031	SPICES	0.15444886471543992	0.3832584874970572
3102	SPICES	0.14104307230029786	0.3320629894733429
3314	SPICES	0.37983426451683044	0.6544937065669468
6506	SPICES	0.1870960614510945	0.39634465319769724
6544	SPICES	0.24321231884615763	0.48903362665857586
6561	SPICES	0.1300879099539348	0.34779065421649386
7092	SPICES	0.2516371501343591	0.512463275875364
7302	SPICES	0.2318956596510751	0.451240211725235
7476	SPICES	0.1627284905740193	0.41072042073522297
7559	SPICES	0.12383809792143959	0.3454168566635677
7657	SPICES	0.1303216272166797	0.3237453613962446
7770	SPICES	0.1055493216429438	0.31920852831431795
7793	SPICES	0.1348988882132939	0.3352278939315251
7797	SPICES	0.09804899245500565	0.3458339742251805
8025	SPICES	0.16903092179979598	0.38416595118386404
8049	SPICES	0.12665573613984243	0.354983457497188
8094	SPICES	0.14558036412511552	0.3550226645810263
8419	SPICES	0.22307333988802774	0.49290344970566885
8438	SPICES	0.18635056274277823	0.4414169830935342
8468	SPICES	0.2515661099127361	0.4867933860846928
8815	SPICES	0.3710804411343166	0.6200008818081447
8878	SPICES	0.1121350537453379	0.36497074365615845
9012	SPICES	0.2688443639448711	0.5127928597586495
10886	SPICES	0.11877693555184773	0.3422475755214691
11567	SPICES	0.1515441866857665	0.38386152046067373
12020	SPICES	0.1372184849211148	0.36579338141850065
12265	SPICES	0.08888857864907809	0.32192791785512653
12377	SPICES	0.4095257520675659	0.6376310842377799
16537	SPICES	0.18780087573187693	0.4155759598527636
17898	SPICES	0.17740688579423086	0.3817406381879534
18467	SPICES	0.19868111397538865	0.40593871048518587
21363	SPICES	0.11986020633152553	0.3400609919003078
27440	SPICES	0.19102708782468522	0.3945829229695456
31219	SPICES	0.12259533256292343	0.37452551296779085
31276	SPICES	0.1311507129243442	0.35265766297067913
31283	SPICES	0.09416568598576955	0.3163443761212485
60998	SPICES	0.15064705163240433	0.3846965304442814
61523	SPICES	0.14920408810888017	0.3578175050871713
62351	SPICES	0.2469826958009175	0.4710659810474941
62465	SPICES	0.46034382922308786	0.7079770565032959
251531	SPICES	0.12117248347827367	0.34085082156317575
440917	SPICES	0.25897363892623354	0.4584824740886688
637758	SPICES	0.1879919937678746	0.42966396468026297
1549025	SPICES	0.10946056459631238	0.2667170315980911
2733294	SPICES	0.08871321912322726	0.30188063851424624
5281167	SPICES	0.20030314794608525	0.4089277982711792
5281168	SPICES	0.1508046399269785	0.3558209751333509
5318599	SPICES	0.09846966926540647	0.32675514050892424
5352837	SPICES	0.11956528574228287	0.3494658214705331
5364231	SPICES	0.14018730180604116	0.3560365268162319
262	SPICES	0.11786157637834549	0.3459770381450653
323	SPICES	0.22304695631776536	0.4918271814073835
750	SPICES	0.18926393134253366	0.4128355554171971
753	SPICES	0.1891278475522995	0.40677658149174284
962	SPICES	0.15361998123782022	0.38224553210394724
5862	SPICES	0.20729951560497284	0.4367674631731851
5962	SPICES	0.15080506673880986	0.37288503987448557
6274	SPICES	0.19618530997208186	0.3932991325855255
6322	SPICES	0.14448668914181845	0.33793159893580843
6669	SPICES	0.11749823817184993	0.3676872508866446
7137	SPICES	0.38331837739263264	0.6686416949544635
15654	SPICES	0.23434014192649297	0.4421985277107784
62089	SPICES	0.14920765587261745	0.36249918171337675
853433	SPICES	0.3724358720438821	0.6575058102607727
5371102	SPICES	0.24367392276014602	0.483974495104381
10857465	SPICES	0.17753552539008005	0.4616430103778839
180	COLD	0.26248125093323843	0.4578551820346287
264	COLD	0.16868519570146287	0.3278086142880576
702	COLD	0.21167170788560594	0.365473278931209
1031	COLD	0.2194167354277202	0.37918149147714886
3102	COLD	0.3074291774204799	0.5226630313055856
3314	COLD	0.18809428811073303	0.4180510469845363
6506	COLD	0.24114063382148743	0.4094257354736328
6544	COLD	0.3455509713717869	0.5187844932079315
6561	COLD	0.19857544345515116	0.3845281856400626
7092	COLD	0.2545186685664313	0.4682601605142866
7302	COLD	0.259743190237454	0.43449326498167856
7476	COLD	0.228923356958798	0.456035030739648
7559	COLD	0.31107307757650104	0.5160770075661796
7657	COLD	0.23720758301871164	0.4244442411831447
7770	COLD	0.26530169589178904	0.4645357259682247
7793	COLD	0.2521863728761673	0.46583988836833407
7797	COLD	0.2552226994718824	0.46320295333862305
8025	COLD	0.19639830078397477	0.3585479472364698
8049	COLD	0.26693535276821684	0.4481883389609201
8094	COLD	0.20885000271456583	0.41188185129846844
8419	COLD	0.1686062514781952	0.3946557215281895
8438	COLD	0.18683930592877523	0.39517525689942495
8468	COLD	0.2304207001413618	0.42969526989119394
8815	COLD	0.22009015934807913	0.43450868129730225
8878	COLD	0.2633749523333141	0.47409471443721224
9012	COLD	0.14350556582212448	0.259576678276062
10886	COLD	0.25631516533238546	0.4420699690069471
11567	COLD	0.4468975237437657	0.6090309279305595
12020	COLD	0.26217336314065115	0.46554113711629597
12265	COLD	0.26662556188447134	0.4629465639591217
12377	COLD	0.16855013583387649	0.36688048924718586
16537	COLD	0.3470256286008017	0.5512590493474688
17898	COLD	0.20103284929479873	0.4008744699614389
18467	COLD	0.21102412896496908	0.40671354106494356
21363	COLD	0.20096270740032196	0.36031668526785715
27440	COLD	0.1740068942308426	0.3480420410633087
31219	COLD	0.30821019411087036	0.5219514071941376
31276	COLD	0.33078037415231976	0.5262356655938285
31283	COLD	0.20414254707949503	0.3769675833838327
60998	COLD	0.2364443072250911	0.4432491532393864
61523	COLD	0.21284022075789316	0.4191110985619681
62351	COLD	0.13833066608224595	0.28108776254313333
62465	COLD	0.20393777319363185	0.4554928924356188
251531	COLD	0.244004596556936	0.45109509570258005
440917	COLD	0.6595138992582049	0.8866396546363831
637758	COLD	0.23753012716770172	0.4534873238631657
1549025	COLD	0.19826889889580862	0.3499504029750824
2733294	COLD	0.2509492358991078	0.4628987056868417
5281167	COLD	0.24357988578932627	0.4715387097426823
5281168	COLD	0.19569572380610875	0.3843079592500414
5318599	COLD	0.27785262039729525	0.5040349619729179
5352837	COLD	0.2611007733004434	0.48762183104242596
5364231	COLD	0.2881024990762983	0.5247485509940556
262	COLD	0.3286923382963453	0.516413369349071
323	COLD	0.2842097835881369	0.5000685666288648
750	COLD	0.24661255947181157	0.43432014754840303
753	COLD	0.3060394355228969	0.48704042179243906
962	COLD	0.34180464914866854	0.5337219323430743
5862	COLD	0.17643735238483974	0.32156566636902945
5962	COLD	0.16794617686952865	0.3618667721748352
6274	COLD	0.29547958076000214	0.47129237226077486
6322	COLD	0.2526309447629111	0.428250572511128
6669	COLD	0.31052254353250774	0.45714933957372395
7137	COLD	0.1593570208975247	0.3853363309587751
15654	COLD	0.14552341933761323	0.3312060960701534
62089	COLD	0.19421581072466715	0.391323127916881
853433	COLD	0.18470823551927293	0.43108929480825153
5371102	COLD	0.32003843784332275	0.5312384537288121
10857465	COLD	0.2931639041219439	0.46797761746815275
180	SOUR	0.320951338325228	0.5534822046756744
264	SOUR	0.5425158483641488	0.6987642986433846
702	SOUR	0.3218653202056885	0.5460856642041888
1031	SOUR	0.3132937124797276	0.5184044710227421
3102	SOUR	0.22300819626876286	0.42598084041050505
3314	SOUR	0.1842967335666929	0.39078350152288166
6506	SOUR	0.2758311309984752	0.4922829738685063
6544	SOUR	0.27596295305660795	0.4767096681254251
6561	SOUR	0.4357172463621412	0.6444153870855059
7092	SOUR	0.17071981940950667	0.3652017286845616
7302	SOUR	0.2704807903085436	0.5002575814723969
7476	SOUR	0.16353505211217062	0.3685093607221331
7559	SOUR	0.18351258763245173	0.3943690615040915
7657	SOUR	0.2912006846496037	0.5111768926892962
7770	SOUR	0.2814524258886065	0.5048893051488059
7793	SOUR	0.15144446705068862	0.40784464137894766
7797	SOUR	0.19901907018252782	0.4308549634047917
8025	SOUR	0.3178809072290148	0.5364796093532017
8049	SOUR	0.25577921313898905	0.44452814544950214
8094	SOUR	0.3531694369656699	0.5541800090244838
8419	SOUR	0.154544574873788	0.37479819996016367
8438	SOUR	0.13948521550212586	0.3439825645514897
8468	SOUR	0.21556119195052556	0.3960626082760947
8815	SOUR	0.202478894165584	0.42747980781963896
8878	SOUR	0.18717451393604279	0.4343002310820988
9012	SOUR	0.3271471730300358	0.6029372555868966
10886	SOUR	0.23931718936988286	0.4575810134410858
11567	SOUR	0.18645265059811728	0.4238984840256827
12020	SOUR	0.2469651507479804	0.4654669889381954
12265	SOUR	0.22844006334032332	0.45613166264125277
12377	SOUR	0.3654449496950422	0.6942017163549151
16537	SOUR	0.22835574405533926	0.44697471601622446
17898	SOUR	0.26358125465256826	0.5151172365461077
18467	SOUR	0.23249317705631256	0.4725339582988194
21363	SOUR	0.46168939556394306	0.6316593289375305
27440	SOUR	0.34349418537957327	0.586667673928397
31219	SOUR	0.1752789467573166	0.40948712825775146
31276	SOUR	0.1838291436433792	0.37387402994292124
31283	SOUR	0.25206951584134785	0.44759228825569153
60998	SOUR	0.25458284999643055	0.475689240864345
61523	SOUR	0.2670856501374926	0.5198118431227547
62351	SOUR	0.31987067205565317	0.5875264491353717
62465	SOUR	0.16575130820274353	0.39280763268470764
251531	SOUR	0.20500198432377406	0.4046779785837446
440917	SOUR	0.2371011312518801	0.465726443699428
637758	SOUR	0.21267192278589522	0.40654562626566204
1549025	SOUR	0.2578482585293906	0.44649021540369305
2733294	SOUR	0.20993619305746897	0.46855946098055157
5281167	SOUR	0.2829943980489458	0.5063296641622271
5281168	SOUR	0.4160908375467573	0.6369660922459194
5318599	SOUR	0.2879020039524351	0.5141538637025016
5352837	SOUR	0.26893018398966106	0.5017406216689518
5364231	SOUR	0.23010609405381338	0.4510981781142099
262	SOUR	0.24268186943871634	0.45376146691186087
323	SOUR	0.13395068794488907	0.3302003102643149
750	SOUR	0.24747017238821303	0.46450938497270855
753	SOUR	0.24110010266304016	0.44617971777915955
962	SOUR	0.23302264937332698	0.4361756316253117
5862	SOUR	0.28086279545511517	0.5259429344109127
5962	SOUR	0.2925688113485064	0.5107721984386444
6274	SOUR	0.26209317999226706	0.4756410079342978
6322	SOUR	0.2758250002350126	0.4736910845552172
6669	SOUR	0.24663982008184707	0.3702474321637835
7137	SOUR	0.15204145865780966	0.36435537678854807
15654	SOUR	0.24049280370984757	0.4995602922780173
62089	SOUR	0.3924873002937862	0.605331037725721
853433	SOUR	0.15113474428653717	0.3570047361510141
5371102	SOUR	0.19679521875722067	0.42842062030519756
10857465	SOUR	0.31087360211781095	0.5846867901938302
180	BURNT	0.11657347530126572	0.38819311772074017
264	BURNT	0.09202876367739268	0.3684133631842477
702	BURNT	0.09683103327240263	0.3550490736961365
1031	BURNT	0.07461188094956535	0.3028078249522618
3102	BURNT	0.08852262848189899	0.3162149020603725
3314	BURNT	0.13322368264198303	0.41844941462789265
6506	BURNT	0.1369408177477973	0.4029146730899811
6544	BURNT	0.0508473456970283	0.28516614862850737
6561	BURNT	0.13864202158791677	0.4314907193183899
7092	BURNT	0.07809121214917727	0.3105925704751696
7302	BURNT	0.1991838323218482	0.4879561534949711
7476	BURNT	0.059296020439692905	0.2509809413126537
7559	BURNT	0.059181412415845056	0.2255092135497502
7657	BURNT	0.11164895232234683	0.37180279408182415
7770	BURNT	0.05166616077933993	0.18350553938320704
7793	BURNT	0.08456876980406898	0.3139829465321132
7797	BURNT	0.058452559901135306	0.20877210370131902
8025	BURNT	0.08385263489825386	0.3329013798918043
8049	BURNT	0.12103040090629033	0.36909441011292593
8094	BURNT	0.15375659508364542	0.4585533397538321
8419	BURNT	0.11280307386602674	0.37934134687696186
8438	BURNT	0.09119474568537303	0.3359335618359702
8468	BURNT	0.13825317472219467	0.39843678048678804
8815	BURNT	0.09506402377571378	0.33972143275397165
8878	BURNT	0.06831514995012965	0.20873458683490753
9012	BURNT	0.30933028033801485	0.6176990015166146
10886	BURNT	0.0645295184637819	0.24399822524615697
11567	BURNT	0.13015296310186386	0.3810358132634844
12020	BURNT	0.08236491893018995	0.3088140913418361
12265	BURNT	0.12554945903165	0.38232141733169556
12377	BURNT	0.13281642964908055	0.47428880419049946
16537	BURNT	0.029661440157464573	0.20411425828933716
17898	BURNT	0.2852195075580052	0.6489642773355756
18467	BURNT	0.2064630091190338	0.5298102072307042
21363	BURNT	0.11619082625423159	0.3720513880252838
27440	BURNT	0.25943274796009064	0.596734174660274
31219	BURNT	0.05623659012573106	0.21576104206698282
31276	BURNT	0.043500022164412906	0.19443142201219285
31283	BURNT	0.14102405628987721	0.40703039935656954
60998	BURNT	0.09583782085350581	0.31370724524770466
61523	BURNT	0.13048710354736873	0.39111003279685974
62351	BURNT	0.2532856379236494	0.5388780534267426
62465	BURNT	0.28045799476759775	0.6595240320478167
251531	BURNT	0.07403153021420751	0.2831135221890041
440917	BURNT	0.02853450764502798	0.21636912652424403
637758	BURNT	0.06814755925110408	0.2057116095508848
1549025	BURNT	0.09251321107149124	0.35209196380206514
2733294	BURNT	0.06329693592020444	0.23959497043064662
5281167	BURNT	0.08816940018108912	0.34127809745924814
5281168	BURNT	0.12769765406847	0.436916036265237
5318599	BURNT	0.12184798504625048	0.4194323548248836
5352837	BURNT	0.08205102596964155	0.33329168813569204
5364231	BURNT	0.07972597224371773	0.29634243888514383
262	BURNT	0.082342051501785	0.30745389631816317
323	BURNT	0.09703956544399261	0.3084959387779236
750	BURNT	0.1385804691484996	0.3813850368772234
753	BURNT	0.1124205504144941	0.34894394874572754
962	BURNT	0.10432493048054832	0.3655839945588793
5862	BURNT	0.22230300520147597	0.49336167318480356
5962	BURNT	0.14813158128942763	0.4639419104371752
6274	BURNT	0.14314186360154832	0.418334173304694
6322	BURNT	0.13947311150176184	0.4124006373541696
6669	BURNT	0.09767851339919227	0.2756679505109787
7137	BURNT	0.13340254766600473	0.41231908542769297
15654	BURNT	0.2673762632267816	0.5994021807398114
62089	BURNT	0.17429357979978835	0.48556581139564514
853433	BURNT	0.11924564412661962	0.4012378454208374
5371102	BURNT	0.09230317281825202	0.3001516525234495
10857465	BURNT	0.1436759786946433	0.39454192774636404
180	ACID	0.3332440597670419	0.5679884382656643
264	ACID	0.21224474268300192	0.414399938923972
702	ACID	0.19711148313113622	0.43462359053747995
1031	ACID	0.19615312133516585	0.4257800962243761
3102	ACID	0.27025780720370157	0.48934847116470337
3314	ACID	0.1387085701738085	0.35803585818835665
6506	ACID	0.21724577035222734	0.4127448243754251
6544	ACID	0.20044664399964468	0.4301714726856777
6561	ACID	0.36372495549065725	0.5829804624829974
7092	ACID	0.1830976073231016	0.37232532671519686
7302	ACID	0.2810284899813788	0.491067681993757
7476	ACID	0.12919230333396367	0.35571591343198505
7559	ACID	0.2635041560445513	0.5062580874988011
7657	ACID	0.28730692182268414	0.4904173697744097
7770	ACID	0.22013720870018005	0.4089437084538596
7793	ACID	0.13252558984926768	0.3661353758403233
7797	ACID	0.1275500836116927	0.31851914525032043
8025	ACID	0.2484426839011056	0.4662328447614397
8049	ACID	0.2281344277518136	0.44734698959759306
8094	ACID	0.250715862427439	0.45890407477106365
8419	ACID	0.09747108923537391	0.31653222867420744
8438	ACID	0.1187634180699076	0.3213719512735094
8468	ACID	0.15964278365884507	0.34141684429986136
8815	ACID	0.16131477909428732	0.378640068428857
8878	ACID	0.13884388016802923	0.3071132791893823
9012	ACID	0.32902172207832336	0.535705029964447
10886	ACID	0.17131711968353816	0.35618738191468374
11567	ACID	0.45550993936402456	0.6359852978161403
12020	ACID	0.27279638818332125	0.49475196429661344
12265	ACID	0.34208773715155466	0.5490546779973167
12377	ACID	0.22038439980575017	0.4637582004070282
16537	ACID	0.14468914962240628	0.3812711920057024
17898	ACID	0.21647685766220093	0.456774856363024
18467	ACID	0.16910099983215332	0.39078545570373535
21363	ACID	0.2667648643255234	0.47597906844956533
27440	ACID	0.3335396008832114	0.573840856552124
31219	ACID	0.2277523853949138	0.46757297430719647
31276	ACID	0.3329468241759709	0.5665917651993888
31283	ACID	0.18397501217467443	0.37137472203799654
60998	ACID	0.24264618754386902	0.4740848072937557
61523	ACID	0.24812300503253937	0.47681714381490437
62351	ACID	0.22258429655006953	0.4664276327405657
62465	ACID	0.20157406159809657	0.4449766959462847
251531	ACID	0.13988732653004782	0.34607906000954763
440917	ACID	0.31359997391700745	0.6080907498087201
637758	ACID	0.13603664934635162	0.33555789504732403
1549025	ACID	0.10959911665746144	0.2926227961267744
2733294	ACID	0.11251140066555568	0.29316018734659466
5281167	ACID	0.17275412380695343	0.3757224423544748
5281168	ACID	0.28995570114680697	0.5136467814445496
5318599	ACID	0.24273011939866201	0.47941453967775616
5352837	ACID	0.1674948568855013	0.38231894799641203
5364231	ACID	0.10709466998066221	0.2920884851898466
262	ACID	0.2871967341218676	0.5178793753896441
323	ACID	0.18780453077384404	0.38932933126177105
750	ACID	0.19023991056850978	0.4109928735664913
753	ACID	0.20921853610447474	0.43594113843781607
962	ACID	0.3184615288461958	0.5218612977436611
5862	ACID	0.17692585928099497	0.3820810317993164
5962	ACID	0.18295051157474518	0.39572010721479145
6274	ACID	0.21568592105593	0.4018169513770512
6322	ACID	0.20604806286948069	0.3746831204210009
6669	ACID	0.18996823259762355	0.37360345891543795
7137	ACID	0.11665183784706253	0.33214929699897766
15654	ACID	0.16983005830219813	0.36973524945122854
62089	ACID	0.31314616969653536	0.5139007227761405
853433	ACID	0.1203526428767613	0.3438899304185595
5371102	ACID	0.23223123167242324	0.43481138348579407
10857465	ACID	0.39367022684642244	0.6036471213613238
180	WARM	0.24797153685774123	0.42812197123255047
264	WARM	0.27530956268310547	0.4843136029584067
702	WARM	0.27101196135793415	0.4525250664779118
1031	WARM	0.24191796779632568	0.42357352801731657
3102	WARM	0.2307898849248886	0.4303968591349466
3314	WARM	0.41828594888959614	0.6235738311495099
6506	WARM	0.3023364118167332	0.4880809954234532
6544	WARM	0.23942204671246664	0.46031615138053894
6561	WARM	0.27686992287635803	0.4665529727935791
7092	WARM	0.3570935342993055	0.5694405436515808
7302	WARM	0.33314367277281626	0.5198919900826046
7476	WARM	0.3524958959647587	0.5483147927692958
7559	WARM	0.27383538654872347	0.5018781764166695
7657	WARM	0.2391046370778765	0.44538447686604093
7770	WARM	0.2532276745353426	0.4843009241989681
7793	WARM	0.30941636647496906	0.5178683996200562
7797	WARM	0.32032287546566557	0.5391070544719696
8025	WARM	0.2574868755681174	0.4293586824621473
8049	WARM	0.29884366052491323	0.5093555791037423
8094	WARM	0.28056025079318453	0.47690526502473013
8419	WARM	0.4635205013411386	0.639073405947004
8438	WARM	0.42972556182316374	0.6065076759883335
8468	WARM	0.3374787824494498	0.5289168996470315
8815	WARM	0.3260217862469809	0.5245728577886309
8878	WARM	0.3383768711771284	0.5697880898203168
9012	WARM	0.3255291836602347	0.5646022643361773
10886	WARM	0.2569440560681479	0.4755345412663051
11567	WARM	0.28204331014837536	0.49838356035096304
12020	WARM	0.22954545702253068	0.4296037427016667
12265	WARM	0.21499577590397426	0.4314939933163779
12377	WARM	0.25427302931036266	0.5248521055494036
16537	WARM	0.2278959367956434	0.40660020283290316
17898	WARM	0.3703721421105521	0.590880002294268
18467	WARM	0.3535424428326743	0.5360285469463894
21363	WARM	0.2895987885338919	0.5237079347882952
27440	WARM	0.29944726824760437	0.5470290950366429
31219	WARM	0.2908671966620854	0.5041449921471732
31276	WARM	0.25859425749097553	0.4723571794373648
31283	WARM	0.31622358305113657	0.5339355255876269
60998	WARM	0.3313144786017282	0.5522607905524117
61523	WARM	0.2915941902569362	0.5001103239400047
62351	WARM	0.31026497057506014	0.5284436983721597
62465	WARM	0.44927903584071566	0.6782688072749546
251531	WARM	0.2682730938707079	0.4627044456345694
440917	WARM	0.14290040731430054	0.31466311642101835
637758	WARM	0.3739274484770639	0.5609636221613202
1549025	WARM	0.27512842416763306	0.48844627823148457
2733294	WARM	0.2959659333739962	0.5259118378162384
5281167	WARM	0.2495086363383702	0.505140883581979
5281168	WARM	0.27046043957982746	0.4770890602043697
5318599	WARM	0.2698667517730168	0.48589883957590374
5352837	WARM	0.2652629975761686	0.49282314096178326
5364231	WARM	0.22236428941999162	0.4412119346005576
262	WARM	0.21463290282658168	0.41511968203953337
323	WARM	0.4191059470176697	0.6498397588729858
750	WARM	0.32287326880863737	0.5038583746978215
753	WARM	0.2725191095045635	0.45042728951999117
962	WARM	0.2481414292539869	0.46229630282946993
5862	WARM	0.3739598946911948	0.5608650743961334
5962	WARM	0.3410178891250065	0.5391161952699933
6274	WARM	0.2689587410007204	0.46348637342453003
6322	WARM	0.27941071348530905	0.4843311182090214
6669	WARM	0.3502602917807443	0.5774443745613098
7137	WARM	0.5633084433419364	0.7633886848177228
15654	WARM	0.37030334983553204	0.5664464490754264
62089	WARM	0.28998144609587534	0.482684531382152
853433	WARM	0.4634444202695574	0.6711606553622654
5371102	WARM	0.21499338107449667	0.41328689455986023
10857465	WARM	0.294977924653462	0.5618489129202706
180	MUSKY	0.31895690730639864	0.5551316652979169
264	MUSKY	0.5204165237290519	0.7504451104572841
702	MUSKY	0.3258372162069593	0.5476517166410174
1031	MUSKY	0.3087415567466191	0.5136543214321136
3102	MUSKY	0.22562784382275172	0.44431071622031076
3314	MUSKY	0.21824240471635545	0.4382780151707785
6506	MUSKY	0.2685678856713431	0.47886050598961966
6544	MUSKY	0.29225257677691324	0.5273333277021136
6561	MUSKY	0.4448322994368417	0.6933642285210746
7092	MUSKY	0.1864330151251384	0.38713923522404264
7302	MUSKY	0.28216367747102467	0.5345023615019662
7476	MUSKY	0.1792617972408022	0.37036373359816416
7559	MUSKY	0.19798922751631057	0.41845483439309256
7657	MUSKY	0.29523915478161405	0.5347969361713955
7770	MUSKY	0.1850610843726567	0.3918352552822658
7793	MUSKY	0.18662478455475398	0.39584354417664663
7797	MUSKY	0.12145114530410085	0.3157810015337808
8025	MUSKY	0.2805021916116987	0.5064897664955684
8049	MUSKY	0.25551803410053253	0.45279512660843985
8094	MUSKY	0.3987086628164564	0.6427683234214783
8419	MUSKY	0.18278891061033523	0.37926515511104036
8438	MUSKY	0.18481110674994333	0.37789948497499737
8468	MUSKY	0.23459312745503016	0.44010343296187265
8815	MUSKY	0.2000402467591422	0.41012620500155855
8878	MUSKY	0.10879470354744367	0.31231859964983805
9012	MUSKY	0.3249299568789346	0.6051317964281354
10886	MUSKY	0.17744323398385728	0.3855221484388624
11567	MUSKY	0.1819396082844053	0.40503980006490437
12020	MUSKY	0.24231168840612685	0.4540475010871887
12265	MUSKY	0.26527017993586405	0.5022700641836438
12377	MUSKY	0.3221276104450226	0.6050133449690682
16537	MUSKY	0.15137321927717753	0.35794733251844135
17898	MUSKY	0.374316326209477	0.6600219181605748
18467	MUSKY	0.3221362275736673	0.581044180052621
21363	MUSKY	0.5112606499876294	0.7421362910951886
27440	MUSKY	0.3654667394501822	0.6294202293668475
31219	MUSKY	0.1595793068408966	0.37655244554792133
31276	MUSKY	0.09704052710107394	0.24367888697556087
31283	MUSKY	0.314213182244982	0.514131269284657
60998	MUSKY	0.2997303477355412	0.5287517649786813
61523	MUSKY	0.31103518179484774	0.5650466425078255
62351	MUSKY	0.3170601597854069	0.5728914311953953
62465	MUSKY	0.2799318475382669	0.5261389826025281
251531	MUSKY	0.24785082467964717	0.44707588638578144
440917	MUSKY	0.0889345146715641	0.235444860798972
637758	MUSKY	0.2285061010292598	0.44459037269864765
1549025	MUSKY	0.2090798509972436	0.3914845074926104
2733294	MUSKY	0.15226640552282333	0.33909800222941805
5281167	MUSKY	0.2390197217464447	0.47117190275873455
5281168	MUSKY	0.3936002552509308	0.66194201367242
5318599	MUSKY	0.29134396995816914	0.5514133487428937
5352837	MUSKY	0.2232900538614818	0.46571723903928486
5364231	MUSKY	0.2163948608296258	0.426459584917341
262	MUSKY	0.24784287810325623	0.43044928142002653
323	MUSKY	0.17242567241191864	0.39144558140209745
750	MUSKY	0.24942255445889064	0.4501169877392905
753	MUSKY	0.23182303777762822	0.41728128279958454
962	MUSKY	0.24799455063683645	0.4531554366861071
5862	MUSKY	0.29505136609077454	0.525689674275262
5962	MUSKY	0.36137196847370695	0.578571651663099
6274	MUSKY	0.26544880867004395	0.4662370000566755
6322	MUSKY	0.2949579528399876	0.4687636324337551
6669	MUSKY	0.30072762284960064	0.4441748133727482
7137	MUSKY	0.15474265388080052	0.36538845726421904
15654	MUSKY	0.3494154214859009	0.6098093390464783
62089	MUSKY	0.44761979579925537	0.6854814801897321
853433	MUSKY	0.1909241761480059	0.40958471809114727
5371102	MUSKY	0.2087473784174238	0.4431046375206539
10857465	MUSKY	0.41438649381910053	0.6867179530007499
180	SWEATY	0.21199065233979905	0.40765850033078876
264	SWEATY	0.40586567350796293	0.6177386343479156
702	SWEATY	0.23315502277442388	0.4321529269218445
1031	SWEATY	0.21448385928358352	0.3903393064226423
3102	SWEATY	0.11137142777442932	0.2511680509362902
3314	SWEATY	0.08162432589701243	0.202375271490642
6506	SWEATY	0.15405079828841345	0.31585003648485455
6544	SWEATY	0.1385368130036763	0.2863860023873193
6561	SWEATY	0.2958227353436606	0.5246783239500863
7092	SWEATY	0.07657773792743683	0.18531077887330735
7302	SWEATY	0.1534577395234789	0.34592078839029583
7476	SWEATY	0.06284930397357259	0.1634730909551893
7559	SWEATY	0.07552643971783775	0.18643797934055328
7657	SWEATY	0.16444100865295955	0.34323038373674664
7770	SWEATY	0.11055844383580345	0.2276179322174617
7793	SWEATY	0.07422374774302755	0.1941889524459839
7797	SWEATY	0.04957180895975658	0.15442806482315063
8025	SWEATY	0.1769473318542753	0.35656388316835674
8049	SWEATY	0.13520270053829467	0.2653261699846813
8094	SWEATY	0.22761736810207367	0.4575102244104658
8419	SWEATY	0.058976094903690476	0.15970878090177262
8438	SWEATY	0.04959975928068161	0.1505823050226484
8468	SWEATY	0.10070362793547767	0.2115665865795953
8815	SWEATY	0.0844872168132237	0.2142618319817952
8878	SWEATY	0.039481507880347114	0.13721069853220666
9012	SWEATY	0.16640370871339524	0.39062884875706266
10886	SWEATY	0.09571034354822976	0.22857157673154557
11567	SWEATY	0.07138059341481753	0.21033416475568498
12020	SWEATY	0.15140831896236964	0.3121458888053894
12265	SWEATY	0.13245118515832083	0.30399904932294575
12377	SWEATY	0.1752834745815822	0.47326317855290007
16537	SWEATY	0.09162558136241776	0.1898899951151439
17898	SWEATY	0.1397726344210761	0.4080350995063782
18467	SWEATY	0.1288189845425742	0.3412108378750937
21363	SWEATY	0.3578232399054936	0.5812669396400452
27440	SWEATY	0.18016191678387777	0.4051562377384731
31219	SWEATY	0.04694745051009314	0.17394330033234187
31276	SWEATY	0.01252456275480134	0.09477968354310308
31283	SWEATY	0.15712455766541616	0.31718945290361134
60998	SWEATY	0.14450965821743011	0.2978651523590088
61523	SWEATY	0.164826295205525	0.3316921719482967
62351	SWEATY	0.19009721279144287	0.4231716479573931
62465	SWEATY	0.08462355605193547	0.2091018898146493
251531	SWEATY	0.07904788479208946	0.21359280390398844
440917	SWEATY	0.04740347021392414	0.12742334072078979
637758	SWEATY	0.11265567370823451	0.23398034700325557
1549025	SWEATY	0.11587863734790257	0.2731851637363434
2733294	SWEATY	0.08996440629873957	0.20780566760471889
5281167	SWEATY	0.1346518982733999	0.30199391075543
5281168	SWEATY	0.2539928300040109	0.5066727186952319
5318599	SWEATY	0.1467480467898505	0.3469568192958832
5352837	SWEATY	0.13167681651456015	0.2816128603049687
5364231	SWEATY	0.08662211894989014	0.23461057884352549
262	SWEATY	0.1518930388348443	0.29057089345795767
323	SWEATY	0.05482071584888867	0.1413558657680239
750	SWEATY	0.15198320576122828	0.31344814811434063
753	SWEATY	0.128437516944749	0.2678650383438383
962	SWEATY	0.13975718191691808	0.2689226120710373
5862	SWEATY	0.17756961711815425	0.3776291012763977
5962	SWEATY	0.2107541412115097	0.40838551095553804
6274	SWEATY	0.11188849593911852	0.26015385559626986
6322	SWEATY	0.13445293477603368	0.2869716627257211
6669	SWEATY	0.14047598838806152	0.2234678225857871
7137	SWEATY	0.03290338920695441	0.13556879439524241
15654	SWEATY	0.1480032822915486	0.37993599687303814
62089	SWEATY	0.2616256943770817	0.48749341709273203
853433	SWEATY	0.05842549992459161	0.15981464300836837
5371102	SWEATY	0.0793918211545263	0.23116896407944815
10857465	SWEATY	0.19817309294428145	0.3965692605291094
180	AMMONIA/URINOUS	0.312615977866309	0.49337923526763916
264	AMMONIA/URINOUS	0.2942063148532595	0.43708907280649456
702	AMMONIA/URINOUS	0.19705059272902353	0.36437536563192097
1031	AMMONIA/URINOUS	0.1963470642055784	0.35928808791296823
3102	AMMONIA/URINOUS	0.27000604357038227	0.4569736633981977
3314	AMMONIA/URINOUS	0.11399000883102417	0.2689379155635834
6506	AMMONIA/URINOUS	0.14491372874804906	0.30282667704990934
6544	AMMONIA/URINOUS	0.19883493866239274	0.3650209094796862
6561	AMMONIA/URINOUS	0.3781378950391497	0.5322388793740954
7092	AMMONIA/URINOUS	0.13444122139896666	0.28008411611829487
7302	AMMONIA/URINOUS	0.23330103499548777	0.43559296642030987
7476	AMMONIA/URINOUS	0.07056662174207824	0.22227352006094797
7559	AMMONIA/URINOUS	0.22715159399168833	0.42815713797296795
7657	AMMONIA/URINOUS	0.30633521505764555	0.48641253794942585
7770	AMMONIA/URINOUS	0.15964095081601823	0.31340008122580393
7793	AMMONIA/URINOUS	0.16398942470550537	0.3356792756489345
7797	AMMONIA/URINOUS	0.03804962070924895	0.15518986114433833
8025	AMMONIA/URINOUS	0.20906669752938406	0.3728406088692801
8049	AMMONIA/URINOUS	0.15445480815001897	0.2906836143561772
8094	AMMONIA/URINOUS	0.20772060539041245	0.37976011633872986
8419	AMMONIA/URINOUS	0.07066508169685091	0.21550911664962769
8438	AMMONIA/URINOUS	0.06607942469418049	0.2163689753838948
8468	AMMONIA/URINOUS	0.10902515373059682	0.25414990527289255
8815	AMMONIA/URINOUS	0.0932443333523614	0.2611463133777891
8878	AMMONIA/URINOUS	0.03060528077185154	0.15485707989760808
9012	AMMONIA/URINOUS	0.36008495518139433	0.5215722407613482
10886	AMMONIA/URINOUS	0.09105744266084262	0.22105168019022262
11567	AMMONIA/URINOUS	0.41850317801748005	0.5808340949671609
12020	AMMONIA/URINOUS	0.2567739614418575	0.4240108515535082
12265	AMMONIA/URINOUS	0.3499695956707001	0.5119835180895669
12377	AMMONIA/URINOUS	0.2869896505560194	0.4699545843260629
16537	AMMONIA/URINOUS	0.07788016913192612	0.23733527958393097
17898	AMMONIA/URINOUS	0.22154463827610016	0.404080582516534
18467	AMMONIA/URINOUS	0.16743380469935282	0.3390151006834848
21363	AMMONIA/URINOUS	0.40760441763060434	0.5226138745035444
27440	AMMONIA/URINOUS	0.36358496972492765	0.5130616554192134
31219	AMMONIA/URINOUS	0.14303611431803023	0.32992739762578693
31276	AMMONIA/URINOUS	0.20511354506015778	0.378469922712871
31283	AMMONIA/URINOUS	0.1528143925326211	0.27819421887397766
60998	AMMONIA/URINOUS	0.29598331451416016	0.48395020195416044
61523	AMMONIA/URINOUS	0.31584604723112925	0.4919450155326298
62351	AMMONIA/URINOUS	0.23900605738162994	0.41133044021470205
62465	AMMONIA/URINOUS	0.2119347836290087	0.41646353687558857
251531	AMMONIA/URINOUS	0.15311113319226674	0.30071596588407246
440917	AMMONIA/URINOUS	0.22337735337870462	0.3938087097236088
637758	AMMONIA/URINOUS	0.16678409278392792	0.29892740505082266
1549025	AMMONIA/URINOUS	0.0985095916049821	0.2906722277402878
2733294	AMMONIA/URINOUS	0.047715366418872564	0.1640758705990655
5281167	AMMONIA/URINOUS	0.14503923697131021	0.2715053047452654
5281168	AMMONIA/URINOUS	0.302779631955283	0.5006790203707558
5318599	AMMONIA/URINOUS	0.23553756943770818	0.41207160694258554
5352837	AMMONIA/URINOUS	0.1511835264308112	0.29853919999940054
5364231	AMMONIA/URINOUS	0.05121311917901039	0.184806370309421
262	AMMONIA/URINOUS	0.2550335930926459	0.42229269657816204
323	AMMONIA/URINOUS	0.15720148810318538	0.3145882359572819
750	AMMONIA/URINOUS	0.14226877157177245	0.3184994288853237
753	AMMONIA/URINOUS	0.1524884562407221	0.31781340284006937
962	AMMONIA/URINOUS	0.26838132100445883	0.42507030282701763
5862	AMMONIA/URINOUS	0.184542538864272	0.3649525855268751
5962	AMMONIA/URINOUS	0.19172926672867366	0.3424300423690251
6274	AMMONIA/URINOUS	0.15144999538149154	0.32419670053890776
6322	AMMONIA/URINOUS	0.15916150382586888	0.31551943932260784
6669	AMMONIA/URINOUS	0.1455513217619487	0.26306781598499845
7137	AMMONIA/URINOUS	0.06448302417993546	0.1811446100473404
15654	AMMONIA/URINOUS	0.2084975242614746	0.3584617120879037
62089	AMMONIA/URINOUS	0.2865985312632152	0.4518323072365352
853433	AMMONIA/URINOUS	0.10765268760068077	0.2517314574548176
5371102	AMMONIA/URINOUS	0.182358124426433	0.35268133878707886
10857465	AMMONIA/URINOUS	0.4185073162828173	0.5101076492241451
180	DECAYED	0.10958006765161242	0.36191946268081665
264	DECAYED	0.23302713888032095	0.538320677621024
702	DECAYED	0.1098857330424445	0.34387244497026714
1031	DECAYED	0.09670413924115044	0.3206505221979959
3102	DECAYED	0.0852540795292173	0.3039128567491259
3314	DECAYED	0.07229006609746388	0.29985356756619047
6506	DECAYED	0.0790457661662783	0.28305323847702574
6544	DECAYED	0.13430819447551454	0.36383865986551556
6561	DECAYED	0.16368468318666732	0.45042777912957327
7092	DECAYED	0.05831579917243549	0.24063149520329066
7302	DECAYED	0.11226683642183032	0.37178508724485126
7476	DECAYED	0.03904519070472036	0.22508137140955245
7559	DECAYED	0.05621164185660226	0.29553050228527616
7657	DECAYED	0.10581407696008682	0.3316723661763327
7770	DECAYED	0.1005677165729659	0.34304619474070414
7793	DECAYED	0.050034831411072185	0.21551001710551126
7797	DECAYED	0.05541053893310683	0.25316423390592846
8025	DECAYED	0.09744508138724736	0.32014647126197815
8049	DECAYED	0.06671918609312602	0.25173930185181753
8094	DECAYED	0.12977458323751176	0.38416382670402527
8419	DECAYED	0.043038143909403255	0.23161977103778295
8438	DECAYED	0.045870961887495856	0.21250157909733908
8468	DECAYED	0.06713239955050605	0.2723331217254911
8815	DECAYED	0.07519060426524707	0.31487258843013216
8878	DECAYED	0.05856347403356007	0.2519197676862989
9012	DECAYED	0.19866247049399785	0.5323830715247563
10886	DECAYED	0.0743339444909777	0.2999593530382429
11567	DECAYED	0.0745733550616673	0.30097431795937674
12020	DECAYED	0.08682051833186831	0.3096654415130615
12265	DECAYED	0.10703693649598531	0.34451732465199064
12377	DECAYED	0.21985891461372375	0.605225954736982
16537	DECAYED	0.06184363950576101	0.24349610933235713
17898	DECAYED	0.15869043128831045	0.4642582876341684
18467	DECAYED	0.12418791758162635	0.3785143792629242
21363	DECAYED	0.20853807032108307	0.4992537796497345
27440	DECAYED	0.19341281269277846	0.5141271650791168
31219	DECAYED	0.04830600321292877	0.2825937271118164
31276	DECAYED	0.04050859675875732	0.24392888801438467
31283	DECAYED	0.0869377925992012	0.2815424459321158
60998	DECAYED	0.09840141768966403	0.35773115498679026
61523	DECAYED	0.10816748972449984	0.3594246506690979
62351	DECAYED	0.17531248714242662	0.48017903736659456
62465	DECAYED	0.0991101222378867	0.38372592840875897
251531	DECAYED	0.05208207241126469	0.2474334133522851
440917	DECAYED	0.04599115891116006	0.17918651231697627
637758	DECAYED	0.0679405906370708	0.3186465288911547
1549025	DECAYED	0.06706252694129944	0.2528888327734811
2733294	DECAYED	0.06790397954838616	0.29849704674312044
5281167	DECAYED	0.09389573335647583	0.3385850829737527
5281168	DECAYED	0.15148998158318655	0.4260415094239371
5318599	DECAYED	0.10745569637843541	0.32435938715934753
5352837	DECAYED	0.09377796735082354	0.29995268157550264
5364231	DECAYED	0.0678826245878424	0.254583586539541
262	DECAYED	0.07520793804100581	0.2968305306775229
323	DECAYED	0.05886599261845861	0.23901584318705968
750	DECAYED	0.07230687247855323	0.2707889335496085
753	DECAYED	0.06689410922782761	0.26742674836090635
962	DECAYED	0.07181114011577197	0.26965836541993277
5862	DECAYED	0.1346499142902238	0.42165236813681467
5962	DECAYED	0.09920083518539156	0.3349179114614214
6274	DECAYED	0.05382821975009782	0.28164197291646687
6322	DECAYED	0.05943187006882259	0.2778036764689854
6669	DECAYED	0.05356809603316443	0.2613924358572279
7137	DECAYED	0.03827925931130137	0.2701593467167446
15654	DECAYED	0.1468295454978943	0.44362045185906546
62089	DECAYED	0.15058137263570512	0.4036019572189876
853433	DECAYED	0.05025875302297728	0.26683224950517925
5371102	DECAYED	0.07011665616716657	0.29946134771619526
10857465	DECAYED	0.15455648409468786	0.5183949087347303
180	WOOD	0.2874531149864197	0.47462049978119986
264	WOOD	0.1846416677747454	0.29630995222500395
702	WOOD	0.23638236735548293	0.3797983867781503
1031	WOOD	0.19757298486573355	0.3315171812261854
3102	WOOD	0.16712862253189087	0.29707694905144827
3314	WOOD	0.24417107658726828	0.4611615836620331
6506	WOOD	0.3026973605155945	0.4844549936907632
6544	WOOD	0.29973868812833515	0.4780410272734506
6561	WOOD	0.3131841037954603	0.4694687766688211
7092	WOOD	0.18768115767410823	0.3688675548349108
7302	WOOD	0.337506856237139	0.492829646383013
7476	WOOD	0.1339972476874079	0.27687184725488934
7559	WOOD	0.0959576666355133	0.20346020800726755
7657	WOOD	0.21671487390995026	0.38100041661943707
7770	WOOD	0.03763829490968159	0.0953082809490817
7793	WOOD	0.255281252520425	0.4602548096861158
7797	WOOD	0.13722598552703857	0.2559982751096998
8025	WOOD	0.18592956023556845	0.3112615815230778
8049	WOOD	0.2531281347785677	0.4418001813547952
8094	WOOD	0.3705988483769553	0.5497115296976907
8419	WOOD	0.1887459201472146	0.37355272259031025
8438	WOOD	0.18534030233110702	0.34118354320526123
8468	WOOD	0.2927465864590236	0.4632597948823656
8815	WOOD	0.25215359032154083	0.4081019503729684
8878	WOOD	0.12738579830953053	0.23726587636130198
9012	WOOD	0.23457321311746324	0.3892054983547756
10886	WOOD	0.1282983688371522	0.2473662176302501
11567	WOOD	0.2541727338518415	0.41997190032686504
12020	WOOD	0.18165566240038192	0.3354930877685547
12265	WOOD	0.23343616936888015	0.3944803135735648
12377	WOOD	0.11097817867994308	0.2484596903835024
16537	WOOD	0.21209836644785746	0.4035532091345106
17898	WOOD	0.5326505388532367	0.7190197280475071
18467	WOOD	0.3934038409164974	0.5627319472176688
21363	WOOD	0.23617574998310634	0.37109032699040007
27440	WOOD	0.39527750866753714	0.5982592105865479
31219	WOOD	0.09066359911646162	0.19267838554722921
31276	WOOD	0.06379544522081103	0.1182476526924542
31283	WOOD	0.2713587667260851	0.4624084745134626
60998	WOOD	0.183310723730496	0.3266269053731646
61523	WOOD	0.2704395651817322	0.4627603590488434
62351	WOOD	0.2581909788506372	0.41174311297280447
62465	WOOD	0.4501866527966091	0.689065660749163
251531	WOOD	0.18206244707107544	0.34329918026924133
440917	WOOD	0.30673280358314514	0.49737752761159626
637758	WOOD	0.06200269290379116	0.11918912402221135
1549025	WOOD	0.2455539788518633	0.40922826528549194
2733294	WOOD	0.15079726065908158	0.2801604313509805
5281167	WOOD	0.25945370537894114	0.4669094809464046
5281168	WOOD	0.31189830388341633	0.5113714252199445
5318599	WOOD	0.33299751792635235	0.5269612329346793
5352837	WOOD	0.22981047417436326	0.42734404121126446
5364231	WOOD	0.2739485970565251	0.4725304756845747
262	WOOD	0.23191403704030172	0.3849373587540218
323	WOOD	0.18971513424600875	0.340133364711489
750	WOOD	0.3054049440792629	0.4872845411300659
753	WOOD	0.29294176612581524	0.4596334397792816
962	WOOD	0.25471141721521107	0.4400568349020822
5862	WOOD	0.2713070171219962	0.4158976035458701
5962	WOOD	0.34467369318008423	0.5480356812477112
6274	WOOD	0.40673341495650156	0.5564297778265817
6322	WOOD	0.3972212076187134	0.5434315374919346
6669	WOOD	0.23714469160352433	0.39946275523730684
7137	WOOD	0.18088088078158243	0.37349015900066923
15654	WOOD	0.4235211568219321	0.6161416087831769
62089	WOOD	0.37702654940741404	0.5554233917168209
853433	WOOD	0.2044461475951331	0.41781499130385263
5371102	WOOD	0.2299845665693283	0.43159309881074087
10857465	WOOD	0.30474144220352173	0.48320533122335163
180	GRASS	0.10805948397942952	0.2909955382347107
264	GRASS	0.04187346728784697	0.1643844587462289
702	GRASS	0.092951557465962	0.25514112412929535
1031	GRASS	0.09436988191945213	0.24091766348906926
3102	GRASS	0.09342919928686959	0.26086409177098957
3314	GRASS	0.06355897230761391	0.25975559651851654
6506	GRASS	0.08678818706955228	0.23847873296056474
6544	GRASS	0.2635717604841505	0.4924551716872624
6561	GRASS	0.06949074300272125	0.22025022123541152
7092	GRASS	0.06879254590187754	0.2325759083032608
7302	GRASS	0.07861193695238658	0.23836185676710947
7476	GRASS	0.09651774380888258	0.2847198120185307
7559	GRASS	0.056713243680340905	0.2155722975730896
7657	GRASS	0.10382921355111259	0.3048444390296936
7770	GRASS	0.031093287680830275	0.162599082504
7793	GRASS	0.16110161798340933	0.3858136662415096
7797	GRASS	0.18987310145582473	0.3767170310020447
8025	GRASS	0.056632724191461294	0.20539153686591557
8049	GRASS	0.07864843202488762	0.2245205853666578
8094	GRASS	0.1676966037069048	0.3196811079978943
8419	GRASS	0.051234995148011615	0.227005273103714
8438	GRASS	0.050645455185856135	0.2072106216635023
8468	GRASS	0.09463438710996083	0.25419309735298157
8815	GRASS	0.13962598783629282	0.324678225176675
8878	GRASS	0.13116817282778875	0.29845029967171804
9012	GRASS	0.10654495869364057	0.2791351207665035
10886	GRASS	0.12783086832080567	0.2942851313522884
11567	GRASS	0.10546223340289933	0.2885570398398808
12020	GRASS	0.13059905064957483	0.2915418403489249
12265	GRASS	0.13071740525109427	0.3067213382039751
12377	GRASS	0.10007077242646899	0.2226764942918505
16537	GRASS	0.2548192186014993	0.4768710860184261
17898	GRASS	0.1289155302303178	0.3424565153462546
18467	GRASS	0.08752916327544621	0.27646886876651217
21363	GRASS	0.057940322905778885	0.1967144672359739
27440	GRASS	0.18516752123832703	0.4148319363594055
31219	GRASS	0.044169830956629345	0.20190301537513733
31276	GRASS	0.021395431565386907	0.14889740305287497
31283	GRASS	0.08485492478523936	0.22383833995887212
60998	GRASS	0.08428557536431722	0.26304239460400175
61523	GRASS	0.21041775175503322	0.4620934086186545
62351	GRASS	0.13112593122891017	0.3220473144735609
62465	GRASS	0.07303665418710027	0.28623781885419575
251531	GRASS	0.12294896692037582	0.310910416500909
440917	GRASS	0.26069340109825134	0.5849891304969788
637758	GRASS	0.047032189688512256	0.18280307948589325
1549025	GRASS	0.09041577684027809	0.2719331128256662
2733294	GRASS	0.3360190966299602	0.5080527194908687
5281167	GRASS	0.4228432391371046	0.6574300868170602
5281168	GRASS	0.2193152436188289	0.42387484226908
5318599	GRASS	0.31411693351609365	0.5202904258455548
5352837	GRASS	0.3673844635486603	0.5830706400530679
5364231	GRASS	0.44846595185143606	0.6862808976854596
262	GRASS	0.11963501572608948	0.2864191106387547
323	GRASS	0.0631456087742533	0.22313394291060312
750	GRASS	0.07179248332977295	0.21835977477686747
753	GRASS	0.0936834727014814	0.2680037873131888
962	GRASS	0.07111988216638565	0.2349789525781359
5862	GRASS	0.06120110090289797	0.19495338840144022
5962	GRASS	0.09897689202002116	0.2551197281905583
6274	GRASS	0.12312456220388412	0.2976502648421696
6322	GRASS	0.12136368453502655	0.28374339853014263
6669	GRASS	0.09501263499259949	0.2133576614516122
7137	GRASS	0.0531112759241036	0.23339663658823287
15654	GRASS	0.09909805336168834	0.28211591499192373
62089	GRASS	0.09230149430888039	0.22982752323150635
853433	GRASS	0.041135186063391824	0.2266066755567278
5371102	GRASS	0.2453767955303192	0.4527240608419691
10857465	GRASS	0.23006750217505864	0.4867758538041796
180	FLOWER	0.06320173293352127	0.23011899420193263
264	FLOWER	0.09780287955488477	0.2175654832805906
702	FLOWER	0.11208840885332652	0.3378128239086696
1031	FLOWER	0.12206643713372094	0.3597653125013624
3102	FLOWER	0.2606219947338104	0.5028774951185498
3314	FLOWER	0.22179850935935974	0.4931340643337795
6506	FLOWER	0.10411699754851204	0.3332045248576573
6544	FLOWER	0.19182082159178598	0.42335989645549227
6561	FLOWER	0.04472606150167329	0.20426024283681596
7092	FLOWER	0.24436925777367183	0.5069305513586316
7302	FLOWER	0.08098139454211507	0.2434383396591459
7476	FLOWER	0.3974568843841553	0.6566672921180725
7559	FLOWER	0.3906827313559396	0.6815289599554879
7657	FLOWER	0.2523398292916162	0.4800092322485788
7770	FLOWER	0.20423056610992976	0.45855315242494854
7793	FLOWER	0.4187991959708078	0.6476520044463021
7797	FLOWER	0.32914734312466215	0.5684526477541242
8025	FLOWER	0.0976550845163209	0.327480890921184
8049	FLOWER	0.17292270915848867	0.4211084246635437
8094	FLOWER	0.0712464169732162	0.21784889485154832
8419	FLOWER	0.2677078757967268	0.4991233433995928
8438	FLOWER	0.27059933117457796	0.5053159637110574
8468	FLOWER	0.17300444628511155	0.44064162032944815
8815	FLOWER	0.16510203374283655	0.42094847559928894
8878	FLOWER	0.3028277712208884	0.5145091755049569
9012	FLOWER	0.04684152800057616	0.19006091569151198
10886	FLOWER	0.2497747050864356	0.4950211686747415
11567	FLOWER	0.0711479325379644	0.2745716891118458
12020	FLOWER	0.11533624572413308	0.34793407150677275
12265	FLOWER	0.06117023367966924	0.2450341284275055
12377	FLOWER	0.04040486977568695	0.16933763665812357
16537	FLOWER	0.33674522382872446	0.6079366547720773
17898	FLOWER	0.051235848771674294	0.18508089440209524
18467	FLOWER	0.07338452019861766	0.22741317749023438
21363	FLOWER	0.12625024148396083	0.3178806517805372
27440	FLOWER	0.04174260449196611	0.21021429342882975
31219	FLOWER	0.37240324701581684	0.6803016321999686
31276	FLOWER	0.2108620490346636	0.4799171771321978
31283	FLOWER	0.15295356512069702	0.35720628925732206
60998	FLOWER	0.33510997891426086	0.6239867465836662
61523	FLOWER	0.3444074647767203	0.5642559272902352
62351	FLOWER	0.06541544518300466	0.24787766805716924
62465	FLOWER	0.10375042472566877	0.3171722250325339
251531	FLOWER	0.44392864193235126	0.6680558834757123
440917	FLOWER	0.20224703422614507	0.511845452444894
637758	FLOWER	0.3646875577313559	0.635125287941524
1549025	FLOWER	0.3080099310193743	0.5945678523608616
2733294	FLOWER	0.3308112919330597	0.5554366792951312
5281167	FLOWER	0.19889575242996216	0.4664185047149658
5281168	FLOWER	0.09300138322370392	0.2712588054793222
5318599	FLOWER	0.1623562446662358	0.38198588149888174
5352837	FLOWER	0.22808645027024405	0.47830285344805035
5364231	FLOWER	0.2146920817238944	0.50969141295978
262	FLOWER	0.13280109635421208	0.37063648445265635
323	FLOWER	0.28671946695872713	0.5239890600953784
750	FLOWER	0.1367917380162648	0.3826923838683537
753	FLOWER	0.16395546815225057	0.4169458746910095
962	FLOWER	0.1537816652229854	0.4147235708577292
5862	FLOWER	0.09438518487981387	0.3181542839322771
5962	FLOWER	0.0959407559462956	0.32210945231573923
6274	FLOWER	0.1247470857841628	0.37636467814445496
6322	FLOWER	0.1316609936101096	0.386088673557554
6669	FLOWER	0.349366022007806	0.5191734773772103
7137	FLOWER	0.3609010704926082	0.5875265768596104
15654	FLOWER	0.03699916920491627	0.16405694080250605
62089	FLOWER	0.018986886367201805	0.15072460259710038
853433	FLOWER	0.2689674496650696	0.5419723008360181
5371102	FLOWER	0.22625866745199477	0.5049953843866076
10857465	FLOWER	0.2908304440123694	0.4823642883981977
180	CHEMICAL	0.30652656299727304	0.6230763367244175
264	CHEMICAL	0.18676872764314925	0.5167187707764762
702	CHEMICAL	0.12687374544995172	0.45082670024463106
1031	CHEMICAL	0.1724192202091217	0.4870599721159254
3102	CHEMICAL	0.34197703429630827	0.6265808684485299
3314	CHEMICAL	0.18881267734936305	0.4787644956793104
6506	CHEMICAL	0.16177376466138021	0.4689527835164751
6544	CHEMICAL	0.2602715151650565	0.5676264635154179
6561	CHEMICAL	0.31150917070252554	0.6445980327469962
7092	CHEMICAL	0.239218179668699	0.5147604644298553
7302	CHEMICAL	0.2716902962752751	0.5671969141278949
7476	CHEMICAL	0.18794543615409307	0.4635586696011679
7559	CHEMICAL	0.36523627809115816	0.6386052966117859
7657	CHEMICAL	0.2944401800632477	0.5651756950787136
7770	CHEMICAL	0.3120868631771633	0.5920333351407733
7793	CHEMICAL	0.2918972543307713	0.5742763791765485
7797	CHEMICAL	0.18440633373601095	0.4808163983481271
8025	CHEMICAL	0.2505718767642975	0.5598405258996146
8049	CHEMICAL	0.21842070349625178	0.5337882127080645
8094	CHEMICAL	0.2734761195523398	0.5863263649599892
8419	CHEMICAL	0.1340179049542972	0.39470599804605755
8438	CHEMICAL	0.16027640657765524	0.4238212449210031
8468	CHEMICAL	0.147660065974508	0.4422379263809749
8815	CHEMICAL	0.17161654148783004	0.4847267823559897
8878	CHEMICAL	0.21296403237751552	0.4983423011643546
9012	CHEMICAL	0.2609069475105831	0.5586447077138084
10886	CHEMICAL	0.20278257131576538	0.48346916266850065
11567	CHEMICAL	0.5945596141474587	0.811129059110369
12020	CHEMICAL	0.3133335219962256	0.6106864128793988
12265	CHEMICAL	0.38774257472583223	0.6447341101510184
12377	CHEMICAL	0.17202436923980713	0.4894464782306126
16537	CHEMICAL	0.19448230522019522	0.5010612479278019
17898	CHEMICAL	0.1906965332371848	0.5057776187147413
18467	CHEMICAL	0.15586299236331666	0.47694473607199533
21363	CHEMICAL	0.24391636678150722	0.5450560918876103
27440	CHEMICAL	0.28982309784208027	0.5840385556221008
31219	CHEMICAL	0.3106993181364877	0.5986736076218742
31276	CHEMICAL	0.45067325234413147	0.7232102155685425
31283	CHEMICAL	0.1980858924133437	0.5079549295561654
60998	CHEMICAL	0.28958782979420256	0.5778144938605172
61523	CHEMICAL	0.2794015535286495	0.5808078135762896
62351	CHEMICAL	0.16092725098133087	0.4824164424623762
62465	CHEMICAL	0.28617341603551594	0.5800503492355347
251531	CHEMICAL	0.21667462587356567	0.5237363789762769
440917	CHEMICAL	0.3949169899736132	0.7602303283555167
637758	CHEMICAL	0.20638722607067653	0.4891829064914158
1549025	CHEMICAL	0.1239919438958168	0.3986685020583017
2733294	CHEMICAL	0.1425530452813421	0.4537580524172102
5281167	CHEMICAL	0.1830242042030607	0.48923941595213755
5281168	CHEMICAL	0.26005897351673674	0.5739749414580209
5318599	CHEMICAL	0.3481225499085018	0.6264172536986214
5352837	CHEMICAL	0.24422894418239594	0.5448326213019234
5364231	CHEMICAL	0.15625294617244176	0.46165258969579426
262	CHEMICAL	0.3190937510558537	0.6162471004894802
323	CHEMICAL	0.2840842136314937	0.5497311183384487
750	CHEMICAL	0.13457042830330984	0.45199213709150043
753	CHEMICAL	0.18518145914588655	0.49960423367364065
962	CHEMICAL	0.3606547585555485	0.6559089507375445
5862	CHEMICAL	0.10455025519643511	0.3926918719496046
5962	CHEMICAL	0.13286675725664412	0.4638450401169913
6274	CHEMICAL	0.17561641761234828	0.5007066215787616
6322	CHEMICAL	0.1438771379845483	0.4670706221035549
6669	CHEMICAL	0.1707926584141595	0.466227046080998
7137	CHEMICAL	0.17489385604858398	0.44283891149929594
15654	CHEMICAL	0.13029117775814875	0.43952469314847675
62089	CHEMICAL	0.31745122585977825	0.6228859765189034
853433	CHEMICAL	0.18797567912510463	0.45919660159519743
5371102	CHEMICAL	0.2718298137187958	0.5665068243231092
10857465	CHEMICAL	0.3381915475640978	0.6232689023017883
