oID	descriptor	value	sigma
180	INTENSITY/STRENGTH	0.23004240436213358	0.5557485563414437
264	INTENSITY/STRENGTH	0.43308300205639433	0.714871483189719
702	INTENSITY/STRENGTH	0.11340129375457764	0.493309097630637
1031	INTENSITY/STRENGTH	0.1383946697626795	0.507117931331907
3102	INTENSITY/STRENGTH	0.21301680377551488	0.5340495237282344
3314	INTENSITY/STRENGTH	0.196233298097338	0.627698038305555
6506	INTENSITY/STRENGTH	0.176619291305542	0.54656811271395
6544	INTENSITY/STRENGTH	0.5661798119544983	0.735602787562779
6561	INTENSITY/STRENGTH	0.4267493486404419	0.6558763214520046
7092	INTENSITY/STRENGTH	0.3879379417215075	0.5980277742658343
7302	INTENSITY/STRENGTH	0.39842244556971956	0.5954578774315971
7476	INTENSITY/STRENGTH	0.4202747472694942	0.6603640403066363
7559	INTENSITY/STRENGTH	0.45182048422949656	0.7193379657609122
7657	INTENSITY/STRENGTH	0.3149654652391161	0.5708666699273246
7770	INTENSITY/STRENGTH	0.48624415482793537	0.7117466585976737
7793	INTENSITY/STRENGTH	0.6379073177065168	0.6772488270487104
7797	INTENSITY/STRENGTH	0.5985495064939771	0.7008099045072284
8025	INTENSITY/STRENGTH	0.21978722086974553	0.5606630231652941
8049	INTENSITY/STRENGTH	0.21664084706987655	0.5537710530417306
8094	INTENSITY/STRENGTH	0.51980031813894	0.6670250041144234
8419	INTENSITY/STRENGTH	0.34325957724026274	0.6897455283573696
8438	INTENSITY/STRENGTH	0.41215090666498455	0.6318164893559047
8468	INTENSITY/STRENGTH	0.18660427097763335	0.5895748734474182
8815	INTENSITY/STRENGTH	0.23732241349560873	0.5590788040842328
8878	INTENSITY/STRENGTH	0.5289546591894967	0.6820306352206639
9012	INTENSITY/STRENGTH	0.5354829132556915	0.5914099386760167
10886	INTENSITY/STRENGTH	0.44468981879098074	0.6499739033835275
11567	INTENSITY/STRENGTH	0.6826614992959159	0.7338946461677551
12020	INTENSITY/STRENGTH	0.32570531964302063	0.6083878023283822
12265	INTENSITY/STRENGTH	0.329699490751539	0.5601755465779986
12377	INTENSITY/STRENGTH	0.5698947778769902	0.6667636462620327
16537	INTENSITY/STRENGTH	0.4194477583680834	0.6782529864992414
17898	INTENSITY/STRENGTH	0.500654718705586	0.6030815924916949
18467	INTENSITY/STRENGTH	0.33875429204532076	0.5583085758345467
21363	INTENSITY/STRENGTH	0.40016821026802063	0.6693920237677438
27440	INTENSITY/STRENGTH	0.5423291070120675	0.626689110483442
31219	INTENSITY/STRENGTH	0.4127943771226065	0.7260339430400303
31276	INTENSITY/STRENGTH	0.4462369382381439	0.6908562098230634
31283	INTENSITY/STRENGTH	0.20908646072660172	0.5597659434591021
60998	INTENSITY/STRENGTH	0.4823625087738037	0.7054345692907061
61523	INTENSITY/STRENGTH	0.6805908935410636	0.7359167763165065
62351	INTENSITY/STRENGTH	0.4421531302588327	0.6161003453390939
62465	INTENSITY/STRENGTH	0.19255498051643372	0.6349535669599261
251531	INTENSITY/STRENGTH	0.09423381728785378	0.5226275154522487
440917	INTENSITY/STRENGTH	0.40902772545814514	0.6255606498037066
637758	INTENSITY/STRENGTH	0.3988807201385498	0.7759084446089608
1549025	INTENSITY/STRENGTH	0.26292105870587484	0.6664593900953021
2733294	INTENSITY/STRENGTH	0.7002751060894558	0.6921137145587376
5281167	INTENSITY/STRENGTH	0.5831049254962376	0.6929571543421064
5281168	INTENSITY/STRENGTH	0.542528007711683	0.6725499289376395
5318599	INTENSITY/STRENGTH	0.683601438999176	0.6696229491915021
5352837	INTENSITY/STRENGTH	0.6544265406472343	0.638046784060342
5364231	INTENSITY/STRENGTH	0.6050138686384473	0.6888300861631121
262	INTENSITY/STRENGTH	0.18029622307845525	0.4721676196370806
323	INTENSITY/STRENGTH	0.5001312834875924	0.6837270515305656
750	INTENSITY/STRENGTH	0.15067351715905325	0.4728095063141414
753	INTENSITY/STRENGTH	0.1618663775069373	0.4753337119306837
962	INTENSITY/STRENGTH	0.22838962290968215	0.5345199193273272
5862	INTENSITY/STRENGTH	0.2582766818148749	0.5380841663905552
5962	INTENSITY/STRENGTH	0.37399463994162424	0.6075736880302429
6274	INTENSITY/STRENGTH	0.15996113419532776	0.49118625266211374
6322	INTENSITY/STRENGTH	0.1683438186134611	0.5059718489646912
6669	INTENSITY/STRENGTH	0.17264090478420258	0.552208423614502
7137	INTENSITY/STRENGTH	0.5161255938666207	0.7306891594614301
15654	INTENSITY/STRENGTH	0.36638319066592623	0.5859214067459106
62089	INTENSITY/STRENGTH	0.5315662452152797	0.6385203003883362
853433	INTENSITY/STRENGTH	0.26020272076129913	0.6581735185214451
5371102	INTENSITY/STRENGTH	0.26246345256056103	0.6299815348216465
10857465	INTENSITY/STRENGTH	0.2970954860959734	0.7228875415665763
180	VALENCE/PLEASANTNESS	0.42929995485714506	0.5866695472172329
264	VALENCE/PLEASANTNESS	0.24055952259472438	0.5271003714629582
702	VALENCE/PLEASANTNESS	0.49768746324947905	0.5935559357915606
1031	VALENCE/PLEASANTNESS	0.4864205632890974	0.5917707937104362
3102	VALENCE/PLEASANTNESS	0.48070573806762695	0.6113379597663879
3314	VALENCE/PLEASANTNESS	0.6883557864597866	0.65048200743539
6506	VALENCE/PLEASANTNESS	0.491188462291445	0.5910466143063137
6544	VALENCE/PLEASANTNESS	0.46896300997052875	0.6751890012196132
6561	VALENCE/PLEASANTNESS	0.29196301315511974	0.5499844891684396
7092	VALENCE/PLEASANTNESS	0.5797087039266314	0.6248749239104134
7302	VALENCE/PLEASANTNESS	0.396219755922045	0.6235879148755755
7476	VALENCE/PLEASANTNESS	0.5936742893287114	0.6317480717386518
7559	VALENCE/PLEASANTNESS	0.5627646616527012	0.7411471945898873
7657	VALENCE/PLEASANTNESS	0.4303801528045109	0.6227074435779026
7770	VALENCE/PLEASANTNESS	0.5443573381219592	0.7236702186720712
7793	VALENCE/PLEASANTNESS	0.5978829434939793	0.7048014998435974
7797	VALENCE/PLEASANTNESS	0.7781280960355487	0.6489244103431702
8025	VALENCE/PLEASANTNESS	0.44501840642520357	0.5923206891332354
8049	VALENCE/PLEASANTNESS	0.5930732829230172	0.599035552569798
8094	VALENCE/PLEASANTNESS	0.32183414697647095	0.5410719428743634
8419	VALENCE/PLEASANTNESS	0.624444203717368	0.6457851358822414
8438	VALENCE/PLEASANTNESS	0.7029072301728385	0.5913078614643642
8468	VALENCE/PLEASANTNESS	0.5882573553494045	0.6140692234039307
8815	VALENCE/PLEASANTNESS	0.5747521775109428	0.6658807737486703
8878	VALENCE/PLEASANTNESS	0.7304702741759164	0.6672324027333941
9012	VALENCE/PLEASANTNESS	0.27054050139018465	0.5838343501091003
10886	VALENCE/PLEASANTNESS	0.6053198150226048	0.672937273979187
11567	VALENCE/PLEASANTNESS	0.37802896329334806	0.6778129254068647
12020	VALENCE/PLEASANTNESS	0.4360212470803942	0.6146614977291652
12265	VALENCE/PLEASANTNESS	0.392900960786002	0.5957964488438198
12377	VALENCE/PLEASANTNESS	0.2819650854383196	0.6574669224875314
16537	VALENCE/PLEASANTNESS	0.6367786186082023	0.642656786101205
17898	VALENCE/PLEASANTNESS	0.3837973049708775	0.6648173417363848
18467	VALENCE/PLEASANTNESS	0.4140091027532305	0.6252032688685826
21363	VALENCE/PLEASANTNESS	0.33848778690610615	0.605408080986568
27440	VALENCE/PLEASANTNESS	0.33749402846608845	0.637395807674953
31219	VALENCE/PLEASANTNESS	0.6005632366452899	0.710299015045166
31276	VALENCE/PLEASANTNESS	0.5972574012620109	0.7467625141143799
31283	VALENCE/PLEASANTNESS	0.5217697194644383	0.5824772715568542
60998	VALENCE/PLEASANTNESS	0.5233914000647408	0.7456938198634556
61523	VALENCE/PLEASANTNESS	0.5530746749469212	0.6867012211254665
62351	VALENCE/PLEASANTNESS	0.3363808478627886	0.5994425075394767
62465	VALENCE/PLEASANTNESS	0.5147685876914433	0.6919404779161725
251531	VALENCE/PLEASANTNESS	0.6033052376338414	0.5683149780545916
440917	VALENCE/PLEASANTNESS	0.7044485807418823	0.6828659432274955
637758	VALENCE/PLEASANTNESS	0.6108944756644112	0.6906316195215497
1549025	VALENCE/PLEASANTNESS	0.5702952444553375	0.6293176071984428
2733294	VALENCE/PLEASANTNESS	0.6315399067742484	0.689492234161922
5281167	VALENCE/PLEASANTNESS	0.5220248188291278	0.706384539604187
5281168	VALENCE/PLEASANTNESS	0.3244886611189161	0.5241150004523141
5318599	VALENCE/PLEASANTNESS	0.44330225246293203	0.639100296156747
5352837	VALENCE/PLEASANTNESS	0.49675924863134113	0.6491067835262844
5364231	VALENCE/PLEASANTNESS	0.44126829504966736	0.6387754678726196
262	VALENCE/PLEASANTNESS	0.4971370739596231	0.5767767599650792
323	VALENCE/PLEASANTNESS	0.640223136969975	0.6332816907337734
750	VALENCE/PLEASANTNESS	0.4962434342929295	0.6036112904548645
753	VALENCE/PLEASANTNESS	0.49625262192317415	0.5767752272742135
962	VALENCE/PLEASANTNESS	0.438860114131655	0.6132352437291827
5862	VALENCE/PLEASANTNESS	0.3922923079558781	0.5884475197110858
5962	VALENCE/PLEASANTNESS	0.3226474055222103	0.569321368421827
6274	VALENCE/PLEASANTNESS	0.5075330861977169	0.6057388612202236
6322	VALENCE/PLEASANTNESS	0.4356094300746918	0.5851377163614545
6669	VALENCE/PLEASANTNESS	0.590238767010825	0.5554338565894535
7137	VALENCE/PLEASANTNESS	0.695982311453138	0.7159999353545052
15654	VALENCE/PLEASANTNESS	0.4095508200781686	0.6618075200489589
62089	VALENCE/PLEASANTNESS	0.2929330936500004	0.5181138941219875
853433	VALENCE/PLEASANTNESS	0.6958492313112531	0.6902266144752502
5371102	VALENCE/PLEASANTNESS	0.5210661377225604	0.5870605366570609
10857465	VALENCE/PLEASANTNESS	0.43593959723200115	0.6257797735077995
180	BAKERY	0.07498994043895177	0.3026563823223114
264	BAKERY	0.04301331351910319	0.23034809955528804
702	BAKERY	0.07697556912899017	0.3461379110813141
1031	BAKERY	0.06924123050911087	0.327859422990254
3102	BAKERY	0.054805967424597056	0.28841682417052134
3314	BAKERY	0.2578376276152475	0.6076116221291679
6506	BAKERY	0.09674707055091858	0.36628526023456026
6544	BAKERY	0.062465367040463855	0.2939733564853668
6561	BAKERY	0.04078746374164309	0.21702547584261214
7092	BAKERY	0.13838141517979757	0.43014182788985117
7302	BAKERY	0.07332397518413407	0.33170187899044584
7476	BAKERY	0.10427407601049968	0.3676259475094931
7559	BAKERY	0.0606080386787653	0.3423535100051335
7657	BAKERY	0.056080278541360586	0.30719280668667387
7770	BAKERY	0.11017293908766337	0.4016874517713274
7793	BAKERY	0.06904600081699235	0.21585532810006822
7797	BAKERY	0.11756390226738793	0.4578838688986642
8025	BAKERY	0.06861263034599167	0.29391188068049295
8049	BAKERY	0.0909820848277637	0.3424023389816284
8094	BAKERY	0.04219846427440643	0.20431258635861532
8419	BAKERY	0.21990573406219482	0.5165287639413562
8438	BAKERY	0.28220716970307486	0.5966030274118695
8468	BAKERY	0.21205645373889379	0.5062574318477085
8815	BAKERY	0.09668345962251935	0.3975593958582197
8878	BAKERY	0.10610105416604451	0.43193226201193674
9012	BAKERY	0.06371530943683215	0.32319475071770803
10886	BAKERY	0.0687924155167171	0.37300980942589895
11567	BAKERY	0.0423025374433824	0.21939283396516526
12020	BAKERY	0.05470000579953194	0.27083966987473623
12265	BAKERY	0.06032792532018253	0.2934610758508955
12377	BAKERY	0.01536014782530921	0.2683729720967157
16537	BAKERY	0.06645137816667557	0.2952892929315567
17898	BAKERY	0.14445350851331437	0.49886966603142874
18467	BAKERY	0.12314088749034065	0.4387257524899074
21363	BAKERY	0.04307798748569829	0.25739504184041706
27440	BAKERY	0.09935528625335012	0.4080315870898111
31219	BAKERY	0.06571434145527226	0.32822403737476896
31276	BAKERY	0.07554634447608675	0.35003108637673513
31283	BAKERY	0.07864663962806974	0.29566556215286255
60998	BAKERY	0.0432849686060633	0.29861173033714294
61523	BAKERY	0.0830803034561021	0.19606793565409525
62351	BAKERY	0.066386735865048	0.3657099349158151
62465	BAKERY	0.13355483221156256	0.46440024035317556
251531	BAKERY	0.09112364426255226	0.2749625039952142
440917	BAKERY	0.06295007653534412	0.2911302489893777
637758	BAKERY	0.1279591236795698	0.41421960081372944
1549025	BAKERY	0.08391024278742927	0.26912389057023184
2733294	BAKERY	0.09649938877139773	0.38831496238708496
5281167	BAKERY	0.05927655739443643	0.27879596182278227
5281168	BAKERY	0.020618355433855737	0.1645176825778825
5318599	BAKERY	0.04768870637885162	0.22563628000872477
5352837	BAKERY	0.06338235789111682	0.2715156823396683
5364231	BAKERY	0.08590130401509148	0.33645486405917574
262	BAKERY	0.06963757798075676	0.33263509614127024
323	BAKERY	0.22673476806708745	0.5708054048674447
750	BAKERY	0.09969938120671681	0.37822894964899334
753	BAKERY	0.0927089654973575	0.36163902282714844
962	BAKERY	0.05780652218631336	0.30870321818760466
5862	BAKERY	0.10801437284265246	0.3957472230706896
5962	BAKERY	0.060670370502131324	0.3127211502620152
6274	BAKERY	0.1076202882187707	0.37950871671949116
6322	BAKERY	0.07351910695433617	0.3370968869754246
6669	BAKERY	0.13933000287839345	0.4586663671902248
7137	BAKERY	0.2841859332152775	0.6994205117225647
15654	BAKERY	0.16393354747976577	0.5299908348492214
62089	BAKERY	0.03517881089023182	0.17980143002101354
853433	BAKERY	0.2549736350774765	0.6120413030896869
5371102	BAKERY	0.03361450960593564	0.2302435508796147
10857465	BAKERY	0.04385432867067201	0.2155274259192603
180	SWEET	0.1416605764201709	0.4897294044494629
264	SWEET	0.06700978481343814	0.38244899681636263
702	SWEET	0.15042515099048615	0.5318275945527213
1031	SWEET	0.15340317359992436	0.5472482357706342
3102	SWEET	0.16368575607027328	0.5851933104651315
3314	SWEET	0.34307883041245596	0.7825063041278294
6506	SWEET	0.19513715165002005	0.5834701061248779
6544	SWEET	0.2119601879801069	0.6498578020504543
6561	SWEET	0.07967765788946833	0.35509310024125235
7092	SWEET	0.31302491256168913	0.7152789149965558
7302	SWEET	0.14775585063866206	0.5365051627159119
7476	SWEET	0.3257161144699369	0.7583287954330444
7559	SWEET	0.33354142733982634	0.8585823007992336
7657	SWEET	0.1381122406039919	0.5361452272960118
7770	SWEET	0.38793735419000897	0.8642802834510803
7793	SWEET	0.26243957025664194	0.7023977211543492
7797	SWEET	0.5957570586885724	1.0020429747445243
8025	SWEET	0.16125290095806122	0.5459966574396405
8049	SWEET	0.31450227967330385	0.7383637428283691
8094	SWEET	0.11162397158997399	0.43940040469169617
8419	SWEET	0.31936848163604736	0.7744693841253009
8438	SWEET	0.4402442106178829	0.8531468255179269
8468	SWEET	0.2623600683041981	0.6814649786267962
8815	SWEET	0.25277426838874817	0.6774646214076451
8878	SWEET	0.5623978078365326	0.975706798689706
9012	SWEET	0.03766705548124654	0.2829637335879462
10886	SWEET	0.40378606745174955	0.8239872540746417
11567	SWEET	0.15895879375083105	0.5526737826211112
12020	SWEET	0.14232076917375838	0.529039625610624
12265	SWEET	0.13301801468644822	0.49203768372535706
12377	SWEET	0.01577428648514407	0.23695155765329087
16537	SWEET	0.3004168953214373	0.7505368505205426
17898	SWEET	0.13506643899849483	0.5937594856534686
18467	SWEET	0.1268207590494837	0.5491280470575605
21363	SWEET	0.10694043976919991	0.44498366117477417
27440	SWEET	0.10826244311673301	0.4771734135491507
31219	SWEET	0.35327434114047457	0.8971238902636937
31276	SWEET	0.40845432451793123	0.9031651020050049
31283	SWEET	0.22344372953687394	0.6125980530466352
60998	SWEET	0.24933334120682307	0.7580749477658953
61523	SWEET	0.20914218894072942	0.6448009014129639
62351	SWEET	0.08217390733105796	0.38954916170665194
62465	SWEET	0.13302238498415267	0.6126379030091422
251531	SWEET	0.25219819801194326	0.6959022028105599
440917	SWEET	0.3423521603856768	0.804852272783007
637758	SWEET	0.3632672684533255	0.8750685112816947
1549025	SWEET	0.2520316754068647	0.7232189774513245
2733294	SWEET	0.4010982768876212	0.8662467769214085
5281167	SWEET	0.18878256529569626	0.6737700871058873
5281168	SWEET	0.06028440807546888	0.3457999314580645
5318599	SWEET	0.14863905842815126	0.5542489247662681
5352837	SWEET	0.18486288615635463	0.6206623486110142
5364231	SWEET	0.14661952321018493	0.5866094657352993
262	SWEET	0.1619587732212884	0.582684474331992
323	SWEET	0.4209703803062439	0.847792523247855
750	SWEET	0.14180823309080942	0.5474393282617841
753	SWEET	0.14802111046654837	0.5488995654242379
962	SWEET	0.1220907952104296	0.5216691834586007
5862	SWEET	0.12000217075858798	0.4184022843837738
5962	SWEET	0.06994616666010448	0.3692016431263515
6274	SWEET	0.12324140540191106	0.5260150688035148
6322	SWEET	0.08536570519208908	0.4382311020578657
6669	SWEET	0.2618878058024815	0.6337873935699463
7137	SWEET	0.45581591980797903	0.9426957794598171
15654	SWEET	0.13678329225097383	0.5602110624313354
62089	SWEET	0.07793731508510453	0.33557107618876864
853433	SWEET	0.37337327003479004	0.8454023769923619
5371102	SWEET	0.17254732974937984	0.5658582108361381
10857465	SWEET	0.11073417216539383	0.3878351279667446
180	FRUIT	0.07137920813901084	0.22002078805650985
264	FRUIT	0.05611802770623139	0.2761695555278233
702	FRUIT	0.09046078154018947	0.240656920841762
1031	FRUIT	0.08657087279217583	0.25169610551425387
3102	FRUIT	0.0743344436798777	0.26689732500485014
3314	FRUIT	0.110899632530553	0.3009925399507795
6506	FRUIT	0.1250672276530947	0.29520935671670095
6544	FRUIT	0.14740967111928122	0.4401367391858782
6561	FRUIT	0.04805783022727285	0.2248682188136237
7092	FRUIT	0.17139018859182084	0.41785689336912973
7302	FRUIT	0.06614594746913229	0.2470344134739467
7476	FRUIT	0.1662272789648601	0.43600933040891376
7559	FRUIT	0.2914327085018158	0.5989388993808201
7657	FRUIT	0.08041752023356301	0.29548998389925274
7770	FRUIT	0.369189590215683	0.6634035451071603
7793	FRUIT	0.20059331825801305	0.45561712980270386
7797	FRUIT	0.6317085197993687	0.9023321270942688
8025	FRUIT	0.09156751739127296	0.25345620087214876
8049	FRUIT	0.24027196424348013	0.48400540011269705
8094	FRUIT	0.10374386076416288	0.3460249389920916
8419	FRUIT	0.11381662743432182	0.35865492054394316
8438	FRUIT	0.15672120664800918	0.42057000739233835
8468	FRUIT	0.06172483467629978	0.2562627536909921
8815	FRUIT	0.13931218428271158	0.3914735402379717
8878	FRUIT	0.5831916034221649	0.8408976367541722
9012	FRUIT	0.05230459916804518	0.1505217275449208
10886	FRUIT	0.4182841862951006	0.6739150966916766
11567	FRUIT	0.09731012689215797	0.39777354683194843
12020	FRUIT	0.10413074333752904	0.3196090119225638
12265	FRUIT	0.06287302502564021	0.25966218965394156
12377	FRUIT	0.049683203388537676	0.15319148663963592
16537	FRUIT	0.3005428058760507	0.5943554299218314
17898	FRUIT	0.05338372316743646	0.2430723181792668
18467	FRUIT	0.05422113569719451	0.22953217795916966
21363	FRUIT	0.06467661474432264	0.21953784142221724
27440	FRUIT	0.05093440626348768	0.22754919528961182
31219	FRUIT	0.3020700344017574	0.6259564416749137
31276	FRUIT	0.3838720662253244	0.6794337800570897
31283	FRUIT	0.1562482033457075	0.39338875242641996
60998	FRUIT	0.19047508708068303	0.4740766244275229
61523	FRUIT	0.18815014404909952	0.46668228932789396
62351	FRUIT	0.08374975462044988	0.24820572137832642
62465	FRUIT	0.06018583024186747	0.22735061177185603
251531	FRUIT	0.040485823793070655	0.23821701748030527
440917	FRUIT	0.3060452107872282	0.5917287809508187
637758	FRUIT	0.21797211468219757	0.5337112886565072
1549025	FRUIT	0.2460709192923137	0.556494231734957
2733294	FRUIT	0.47290308134896414	0.7900778821536473
5281167	FRUIT	0.2335530540772847	0.5594377773148673
5281168	FRUIT	0.06384662804859025	0.2692416544471468
5318599	FRUIT	0.15901770549161093	0.4345648927348001
5352837	FRUIT	0.19867215624877385	0.4732444499220167
5364231	FRUIT	0.1859099737235478	0.4812287560531071
262	FRUIT	0.07058400075350489	0.25594559737614225
323	FRUIT	0.18312036778245652	0.46576992528779165
750	FRUIT	0.05254602538687842	0.19152742624282837
753	FRUIT	0.0660167182130473	0.21103420002119883
962	FRUIT	0.061811556241342	0.23831586326871598
5862	FRUIT	0.06875538187367576	0.18833668104239873
5962	FRUIT	0.04763897401945932	0.18617663426058634
6274	FRUIT	0.03656815817313535	0.18575809257371084
6322	FRUIT	0.049393359039510996	0.1732779677425112
6669	FRUIT	0.10116293095052242	0.2823403477668762
7137	FRUIT	0.21404813442911422	0.5400655227048057
15654	FRUIT	0.0496844369918108	0.22866529652050563
62089	FRUIT	0.06768957206181117	0.22485716853822982
853433	FRUIT	0.14364250430038997	0.3562347676072802
5371102	FRUIT	0.0990197051848684	0.3178372340542929
10857465	FRUIT	0.08366473764181137	0.22422646411827632
180	FISH	0.060377494032893865	0.2125555340732847
264	FISH	0.15262597799301147	0.33819317391940523
702	FISH	0.040266387430684905	0.17192645158086503
1031	FISH	0.03402666548000915	0.15890111029148102
3102	FISH	-0.00339166953095368	0.13258695815290725
3314	FISH	0.01797637968723263	0.11946140016828265
6506	FISH	0.03598803002387285	0.16991397312709264
6544	FISH	0.009412683546543121	0.10062829644552299
6561	FISH	0.11345500179699489	0.2957045180456979
7092	FISH	-0.0009433331766298839	0.1031921064215047
7302	FISH	0.037206029519438744	0.1813598253897258
7476	FISH	-0.0019091021801744188	0.10867533087730408
7559	FISH	0.02489101673875536	0.14324842606272017
7657	FISH	0.05120457362915788	0.21571414385523116
7770	FISH	0.027980939485132694	0.13636050692626409
7793	FISH	0.004216725272791726	0.06477916054427624
7797	FISH	-0.003218862627233778	0.06855991908482142
8025	FISH	0.055600116295473914	0.2065753766468593
8049	FISH	-0.011213526661906923	0.07863067835569382
8094	FISH	0.08500537435923304	0.25460303468363626
8419	FISH	0.03215973771044186	0.13688876266990388
8438	FISH	-0.005022648189749036	0.0877853658582483
8468	FISH	-0.013130285910197667	0.09878809430769511
8815	FISH	0.03155369497835636	0.14733734726905823
8878	FISH	-0.014532299446208137	0.06855696652616773
9012	FISH	0.2535428660256522	0.5032892823219299
10886	FISH	0.0033484850344913347	0.10555571956293923
11567	FISH	0.018706752386476313	0.15990079300744192
12020	FISH	0.04220763274601528	0.17590556400162832
12265	FISH	0.06780411702181612	0.24630774983337947
12377	FISH	0.3668019005230495	0.6231077313423157
16537	FISH	0.015640556812286377	0.11361241234200341
17898	FISH	0.05731677742941039	0.20682937119688308
18467	FISH	0.06814893814069885	0.21772507471697672
21363	FISH	0.10196138386215482	0.23016371045793807
27440	FISH	0.11413041076489858	0.31500403370176044
31219	FISH	0.001837515937430518	0.10588274363960538
31276	FISH	-0.007862812440310205	0.08050543176276344
31283	FISH	0.007232210199747767	0.10819501855543681
60998	FISH	0.034465567874056954	0.15824925686631883
61523	FISH	0.057572532179100175	0.15836994349956512
62351	FISH	0.20225472109658377	0.41360204986163546
62465	FISH	0.06736324567879949	0.22564595086233957
251531	FISH	-0.00767111884696143	0.10890727969152587
440917	FISH	-0.008130869562072414	0.04221645902310099
637758	FISH	0.007204654759594372	0.12352697551250458
1549025	FISH	-0.007521588089210647	0.1419104646359171
2733294	FISH	0.016745568652238165	0.1436471864581108
5281167	FISH	0.033844317575650554	0.17111828284604208
5281168	FISH	0.10072654379265648	0.29941242933273315
5318599	FISH	0.04422703066042492	0.1812050768307277
5352837	FISH	0.041621324473193715	0.16408872391496385
5364231	FISH	0.05206090078822204	0.210578054189682
262	FISH	0.010567122538174902	0.11618642721857343
323	FISH	-0.034391233431441445	0.051683807745575905
750	FISH	0.014112586421625955	0.12467505144221443
753	FISH	0.041164391807147434	0.1642040205853326
962	FISH	0.0012938779379640306	0.10874835242118154
5862	FISH	0.14889846103531973	0.33979588747024536
5962	FISH	0.1458036346094949	0.3174333316939218
6274	FISH	0.027899269280689105	0.13199237521205628
6322	FISH	0.06559555817927633	0.18462509555476053
6669	FISH	0.012447573111525603	0.1092708632349968
7137	FISH	0.012929210306278296	0.12191757027591978
15654	FISH	0.10404741338321141	0.2774186389786856
62089	FISH	0.09513045528105327	0.25422635674476624
853433	FISH	0.019599687041980878	0.10627167671918869
5371102	FISH	0.018816332998020307	0.13151658007076808
10857465	FISH	0.011036545836499758	0.06046468072703907
180	GARLIC	0.10176864159958703	0.32702442577907015
264	GARLIC	0.18254468483584269	0.4219071694782802
702	GARLIC	0.09558477359158653	0.3173218199184963
1031	GARLIC	0.09004962497523852	0.305337267262595
3102	GARLIC	0.030990864017180035	0.22526629907744272
3314	GARLIC	0.04539602582475969	0.24321761301585607
6506	GARLIC	0.09700789728334971	0.29275961220264435
6544	GARLIC	0.016614523317132677	0.2122071087360382
6561	GARLIC	0.12294337472745351	0.3704865149089268
7092	GARLIC	0.04752113164535591	0.2089280847992216
7302	GARLIC	0.05792929232120514	0.2638001697404044
7476	GARLIC	0.0013811745281730378	0.1646307898419244
7559	GARLIC	0.038412537425756454	0.20287893073899405
7657	GARLIC	0.08097596785851888	0.2967115214892796
7770	GARLIC	0.047635172360709736	0.2256350964307785
7793	GARLIC	-0.006623717024922371	0.14870020215000426
7797	GARLIC	0.0023405756801366806	0.14403389181409562
8025	GARLIC	0.10334416585309165	0.32859783513205393
8049	GARLIC	0.03439846741301673	0.20091795921325684
8094	GARLIC	0.07810829686267036	0.31746891140937805
8419	GARLIC	0.04068149386772087	0.20014059330735887
8438	GARLIC	0.004090639895626477	0.16868396422692708
8468	GARLIC	0.02446681261062622	0.2079018098967416
8815	GARLIC	0.08351832841123853	0.294817396572658
8878	GARLIC	-0.007002359522240502	0.14594389923981257
9012	GARLIC	0.32266453760010855	0.5552520453929901
10886	GARLIC	0.02493854266192232	0.2034375880445753
11567	GARLIC	-0.0006914592481085233	0.21997927555016109
12020	GARLIC	0.07662487349339894	0.2964078485965729
12265	GARLIC	0.10192044398614339	0.33595283542360577
12377	GARLIC	0.5368075711386544	0.717562062399728
16537	GARLIC	0.04422605649701187	0.19217153319290706
17898	GARLIC	0.08239480533770152	0.31779423356056213
18467	GARLIC	0.09750207832881383	0.3344734992299761
21363	GARLIC	0.09231112471648625	0.29403565185410635
27440	GARLIC	0.14492004364728928	0.3858331952776228
31219	GARLIC	0.021505435928702354	0.16416615034852708
31276	GARLIC	0.016758720257452557	0.16267967224121094
31283	GARLIC	0.05467261640088899	0.2243208203996931
60998	GARLIC	0.06122548771756036	0.24247647609029496
61523	GARLIC	0.026958146265574863	0.20648324276719773
62351	GARLIC	0.2698078581265041	0.49269563811165945
62465	GARLIC	0.08970840807471957	0.29092791250773836
251531	GARLIC	0.029986406011240824	0.22436427431447165
440917	GARLIC	0.08564154750534467	0.19013098308018275
637758	GARLIC	0.022694135483886515	0.21790514034884317
1549025	GARLIC	0.045103855431079865	0.2191853927714484
2733294	GARLIC	0.029951672069728374	0.18833885661193303
5281167	GARLIC	0.040899431332945824	0.22817936965397426
5281168	GARLIC	0.06482978936816965	0.3107083737850189
5318599	GARLIC	0.01820893319589751	0.21696731448173523
5352837	GARLIC	0.03281243398253407	0.21269542830330984
5364231	GARLIC	0.06851845979690552	0.26261043548583984
262	GARLIC	0.055041649911020486	0.25546043259756906
323	GARLIC	-0.00668729841709137	0.13482598747525895
750	GARLIC	0.05306222502674375	0.25677885115146637
753	GARLIC	0.07326177241546768	0.28854321794850485
962	GARLIC	0.030178413726389408	0.21708724754197256
5862	GARLIC	0.200559173311506	0.44720872810908724
5962	GARLIC	0.15347145178488322	0.38901640261922565
6274	GARLIC	0.054121757724455426	0.2640505986554282
6322	GARLIC	0.08888092530625206	0.30261474209172384
6669	GARLIC	0.024262505982603346	0.20388266231332505
7137	GARLIC	0.022864230775407383	0.2098263544695718
15654	GARLIC	0.13976824390036718	0.41162529587745667
62089	GARLIC	0.08421388907091958	0.3066138987030302
853433	GARLIC	0.03017821455640452	0.21547239593097142
5371102	GARLIC	0.015581980347633362	0.22258716821670532
10857465	GARLIC	0.030111019632646015	0.14784385476793563
180	SPICES	0.1569537775857108	0.38992788961955477
264	SPICES	0.13276036722319468	0.38183569482394625
702	SPICES	0.17980908070291793	0.4068041443824768
1031	SPICES	0.17978671618870326	0.4110840516430991
3102	SPICES	0.18078704178333282	0.40893079553331646
3314	SPICES	0.4232067550931658	0.6929057921682086
6506	SPICES	0.1837108858994075	0.4071600266865322
6544	SPICES	0.23485600096838816	0.5101698083536965
6561	SPICES	0.13043869073901856	0.3614407352038792
7092	SPICES	0.31077294264520916	0.5722858650343758
7302	SPICES	0.12409637549093791	0.3892736392361777
7476	SPICES	0.18491598112242563	0.4147998946053641
7559	SPICES	0.15249868375914438	0.39840775302478243
7657	SPICES	0.18510085131440843	0.4451062892164503
7770	SPICES	0.14053495866911753	0.39633811371667044
7793	SPICES	0.14291971283299582	0.36676507336752756
7797	SPICES	0.1346347534230777	0.4001921032156263
8025	SPICES	0.15571665338107518	0.3933203560965402
8049	SPICES	0.11867326604468482	0.34992681656564983
8094	SPICES	0.11270742011921746	0.3478957882949284
8419	SPICES	0.28126669994422365	0.5742469770567757
8438	SPICES	0.29025439279420034	0.5640959058489118
8468	SPICES	0.26680668549878256	0.5357453014169421
8815	SPICES	0.40776099051748005	0.6661064624786377
8878	SPICES	0.1197747779744012	0.36607238224574495
9012	SPICES	0.24388056354863302	0.517697525875909
10886	SPICES	0.15276620111295156	0.4031907447746822
11567	SPICES	0.13392367426838195	0.38914595757211956
12020	SPICES	0.17754042787211283	0.440925623689379
12265	SPICES	0.17086834566933767	0.41985577770641874
12377	SPICES	0.39332142046519686	0.6996111529214042
16537	SPICES	0.1649572349020413	0.4222795367240906
17898	SPICES	0.16427541204861232	0.4214891919067928
18467	SPICES	0.18311105455671037	0.434294377054487
21363	SPICES	0.14163106892790114	0.36876778517450604
27440	SPICES	0.1810093160186495	0.4370731200490679
31219	SPICES	0.13545016305787222	0.3887679662023272
31276	SPICES	0.12621604331902095	0.3641383520194462
31283	SPICES	0.13543436463390077	0.3531922144549234
60998	SPICES	0.17790669202804565	0.4125537616865976
61523	SPICES	0.1381373671548707	0.40728676319122314
62351	SPICES	0.21571119342531478	0.4902711978980473
62465	SPICES	0.3604300149849483	0.6435577188219342
251531	SPICES	0.16170579833643778	0.3873192369937897
440917	SPICES	0.2336394829409463	0.5095894975321633
637758	SPICES	0.20423121537481034	0.4474343316895621
1549025	SPICES	0.08404501953295299	0.33437222242355347
2733294	SPICES	0.149848110973835	0.4012937673500606
5281167	SPICES	0.18745698460510798	0.4739448343004499
5281168	SPICES	0.15071106595652445	0.40826983536992756
5318599	SPICES	0.13499856208051955	0.37839676226888386
5352837	SPICES	0.15097969770431519	0.3982908470290048
5364231	SPICES	0.17221887622560775	0.45863563248089384
262	SPICES	0.158221963260855	0.3964554156575884
323	SPICES	0.2917057148047856	0.591306243624006
750	SPICES	0.1641871386340686	0.40843320744378225
753	SPICES	0.17366909980773926	0.4203679859638214
962	SPICES	0.16090068008218492	0.4161880058901651
5862	SPICES	0.20342784907136643	0.4607031430516924
5962	SPICES	0.1493656954595021	0.38931755082947866
6274	SPICES	0.18576765486172267	0.429109126329422
6322	SPICES	0.15511447616985866	0.3960984136377062
6669	SPICES	0.13532353937625885	0.3882690284933363
7137	SPICES	0.4266186399119241	0.71311012336186
15654	SPICES	0.2171314103262765	0.480291485786438
62089	SPICES	0.12569924337523325	0.3670049437454769
853433	SPICES	0.4041686398642404	0.6850092240742275
5371102	SPICES	0.20507392500128066	0.4314955643245152
10857465	SPICES	0.23524720966815948	0.5446669459342957
180	COLD	0.25575864740780424	0.44114244835717337
264	COLD	0.2133556114775794	0.38837018609046936
702	COLD	0.27581758371421267	0.449648665530341
1031	COLD	0.26519981026649475	0.45002250160489765
3102	COLD	0.2953470732484545	0.47379247205598013
3314	COLD	0.2321353086403438	0.44227331025259836
6506	COLD	0.22760983662945883	0.4100231783730643
6544	COLD	0.3696787357330322	0.5505214503833226
6561	COLD	0.24294037904058183	0.4399470388889313
7092	COLD	0.2922845014504024	0.5261019766330719
7302	COLD	0.2893028770174299	0.4768695022378649
7476	COLD	0.2776562422513962	0.5076526403427124
7559	COLD	0.26328707167080473	0.4953551207269941
7657	COLD	0.29579676049096243	0.45044468130384174
7770	COLD	0.24332948454788753	0.47839481489998953
7793	COLD	0.2966975910323007	0.49552728874342783
7797	COLD	0.2776998111179897	0.5171045107500893
8025	COLD	0.24655543906348093	0.43139067717960905
8049	COLD	0.2817450038024357	0.49224105051585604
8094	COLD	0.2618119205747332	0.46263871022633146
8419	COLD	0.23694169308458055	0.4538957561765398
8438	COLD	0.2505729581628527	0.4684031776019505
8468	COLD	0.2548487527029855	0.43689087459019255
8815	COLD	0.27169517959867207	0.48429245608193533
8878	COLD	0.275973128420966	0.5112607777118683
9012	COLD	0.1798489327941622	0.31095618861062185
10886	COLD	0.2585126608610153	0.4832684312547956
11567	COLD	0.40964130418641226	0.5883661764008659
12020	COLD	0.26264192376817974	0.4626285433769226
12265	COLD	0.28678673080035616	0.45001346724373953
12377	COLD	0.2088942527770996	0.34865779536111013
16537	COLD	0.31389269658497404	0.5228815717356545
17898	COLD	0.2025200937475477	0.3880160578659603
18467	COLD	0.21611121722630092	0.3743385928017752
21363	COLD	0.2643243138279234	0.47308322361537386
27440	COLD	0.20399624960763113	0.37924509389059885
31219	COLD	0.302610559122903	0.5401175192424229
31276	COLD	0.309834395136152	0.5432443789073399
31283	COLD	0.28210318301405224	0.4961483819144113
60998	COLD	0.20893642944949015	0.4311708893094744
61523	COLD	0.2706972999232156	0.4776624994618552
62351	COLD	0.1665942030293601	0.3283667734691075
62465	COLD	0.2311138255255563	0.3947306658540453
251531	COLD	0.2717330413205283	0.43322888016700745
440917	COLD	0.558275180203574	0.722071247441428
637758	COLD	0.2373359969684056	0.45443723457200186
1549025	COLD	0.22868001461029053	0.43205166714532034
2733294	COLD	0.26746768185070585	0.49045221294675556
5281167	COLD	0.27526216421808514	0.4892089920384543
5281168	COLD	0.26148303917476107	0.43208748953683035
5318599	COLD	0.3156419907297407	0.5176349367414202
5352837	COLD	0.29971225346837727	0.502010098525456
5364231	COLD	0.21515156541551864	0.4349573126861027
262	COLD	0.30997503229549955	0.49924692937306
323	COLD	0.312139379126685	0.5376216982092176
750	COLD	0.29283152733530315	0.46753970214298796
753	COLD	0.28274463755743845	0.46268002901758465
962	COLD	0.30540833302906584	0.5043392309120723
5862	COLD	0.1937940376145499	0.3241030403545925
5962	COLD	0.21978865350995744	0.3750811048916408
6274	COLD	0.28641296710286823	0.4653177091053554
6322	COLD	0.2726572496550424	0.4504530940737043
6669	COLD	0.23575589486530849	0.4367305210658482
7137	COLD	0.20791369463716233	0.4436229297092983
15654	COLD	0.17848331800528935	0.3336687002863203
62089	COLD	0.2659298117671694	0.463214316538402
853433	COLD	0.24337145260402135	0.46812960931233
5371102	COLD	0.27968006474631174	0.4856999261038644
10857465	COLD	0.3666356844561441	0.6004754815782819
180	SOUR	0.33794376254081726	0.5752340299742562
264	SOUR	0.6643213885171073	0.8439327904156276
702	SOUR	0.2666222495692117	0.5077179670333862
1031	SOUR	0.24820066562720708	0.47868216037750244
3102	SOUR	0.20015854707786015	0.4489931804793222
3314	SOUR	0.14381285331078938	0.3393019608088902
6506	SOUR	0.30137361373220173	0.5289192071982792
6544	SOUR	0.30984169031892506	0.5066536026341575
6561	SOUR	0.4980433072362627	0.7235332727432251
7092	SOUR	0.17251991480588913	0.3997421647821154
7302	SOUR	0.29277342557907104	0.5358049528939384
7476	SOUR	0.17172965833118983	0.4119726760046823
7559	SOUR	0.2450390692268099	0.4913838931492397
7657	SOUR	0.24364597243922098	0.49547634380204336
7770	SOUR	0.36500374334199087	0.6125612854957581
7793	SOUR	0.18400817896638597	0.404982613665717
7797	SOUR	0.19276353078229086	0.45512485929897856
8025	SOUR	0.3121640980243683	0.5456816043172564
8049	SOUR	0.23040382138320378	0.4595570223672049
8094	SOUR	0.47427130171230863	0.6740324582372393
8419	SOUR	0.17081658755029952	0.39727755955287386
8438	SOUR	0.12587011924811772	0.32392468197005136
8468	SOUR	0.15654693756784713	0.39422579748289927
8815	SOUR	0.1906991026231221	0.429219799382346
8878	SOUR	0.2031476412500654	0.4665100063596453
9012	SOUR	0.37139104519571575	0.6436058878898621
10886	SOUR	0.20201856110777175	0.473176862512316
11567	SOUR	0.33023530670574736	0.5433687738009861
12020	SOUR	0.25284765873636517	0.4916114849703653
12265	SOUR	0.27257625332900454	0.5079558321407863
12377	SOUR	0.47418775303023203	0.7435518162591117
16537	SOUR	0.22287004334586008	0.4692621869700296
17898	SOUR	0.2941142576081412	0.5399303436279297
18467	SOUR	0.2583197035959789	0.5011522216456277
21363	SOUR	0.4590968447072165	0.6623543330601284
27440	SOUR	0.3461043196065085	0.5927640795707703
31219	SOUR	0.22044488787651062	0.47978095923151287
31276	SOUR	0.22803017497062683	0.5014760494232178
31283	SOUR	0.2324244784457343	0.4771569584097181
60998	SOUR	0.2539288933788027	0.49757708821977886
61523	SOUR	0.2406494596174785	0.48648321628570557
62351	SOUR	0.38349077105522156	0.6465497953551156
62465	SOUR	0.18039027920791081	0.4332833630698068
251531	SOUR	0.1542833937065942	0.3725199443953378
440917	SOUR	0.19307858177593776	0.4164466602461679
637758	SOUR	0.244205647281238	0.46906745433807373
1549025	SOUR	0.27580215462616514	0.5094623778547559
2733294	SOUR	0.23648990264960698	0.4972155179296221
5281167	SOUR	0.24495458602905273	0.48454454966953825
5281168	SOUR	0.4234347386019571	0.6247216207640511
5318599	SOUR	0.29119433036872316	0.5070889975343432
5352837	SOUR	0.24820989583219802	0.4664620927401951
5364231	SOUR	0.33558413812092375	0.5623320766857692
262	SOUR	0.19934456050395966	0.43161396043641226
323	SOUR	0.15220740756818227	0.36193100469452993
750	SOUR	0.221085467508861	0.48374480860573904
753	SOUR	0.2115942601646696	0.45650939430509296
962	SOUR	0.23632685840129852	0.4907271606581552
5862	SOUR	0.2958097202437265	0.5853831938334874
5962	SOUR	0.4285650849342346	0.670209424836295
6274	SOUR	0.1941543753658022	0.45745336157935007
6322	SOUR	0.2829417288303375	0.5560727034296308
6669	SOUR	0.21708728160176957	0.44788739936692373
7137	SOUR	0.11571883623089109	0.33339095967156546
15654	SOUR	0.2617779586996351	0.528350157397134
62089	SOUR	0.44765990121023996	0.6503043685640607
853433	SOUR	0.13978427542107447	0.3309040495327541
5371102	SOUR	0.21675590106419154	0.4667459470885141
10857465	SOUR	0.2824229725769588	0.5219250108514514
180	BURNT	0.10200153184788567	0.34005301339285715
264	BURNT	0.1182444840669632	0.4073117460523333
702	BURNT	0.09551525967461723	0.32819999541555134
1031	BURNT	0.09274500023041453	0.30661886504718233
3102	BURNT	0.12643284457070486	0.3922732983316694
3314	BURNT	0.13527238368988037	0.4260523532118116
6506	BURNT	0.10682119429111481	0.33885369982038227
6544	BURNT	0.0967944785952568	0.29850333077566965
6561	BURNT	0.1420193346483367	0.4484573219503675
7092	BURNT	0.09518347893442426	0.3289587880883898
7302	BURNT	0.21015379684312002	0.461502594607217
7476	BURNT	0.07164296667490687	0.2695779651403427
7559	BURNT	0.05644232886178153	0.2447018665926797
7657	BURNT	0.18356271939618246	0.4723169335297176
7770	BURNT	0.06071243115833828	0.2373413017817906
7793	BURNT	0.08795758390000888	0.3191413240773337
7797	BURNT	0.02709071178521429	0.23312699581895555
8025	BURNT	0.09131293797067233	0.3057263365813664
8049	BURNT	0.08016568688409668	0.28314841219357084
8094	BURNT	0.14960758600916182	0.47269115703446524
8419	BURNT	0.12325500803334373	0.4324626922607422
8438	BURNT	0.09822921029159001	0.3443531904901777
8468	BURNT	0.16932119641985213	0.46834888628550936
8815	BURNT	0.08670341915317945	0.3304429352283478
8878	BURNT	0.04554095385330064	0.24858667382172175
9012	BURNT	0.3371128567627498	0.6528298599379403
10886	BURNT	0.07496270484157971	0.2832585998943874
11567	BURNT	0.16420012606041773	0.3831090841974531
12020	BURNT	0.12336718929665429	0.34000134468078613
12265	BURNT	0.15671386676175253	0.4097519516944885
12377	BURNT	0.19451493450573512	0.49390422446387156
16537	BURNT	0.07282694854906627	0.27452072288308826
17898	BURNT	0.25435814900057657	0.5704285843031747
18467	BURNT	0.21774006741387503	0.5266232320240566
21363	BURNT	0.11479201061385018	0.3982347675732204
27440	BURNT	0.2897211355822427	0.6073023165975299
31219	BURNT	0.05747996856059347	0.24557229663644517
31276	BURNT	0.04822471844298499	0.22950525794710433
31283	BURNT	0.12066548104797091	0.3625756459576743
60998	BURNT	0.07812841742166451	0.2858387359551021
61523	BURNT	0.11973105264561516	0.382364068712507
62351	BURNT	0.26581911529813496	0.574170572417123
62465	BURNT	0.24435865453311376	0.6387231860842023
251531	BURNT	0.09259209728666715	0.2638736920697348
440917	BURNT	0.02963384027991976	0.2555942918573107
637758	BURNT	0.04119173384138516	0.19614786761147635
1549025	BURNT	0.1331356284873826	0.341189695256097
2733294	BURNT	0.09067001725946154	0.31199197684015545
5281167	BURNT	0.12512865023953573	0.3772294521331787
5281168	BURNT	0.17785934039524623	0.5377493245261056
5318599	BURNT	0.1560436018875667	0.4625379315444401
5352837	BURNT	0.1491801611014775	0.4199415700776236
5364231	BURNT	0.17727149810109818	0.4384196826389858
262	BURNT	0.11732599777834755	0.3204565644264221
323	BURNT	0.11466165419135775	0.3298181806291853
750	BURNT	0.1784404878105436	0.43836078473499845
753	BURNT	0.14008173133645738	0.3788308926991054
962	BURNT	0.14542764212403977	0.4179312969957079
5862	BURNT	0.2595570981502533	0.5440277116639274
5962	BURNT	0.21876884358269827	0.5211126336029598
6274	BURNT	0.1618196644953319	0.46387627720832825
6322	BURNT	0.16506816446781158	0.4650088463510786
6669	BURNT	0.07663612227354731	0.2738540215151651
7137	BURNT	0.14532580545970372	0.4122000421796526
15654	BURNT	0.26729792782238554	0.5868335153375354
62089	BURNT	0.1774836012295314	0.5042987508433205
853433	BURNT	0.13513499179056712	0.43562069961002897
5371102	BURNT	0.1045482765351023	0.32706927614552633
10857465	BURNT	0.13186589628458023	0.438507433448519
180	ACID	0.2760459589106696	0.45012217334338595
264	ACID	0.2625145784446171	0.4348711797169277
702	ACID	0.18630130801882064	0.3636457622051239
1031	ACID	0.19343553270612443	0.3782179483345577
3102	ACID	0.24049159245831625	0.4537272666181837
3314	ACID	0.11326745099255017	0.2988064970288958
6506	ACID	0.18240990809031896	0.3594024309090206
6544	ACID	0.3027136964457376	0.5180724603789193
6561	ACID	0.33414255295481	0.510427692106792
7092	ACID	0.18369340896606445	0.37598747866494314
7302	ACID	0.3454938701220921	0.5222749326910291
7476	ACID	0.17194623287234986	0.3923015424183437
7559	ACID	0.203473157116345	0.43705486399786814
7657	ACID	0.3177018314599991	0.5273290233952659
7770	ACID	0.20444852326597487	0.4100043943950108
7793	ACID	0.2345977830035346	0.44936431305749075
7797	ACID	0.0826066503567355	0.28087602981499266
8025	ACID	0.2805110790899822	0.4513511487415859
8049	ACID	0.17782499747616903	0.36940780707768034
8094	ACID	0.2994430363178253	0.48859228832381113
8419	ACID	0.17497362994721957	0.3492497376033238
8438	ACID	0.09728637763432094	0.2834967374801636
8468	ACID	0.15652409834521158	0.336892443043845
8815	ACID	0.1931587883404323	0.3872314691543579
8878	ACID	0.10322902032307216	0.3110811071736472
9012	ACID	0.3109502579484667	0.51678780572755
10886	ACID	0.14899629673787526	0.3593225734574454
11567	ACID	0.4704247713088989	0.6672019532748631
12020	ACID	0.31142557518822805	0.5012971716267722
12265	ACID	0.38074379733630587	0.544070942061288
12377	ACID	0.28578878939151764	0.48466501917157856
16537	ACID	0.18584671510117395	0.411002265555518
17898	ACID	0.21314928574221476	0.4274178785937173
18467	ACID	0.20589097482817514	0.40075421759060453
21363	ACID	0.29788678884506226	0.48985708185604643
27440	ACID	0.3205529749393463	0.5334178081580571
31219	ACID	0.21428891590663365	0.45048706446375164
31276	ACID	0.2602079510688782	0.4922749400138855
31283	ACID	0.2100289123398917	0.40097365634781973
60998	ACID	0.17368479924542563	0.4080618619918823
61523	ACID	0.2263210586139134	0.46095370820590426
62351	ACID	0.23220473102160863	0.4187994343893869
62465	ACID	0.24345336428710393	0.44851997920445036
251531	ACID	0.11858874027218137	0.31386456319264006
440917	ACID	0.23628572268145426	0.4738864813532148
637758	ACID	0.12861844577959605	0.33972668647766113
1549025	ACID	0.19045629990952356	0.36251295038631987
2733294	ACID	0.1330418363213539	0.32651778204100473
5281167	ACID	0.2244880348443985	0.4377415180206299
5281168	ACID	0.34161348428045	0.5587374184812818
5318599	ACID	0.27658570451395853	0.5042319978986468
5352837	ACID	0.22768979626042501	0.4417593223708017
5364231	ACID	0.20594828682286398	0.418017532144274
262	ACID	0.2358845600060054	0.42683339970452444
323	ACID	0.16498213580676488	0.3649113007954189
750	ACID	0.20009051263332367	0.39134383627346586
753	ACID	0.22535045444965363	0.40607734663145884
962	ACID	0.288512579032353	0.46910075204713003
5862	ACID	0.20805411679404123	0.3686915210315159
5962	ACID	0.26902912131377626	0.43196634309632437
6274	ACID	0.19142288182462966	0.3765888512134552
6322	ACID	0.22646585319723403	0.4034432257924761
6669	ACID	0.1476528240101678	0.2932253075497491
7137	ACID	0.10720400991184371	0.3084472971303122
15654	ACID	0.18507657732282365	0.3917758890560695
62089	ACID	0.3701312243938446	0.56238340479987
853433	ACID	0.11993857845664024	0.3106291719845363
5371102	ACID	0.22147037088871002	0.4319623368127005
10857465	ACID	0.4163139121873038	0.6206974387168884
180	WARM	0.24765782271112716	0.4879219489438193
264	WARM	0.2862670783485685	0.5714962993349347
702	WARM	0.24312373570033483	0.4862768735204424
1031	WARM	0.2382348541702543	0.4737983729158129
3102	WARM	0.27024277831826893	0.517276908670153
3314	WARM	0.5070887718881879	0.6964545505387443
6506	WARM	0.29527303150721956	0.5209376471383231
6544	WARM	0.28345983369009836	0.5415335297584534
6561	WARM	0.27870538192135946	0.5401622653007507
7092	WARM	0.35035031608172823	0.5986430985586983
7302	WARM	0.29775321057864595	0.5663530060223171
7476	WARM	0.315522911293166	0.5214901694229671
7559	WARM	0.2996807268687657	0.5848445125988552
7657	WARM	0.27826050562517984	0.5590282593454633
7770	WARM	0.2898602655955723	0.5618141123226711
7793	WARM	0.286075975213732	0.53061991078513
7797	WARM	0.31879374384880066	0.6133254511015755
8025	WARM	0.22413640362875803	0.45229301282337736
8049	WARM	0.2886617822306497	0.5333985686302185
8094	WARM	0.29826056957244873	0.5706876856940133
8419	WARM	0.45286732060568674	0.6586245128086635
8438	WARM	0.4755886324814388	0.6542075616972787
8468	WARM	0.4406768466745104	0.6407403349876404
8815	WARM	0.29072169746671406	0.5549443449292865
8878	WARM	0.31233601910727365	0.6066102811268398
9012	WARM	0.3393765219620296	0.642157895224435
10886	WARM	0.27047355685915264	0.5442766376904079
11567	WARM	0.28835365389074596	0.5409783124923706
12020	WARM	0.23567583518368856	0.4863374616418566
12265	WARM	0.2616190505879266	0.5121291364942279
12377	WARM	0.32246670552662443	0.640863972050803
16537	WARM	0.2614804059267044	0.5277876683643886
17898	WARM	0.37582642691476004	0.6091309700693402
18467	WARM	0.34316934858049664	0.5742965851511274
21363	WARM	0.3064577579498291	0.5713546616690499
27440	WARM	0.359764039516449	0.6251508252961295
31219	WARM	0.2958295941352844	0.5498816456113543
31276	WARM	0.24117268834795272	0.5321779932294574
31283	WARM	0.29136056133678984	0.5268374724047524
60998	WARM	0.32293289048331125	0.5893456595284599
61523	WARM	0.29676135948726107	0.5615925874028888
62351	WARM	0.331955292395183	0.6273302861622402
62465	WARM	0.4259899982384273	0.6977367997169495
251531	WARM	0.32514427815164837	0.5184030830860138
440917	WARM	0.2614065855741501	0.5588864428656442
637758	WARM	0.3608738141400473	0.5980673432350159
1549025	WARM	0.26520584736551556	0.5259280332497188
2733294	WARM	0.28180618797029766	0.5539510079792568
5281167	WARM	0.2718333750963211	0.546956079346793
5281168	WARM	0.2906611008303506	0.5619743892124721
5318599	WARM	0.2858665734529495	0.575239760535104
5352837	WARM	0.2810608872345516	0.5572637745312282
5364231	WARM	0.30406698158809115	0.5472239681652614
262	WARM	0.24520265417439596	0.49112543889454435
323	WARM	0.4511352351733616	0.6977728009223938
750	WARM	0.3043002869401659	0.5426283989633832
753	WARM	0.2791641056537628	0.5136258048670632
962	WARM	0.2707579178469522	0.5240209656102317
5862	WARM	0.34185972809791565	0.6092717392104012
5962	WARM	0.3102885825293405	0.5781718577657428
6274	WARM	0.30708466683115276	0.5307901927403041
6322	WARM	0.2698743896824973	0.5116739656244006
6669	WARM	0.3653204143047333	0.6223101190158299
7137	WARM	0.5410343664033073	0.768289463860648
15654	WARM	0.3897900666509356	0.6347514135496957
62089	WARM	0.2938329705170223	0.5638852034296308
853433	WARM	0.510152029139655	0.6983214105878558
5371102	WARM	0.23000086631093705	0.4942278095654079
10857465	WARM	0.33479258843830656	0.6056608898299081
180	MUSKY	0.30475578563553946	0.5069754251411983
264	MUSKY	0.5944627395698002	0.8160258531570435
702	MUSKY	0.26833048675741467	0.44902604818344116
1031	MUSKY	0.24732372164726257	0.42580024685178486
3102	MUSKY	0.24277989779199874	0.4639247442994799
3314	MUSKY	0.1553727388381958	0.336656208549227
6506	MUSKY	0.25830536655017305	0.46961706451007296
6544	MUSKY	0.2773145522390093	0.48872888939721243
6561	MUSKY	0.4926246064049857	0.7339258449418204
7092	MUSKY	0.1765709923846381	0.35596095664160593
7302	MUSKY	0.30971274631364004	0.5339839713914054
7476	MUSKY	0.19683186284133367	0.4280368515423366
7559	MUSKY	0.22359581291675568	0.46530625224113464
7657	MUSKY	0.2671417785542352	0.49346478496279034
7770	MUSKY	0.2613819135086877	0.47266049470220295
7793	MUSKY	0.22394143044948578	0.4744496430669512
7797	MUSKY	0.09772247022816113	0.3083701304027012
8025	MUSKY	0.2564418911933899	0.4483718148299626
8049	MUSKY	0.20755658192293985	0.39411088824272156
8094	MUSKY	0.4572541969163077	0.7038801397596087
8419	MUSKY	0.20206100387232645	0.43545345749173847
8438	MUSKY	0.15001971487488067	0.32989552191325594
8468	MUSKY	0.20087611036641256	0.4060855039528438
8815	MUSKY	0.15534817001649312	0.33230712158339365
8878	MUSKY	0.13051786593028478	0.34257157359804424
9012	MUSKY	0.3701292446681431	0.6410776887621198
10886	MUSKY	0.16056159883737564	0.38695082919938223
11567	MUSKY	0.31965834328106474	0.5651277686868396
12020	MUSKY	0.2244072833231517	0.4418826145785196
12265	MUSKY	0.24931339493819646	0.4753333968775613
12377	MUSKY	0.3924277126789093	0.6936982699802944
16537	MUSKY	0.13560680619307927	0.35229164361953735
17898	MUSKY	0.34576344064303804	0.6053093671798706
18467	MUSKY	0.3060082793235779	0.5437132886477879
21363	MUSKY	0.4878088022981371	0.7396811672619411
27440	MUSKY	0.3643988243171147	0.6352277483258929
31219	MUSKY	0.17949239909648895	0.41379510930606295
31276	MUSKY	0.145108985049384	0.37359921421323505
31283	MUSKY	0.26304064265319277	0.48942085249083384
60998	MUSKY	0.2823002466133663	0.5411316922732762
61523	MUSKY	0.24612324791295187	0.4939553567341396
62351	MUSKY	0.3673927571092333	0.6417843784604754
62465	MUSKY	0.25546732544898987	0.5063452124595642
251531	MUSKY	0.2029779553413391	0.3764657591070448
440917	MUSKY	0.06977657015834536	0.22344484712396348
637758	MUSKY	0.22167163235800608	0.47458113942827496
1549025	MUSKY	0.17415843265397207	0.4024800487927028
2733294	MUSKY	0.1551693624683789	0.3555602239710944
5281167	MUSKY	0.21469871274062566	0.4350823887756893
5281168	MUSKY	0.43335082275526865	0.6563075951167515
5318599	MUSKY	0.3110596793038504	0.5507973219667163
5352837	MUSKY	0.24825643002986908	0.46963672978537424
5364231	MUSKY	0.26911542245319914	0.49182354126657757
262	MUSKY	0.2148523202964238	0.375096789428166
323	MUSKY	0.17697798567158834	0.34836724400520325
750	MUSKY	0.2706169698919569	0.4467034339904785
753	MUSKY	0.23720737865992955	0.4048050216266087
962	MUSKY	0.2802689458642687	0.4928131656987326
5862	MUSKY	0.336669134242194	0.58261867080416
5962	MUSKY	0.43613806792667936	0.6910023518971035
6274	MUSKY	0.2596344160182135	0.45717435223715647
6322	MUSKY	0.3298001161643437	0.5465673633984157
6669	MUSKY	0.27934230864048004	0.48239561915397644
7137	MUSKY	0.17011759536606924	0.32729457957404
15654	MUSKY	0.31993019580841064	0.5825223922729492
62089	MUSKY	0.4628552794456482	0.7187522905213493
853433	MUSKY	0.15318079718521663	0.3291381469794682
5371102	MUSKY	0.231513506599835	0.4579761454037258
10857465	MUSKY	0.3252380107130323	0.632194561617715
180	SWEATY	0.201657663498606	0.3776590015207018
264	SWEATY	0.45302990078926086	0.7155400855200631
702	SWEATY	0.14983078411647252	0.3179937260491507
1031	SWEATY	0.1392907542841775	0.2891421892813274
3102	SWEATY	0.09864935278892517	0.24143198984009878
3314	SWEATY	0.023550466767379215	0.12799745691674097
6506	SWEATY	0.13878150922911509	0.32069339071001324
6544	SWEATY	0.14318273110049112	0.30480217720781055
6561	SWEATY	0.33281233268124716	0.5753078503268105
7092	SWEATY	0.062323033809661865	0.1685494812471526
7302	SWEATY	0.15270961608205522	0.3399107243333544
7476	SWEATY	0.07704847572105271	0.20824800431728363
7559	SWEATY	0.12013695601906095	0.29128678355898174
7657	SWEATY	0.1317124760576657	0.27872411268098013
7770	SWEATY	0.17480342090129852	0.3486086790050779
7793	SWEATY	0.0961022110921996	0.22874384905610765
7797	SWEATY	0.035768265436802595	0.15264312284333365
8025	SWEATY	0.15873412575040544	0.32254375730242046
8049	SWEATY	0.08694425970315933	0.22220251389912196
8094	SWEATY	0.28800644619124277	0.49180937664849417
8419	SWEATY	0.04762999686811652	0.1882953324488231
8438	SWEATY	0.030064013387475694	0.12508889074836457
8468	SWEATY	0.050492703382458	0.1915812130485262
8815	SWEATY	0.07766801651035037	0.1887239451919283
8878	SWEATY	0.03991882662687983	0.17132235424859182
9012	SWEATY	0.20852558314800262	0.4360843854291098
10886	SWEATY	0.07085933004106794	0.23409238457679749
11567	SWEATY	0.13578518905809947	0.33377577151571003
12020	SWEATY	0.12134757318667003	0.2733802114214216
12265	SWEATY	0.1245834401675633	0.2770563598190035
12377	SWEATY	0.2337822445801326	0.5455163632120404
16537	SWEATY	0.061885022691317966	0.18428851664066315
17898	SWEATY	0.14500723779201508	0.3648954544748579
18467	SWEATY	0.12404435340847288	0.31730406624930246
21363	SWEATY	0.32565457480294363	0.5840164848736354
27440	SWEATY	0.1679558413369315	0.38283686552728924
31219	SWEATY	0.08373308607510158	0.23749891774994986
31276	SWEATY	0.06771471457821983	0.20478569396904536
31283	SWEATY	0.12729321420192719	0.2927583839212145
60998	SWEATY	0.145204059779644	0.36401839767183575
61523	SWEATY	0.11579781238521848	0.28471330659730093
62351	SWEATY	0.22314446313040598	0.45336589217185974
62465	SWEATY	0.059912161103316715	0.22931844634669168
251531	SWEATY	0.07592421370957579	0.16266004421881267
440917	SWEATY	0.003125981826867376	0.06721517284001623
637758	SWEATY	0.12581645590918406	0.3074462924684797
1549025	SWEATY	0.10004830892596926	0.3177481485264642
2733294	SWEATY	0.08481279228414808	0.24176289992673056
5281167	SWEATY	0.10972826927900314	0.27335439196654726
5281168	SWEATY	0.27388063073158264	0.46791496872901917
5318599	SWEATY	0.15720212033816747	0.31369363623006
5352837	SWEATY	0.12266492630754199	0.2515808514186314
5364231	SWEATY	0.16078854671546391	0.33434381016663145
262	SWEATY	0.10421231176171984	0.2119082978793553
323	SWEATY	0.05029457275356565	0.14273158460855484
750	SWEATY	0.13595518150499888	0.30083306772368296
753	SWEATY	0.1139192943062101	0.24911879428795405
962	SWEATY	0.12860944547823497	0.30628086413655964
5862	SWEATY	0.19679679615156992	0.4095475545951298
5962	SWEATY	0.2899824231863022	0.5283544787338802
6274	SWEATY	0.1151652101959501	0.287833496928215
6322	SWEATY	0.19739177823066711	0.40060149346079144
6669	SWEATY	0.15363272811685288	0.3242560795375279
7137	SWEATY	0.052156263696295876	0.12745221704244614
15654	SWEATY	0.13945619336196355	0.3507727256843022
62089	SWEATY	0.2834705093077251	0.503723178591047
853433	SWEATY	0.025951616998229707	0.1103626617363521
5371102	SWEATY	0.11469796832118716	0.2644612640142441
10857465	SWEATY	0.1690254168851035	0.35774220313344685
180	AMMONIA/URINOUS	0.28953653999737333	0.4345772649560656
264	AMMONIA/URINOUS	0.4118248351982662	0.5659800597599575
702	AMMONIA/URINOUS	0.19353371007101877	0.33178554262433735
1031	AMMONIA/URINOUS	0.2080627339226859	0.35534217953681946
3102	AMMONIA/URINOUS	0.24194578187806265	0.40408599376678467
3314	AMMONIA/URINOUS	0.10043674281665257	0.24908225238323212
6506	AMMONIA/URINOUS	0.18264089950493403	0.34144459877695355
6544	AMMONIA/URINOUS	0.3280783636229379	0.4603089988231659
6561	AMMONIA/URINOUS	0.44422299947057453	0.6043154682431903
7092	AMMONIA/URINOUS	0.19843430178506033	0.3391553206103189
7302	AMMONIA/URINOUS	0.3664185106754303	0.5162090105669839
7476	AMMONIA/URINOUS	0.19075390909399306	0.325014808348247
7559	AMMONIA/URINOUS	0.2985850061689104	0.4456521783556257
7657	AMMONIA/URINOUS	0.3265662725482668	0.4748697578907013
7770	AMMONIA/URINOUS	0.2628249909196581	0.40990752833230154
7793	AMMONIA/URINOUS	0.2900972749505724	0.4427151381969452
7797	AMMONIA/URINOUS	0.07907503311123167	0.1653012250150953
8025	AMMONIA/URINOUS	0.2775327265262604	0.42142047200884136
8049	AMMONIA/URINOUS	0.1413731426000595	0.28994813561439514
8094	AMMONIA/URINOUS	0.3311317392757961	0.4906020973409925
8419	AMMONIA/URINOUS	0.15615588958774293	0.29554283618927
8438	AMMONIA/URINOUS	0.10020088617290769	0.214101180434227
8468	AMMONIA/URINOUS	0.1556082389184407	0.2927399320261819
8815	AMMONIA/URINOUS	0.1491512017590659	0.31430503726005554
8878	AMMONIA/URINOUS	0.11968673446348735	0.22438253249440873
9012	AMMONIA/URINOUS	0.3897402456828526	0.5806759297847748
10886	AMMONIA/URINOUS	0.19510671070643834	0.3180702733142035
11567	AMMONIA/URINOUS	0.5009770606245313	0.6686811532293048
12020	AMMONIA/URINOUS	0.30325090885162354	0.4640107495444162
12265	AMMONIA/URINOUS	0.39490065830094473	0.5363473679338183
12377	AMMONIA/URINOUS	0.35595372319221497	0.5723835868494851
16537	AMMONIA/URINOUS	0.18393103778362274	0.35003842200551716
17898	AMMONIA/URINOUS	0.2533605375460216	0.44647625940186636
18467	AMMONIA/URINOUS	0.2334023756640298	0.407222534929003
21363	AMMONIA/URINOUS	0.43934644545827595	0.568477886063712
27440	AMMONIA/URINOUS	0.3616411175046648	0.5459578633308411
31219	AMMONIA/URINOUS	0.23367192915507726	0.3842158147266933
31276	AMMONIA/URINOUS	0.26184434975896564	0.43916119422231403
31283	AMMONIA/URINOUS	0.18769310201917375	0.33742389934403555
60998	AMMONIA/URINOUS	0.3415160732609885	0.4898989370891026
61523	AMMONIA/URINOUS	0.26645482012203764	0.42522360597337994
62351	AMMONIA/URINOUS	0.2973625191620418	0.46768514599118916
62465	AMMONIA/URINOUS	0.25004120809691294	0.4777156582900456
251531	AMMONIA/URINOUS	0.14589325657912663	0.2724217964070184
440917	AMMONIA/URINOUS	0.2040374151297978	0.3733442383153098
637758	AMMONIA/URINOUS	0.23549717238971166	0.3671680177961077
1549025	AMMONIA/URINOUS	0.15104054020983831	0.3304218905312674
2733294	AMMONIA/URINOUS	0.12879281597478048	0.22597120915140426
5281167	AMMONIA/URINOUS	0.20558867284229823	0.3832823761871883
5281168	AMMONIA/URINOUS	0.3376587842191969	0.49873768431799753
5318599	AMMONIA/URINOUS	0.2575137061732156	0.41155198216438293
5352837	AMMONIA/URINOUS	0.20329660602978297	0.3551443432058607
5364231	AMMONIA/URINOUS	0.16436366949762618	0.34349188208580017
262	AMMONIA/URINOUS	0.21481823921203613	0.3619390470641
323	AMMONIA/URINOUS	0.20847683932100022	0.32375825728688923
750	AMMONIA/URINOUS	0.20108468617711747	0.3517309810434069
753	AMMONIA/URINOUS	0.22603522666863032	0.36076478021485464
962	AMMONIA/URINOUS	0.2776992789336613	0.4433585149901254
5862	AMMONIA/URINOUS	0.30636348894664217	0.4626915156841278
5962	AMMONIA/URINOUS	0.3293474955218179	0.47302395956856863
6274	AMMONIA/URINOUS	0.17720152011939458	0.329496545451028
6322	AMMONIA/URINOUS	0.2413080292088645	0.38787740043231417
6669	AMMONIA/URINOUS	0.20763667140688216	0.2922756629330771
7137	AMMONIA/URINOUS	0.16921907663345337	0.29051434780870167
15654	AMMONIA/URINOUS	0.25652467565877096	0.4376730706010546
62089	AMMONIA/URINOUS	0.4054002123219626	0.5611203568322318
853433	AMMONIA/URINOUS	0.11178154604775566	0.2503166539328439
5371102	AMMONIA/URINOUS	0.18020912153380259	0.33807450958660673
10857465	AMMONIA/URINOUS	0.4608866572380066	0.6264555965151105
180	DECAYED	0.12529082276991435	0.3770007533686502
264	DECAYED	0.3160054087638855	0.6475047724587577
702	DECAYED	0.09259748458862305	0.31510321157319204
1031	DECAYED	0.09034199693373271	0.30317322271210806
3102	DECAYED	0.06769815353410584	0.28540914825030733
3314	DECAYED	0.03748542895274503	0.20857689210346766
6506	DECAYED	0.09922953695058823	0.31071553911481586
6544	DECAYED	0.121062271296978	0.350510231086186
6561	DECAYED	0.2226101883820125	0.5482285150459835
7092	DECAYED	0.05005419147866113	0.22352567953722818
7302	DECAYED	0.11065259469406945	0.3604627251625061
7476	DECAYED	0.05925660952925682	0.22590646573475429
7559	DECAYED	0.11785671966416496	0.37461401735033306
7657	DECAYED	0.10152799848999296	0.36472788027354647
7770	DECAYED	0.15869860989706858	0.41054508090019226
7793	DECAYED	0.052516351853098185	0.23051168024539948
7797	DECAYED	0.07351957580872945	0.27548058331012726
8025	DECAYED	0.10797998415572303	0.3472339000020708
8049	DECAYED	0.07026087492704391	0.2570323518344334
8094	DECAYED	0.2048313788005284	0.505014990057264
8419	DECAYED	0.05445991775819233	0.23147103829043253
8438	DECAYED	0.04491578148944037	0.1999401237283434
8468	DECAYED	0.05236631631851196	0.22075005727154867
8815	DECAYED	0.07051258587411471	0.28712451457977295
8878	DECAYED	0.07549380511045456	0.28005353042057585
9012	DECAYED	0.2457611049924578	0.5608308187552861
10886	DECAYED	0.08885735486234937	0.3146885633468628
11567	DECAYED	0.14899059065750667	0.4352064686162131
12020	DECAYED	0.09285223058291844	0.33108806184359957
12265	DECAYED	0.10623231955936976	0.38932853511401583
12377	DECAYED	0.32890880959374563	0.6696549909455436
16537	DECAYED	0.06599566553320203	0.2739786463124411
17898	DECAYED	0.13898020131247385	0.4314161794526236
18467	DECAYED	0.11510226662669863	0.38307531816618784
21363	DECAYED	0.21597181686333247	0.51505360858781
27440	DECAYED	0.17489896288939885	0.4891939376081739
31219	DECAYED	0.09816359196390424	0.3291757915701185
31276	DECAYED	0.08155543144260134	0.34505900740623474
31283	DECAYED	0.07393991787518774	0.2785833499261311
60998	DECAYED	0.11194826449666705	0.3613403226648058
61523	DECAYED	0.09268383788211006	0.3114076980522701
62351	DECAYED	0.2272721230983734	0.5246195111955915
62465	DECAYED	0.08130360980119024	0.33056221689496723
251531	DECAYED	0.048942992995892255	0.20610269265515463
440917	DECAYED	0.05056751359786306	0.2058475123984473
637758	DECAYED	0.09928447327443532	0.3264313893658774
1549025	DECAYED	0.09377113516841616	0.31131942357335773
2733294	DECAYED	0.09935557203633445	0.3547374648707254
5281167	DECAYED	0.1061813480087689	0.3676042982510158
5281168	DECAYED	0.19282583040850504	0.4605281778744289
5318599	DECAYED	0.12762497471911566	0.3335299960204533
5352837	DECAYED	0.1069095294390406	0.3113869939531599
5364231	DECAYED	0.13696486396448954	0.3871239296027592
262	DECAYED	0.06303396874240466	0.266333669424057
323	DECAYED	0.045562922422374995	0.2228689811059407
750	DECAYED	0.07484997063875198	0.28341243096760343
753	DECAYED	0.07820223271846771	0.28707586441721233
962	DECAYED	0.07307507363813263	0.3107122778892517
5862	DECAYED	0.17100475302764348	0.44436987808772493
5962	DECAYED	0.19815128403050558	0.4809224009513855
6274	DECAYED	0.06529493523495537	0.27252339465277536
6322	DECAYED	0.0958084346992629	0.34000849298068453
6669	DECAYED	0.08520373329520226	0.2611993934426989
7137	DECAYED	0.06511853209563664	0.2460417002439499
15654	DECAYED	0.13529482696737563	0.4177477104323251
62089	DECAYED	0.1969518789223262	0.47488686442375183
853433	DECAYED	0.04168850263314588	0.1987791849034173
5371102	DECAYED	0.06159303550209318	0.24342168228966848
10857465	DECAYED	0.10278142988681793	0.358837502343314
180	WOOD	0.1496131345629692	0.2879615468638284
264	WOOD	0.10772671018327985	0.2282916626759938
702	WOOD	0.1971242598124913	0.3116842636040279
1031	WOOD	0.1661223577601569	0.27881840084280285
3102	WOOD	0.19591671867030008	0.366897600037711
3314	WOOD	0.23407952700342452	0.4206201732158661
6506	WOOD	0.1678210965224675	0.2959499657154083
6544	WOOD	0.21948787569999695	0.40619892733437674
6561	WOOD	0.18809602090290614	0.35118412545749117
7092	WOOD	0.17402803046362741	0.36142656207084656
7302	WOOD	0.2501990369388035	0.4229930213519505
7476	WOOD	0.09665547151650701	0.27700369698660715
7559	WOOD	0.03152273063148771	0.13857791679246084
7657	WOOD	0.1696306871516364	0.33987448045185636
7770	WOOD	0.011815758155924934	0.08206015931708473
7793	WOOD	0.19912931323051453	0.40448640499796185
7797	WOOD	0.06651795389396804	0.1747557520866394
8025	WOOD	0.12257072435958045	0.22197407909802028
8049	WOOD	0.1367409894508975	0.26248221525124144
8094	WOOD	0.22958785721233912	0.4055307422365461
8419	WOOD	0.20770596606390818	0.41257287349019733
8438	WOOD	0.1493741667696408	0.3075282169239862
8468	WOOD	0.2686139558042799	0.45692300370761324
8815	WOOD	0.18008737372500555	0.34274802037647795
8878	WOOD	0.06282227273498263	0.1641294424022947
9012	WOOD	0.1596790658576148	0.354076943227223
10886	WOOD	0.09602413699030876	0.20896472675459726
11567	WOOD	0.22563583723136357	0.3977542391845158
12020	WOOD	0.1505830277289663	0.29590619461877005
12265	WOOD	0.13917483602251327	0.2798820436000824
12377	WOOD	0.07236618761505399	0.2151925414800644
16537	WOOD	0.17482399940490723	0.33605375460215975
17898	WOOD	0.3620285221508571	0.5482287108898163
18467	WOOD	0.31713114040238516	0.4828638860157558
21363	WOOD	0.19582152366638184	0.3700204832213266
27440	WOOD	0.2872782434735979	0.4958328349249704
31219	WOOD	0.053747991366045814	0.18984900627817428
31276	WOOD	0.027943055544580733	0.11360897283468928
31283	WOOD	0.2314581104687282	0.4066290557384491
60998	WOOD	0.09535825146096093	0.24272346709455764
61523	WOOD	0.21422405540943146	0.41904453720365253
62351	WOOD	0.16955375032765524	0.3584758128438677
62465	WOOD	0.32243593675749643	0.5577500292233059
251531	WOOD	0.1318127459713391	0.26020587767873493
440917	WOOD	0.20301042922905513	0.38692192094666616
637758	WOOD	0.05079969550882067	0.19260357107434953
1549025	WOOD	0.1957241722515651	0.3162721948964255
2733294	WOOD	0.1278222735439028	0.25016228428908754
5281167	WOOD	0.20350085198879242	0.35494971701077055
5281168	WOOD	0.30704981088638306	0.5032462647983006
5318599	WOOD	0.2798004129103252	0.4780742738928114
5352837	WOOD	0.23595828030790603	0.41746903317315237
5364231	WOOD	0.250676440341132	0.4172431528568268
262	WOOD	0.1760057657957077	0.3058385742562158
323	WOOD	0.20278334617614746	0.3940209576061794
750	WOOD	0.299545950123242	0.45342154588018146
753	WOOD	0.20693964191845485	0.35338262575013296
962	WOOD	0.29370291105338503	0.48132461309432983
5862	WOOD	0.19452477352959768	0.34443545767239164
5962	WOOD	0.24502147734165192	0.4218769669532776
6274	WOOD	0.36777539764131817	0.5253718325069973
6322	WOOD	0.33542315874780926	0.5102113357612065
6669	WOOD	0.26314166613987516	0.3756195179053715
7137	WOOD	0.17341281473636627	0.34821065834590365
15654	WOOD	0.27922393807343077	0.46261830840791973
62089	WOOD	0.2535911074706486	0.46958778159958975
853433	WOOD	0.20785580149718694	0.3890185185841152
5371102	WOOD	0.22003481430666788	0.37603089213371277
10857465	WOOD	0.3517500247274126	0.6254754321915763
180	GRASS	0.10001053554671151	0.25630045788628714
264	GRASS	0.07292947598866054	0.19054338335990906
702	GRASS	0.12861450548682893	0.31259848390306744
1031	GRASS	0.13376657558338984	0.32746487855911255
3102	GRASS	0.12929209960358484	0.328164598771504
3314	GRASS	0.09781409267868314	0.2710328187261309
6506	GRASS	0.09466596692800522	0.2609329840966633
6544	GRASS	0.18953663110733032	0.4497513047286442
6561	GRASS	0.08504015952348709	0.22842306111540114
7092	GRASS	0.09545176689113889	0.3467382405485426
7302	GRASS	0.11534660735300609	0.2884169263499124
7476	GRASS	0.11564262424196516	0.31501699345452444
7559	GRASS	0.11896568749632154	0.29377787028040203
7657	GRASS	0.1686745211482048	0.39081800835473196
7770	GRASS	0.09819189459085464	0.2335394493171147
7793	GRASS	0.23171161115169525	0.4513134615761893
7797	GRASS	0.23219198201383864	0.4361080953053066
8025	GRASS	0.09866289262260709	0.2606217009680612
8049	GRASS	0.08513698247926575	0.280111449105399
8094	GRASS	0.15148626906531198	0.2898497368608202
8419	GRASS	0.09546285601598876	0.29901898758752005
8438	GRASS	0.0812666607754571	0.264796787074634
8468	GRASS	0.12025005583252225	0.2898236853735788
8815	GRASS	0.15184941249234335	0.4066929987498692
8878	GRASS	0.1637666512812887	0.3576366220201765
9012	GRASS	0.17753228758062636	0.36261153646877836
10886	GRASS	0.1766882070473262	0.3746784371989114
11567	GRASS	0.15621283437524522	0.34821981617382597
12020	GRASS	0.2040778249502182	0.42719620040484835
12265	GRASS	0.11413760483264923	0.2987736761569977
12377	GRASS	0.20878277931894576	0.4420525218759264
16537	GRASS	0.29598259712968555	0.566842040845326
17898	GRASS	0.17084520416600363	0.3758560035909925
18467	GRASS	0.15369024659906114	0.347472356898444
21363	GRASS	0.09400294188942228	0.2370158157178334
27440	GRASS	0.2138862588575908	0.4245633099760328
31219	GRASS	0.12091022623436791	0.305122401033129
31276	GRASS	0.0993966566664832	0.25439952313899994
31283	GRASS	0.09576206441436495	0.27883473464420866
60998	GRASS	0.164672494999	0.38459411689213346
61523	GRASS	0.3941538759640285	0.6427467124802726
62351	GRASS	0.20933410738195693	0.402777156659535
62465	GRASS	0.10923418828419276	0.290274977684021
251531	GRASS	0.12277791755540031	0.2778336065156119
440917	GRASS	0.23646714219025203	0.5292172602244786
637758	GRASS	0.1353281842810767	0.33164994205747333
1549025	GRASS	0.14852902718952724	0.35260536840983797
2733294	GRASS	0.3683212995529175	0.5549793328557696
5281167	GRASS	0.43817566122327534	0.6940258400780814
5281168	GRASS	0.24780415211405074	0.4485084967953818
5318599	GRASS	0.29888734434332165	0.5138631122452872
5352837	GRASS	0.35798604573522297	0.5767168062073844
5364231	GRASS	0.4478826309953417	0.6605418154171535
262	GRASS	0.12955517960446222	0.3216547838279179
323	GRASS	0.09332365436213357	0.32339469875608173
750	GRASS	0.13696036168507167	0.2983641709600176
753	GRASS	0.11901202691452843	0.30466300674847197
962	GRASS	0.13035606805767333	0.322445239339556
5862	GRASS	0.1092340669461659	0.25009314502988544
5962	GRASS	0.12525795506579535	0.27000072598457336
6274	GRASS	0.1798161268234253	0.3498834414141519
6322	GRASS	0.1451258361339569	0.3001956641674042
6669	GRASS	0.10786765068769455	0.24090499111584254
7137	GRASS	0.10078830697706767	0.27602456297193256
15654	GRASS	0.12915720897061483	0.32889099631990704
62089	GRASS	0.1062885011945452	0.23876753662313735
853433	GRASS	0.0854469436619963	0.2668755182198116
5371102	GRASS	0.2250502428838185	0.4485497772693634
10857465	GRASS	0.20756487122603826	0.39445652280535015
180	FLOWER	0.08797569413270269	0.2744606967483248
264	FLOWER	0.022935779499156133	0.1927268228360585
702	FLOWER	0.12953258199351175	0.34621499691690716
1031	FLOWER	0.13306965678930283	0.36656996607780457
3102	FLOWER	0.18881166407040187	0.4231786642755781
3314	FLOWER	0.1711471527814865	0.4619730753558023
6506	FLOWER	0.13693611323833466	0.34029444200651987
6544	FLOWER	0.15024909483534948	0.4516959616116115
6561	FLOWER	0.04248787036963871	0.19444789631026133
7092	FLOWER	0.19504017063549586	0.467317066022328
7302	FLOWER	0.091176019183227	0.29477663125310627
7476	FLOWER	0.32983140434537617	0.599758676120213
7559	FLOWER	0.33225864597729277	0.6664917043277195
7657	FLOWER	0.14788163134029933	0.3860764503479004
7770	FLOWER	0.1813000270298549	0.4666555736746107
7793	FLOWER	0.4493617458002908	0.7214585031781878
7797	FLOWER	0.37422947372709003	0.6631949969700405
8025	FLOWER	0.101639096226011	0.32121120606149944
8049	FLOWER	0.22866359565939223	0.47321033477783203
8094	FLOWER	0.07481511522616659	0.24079465440341405
8419	FLOWER	0.1997803236757006	0.4901273804051535
8438	FLOWER	0.25761592601026806	0.5431466358048576
8468	FLOWER	0.14272396798644746	0.4162548780441284
8815	FLOWER	0.1554454948220934	0.45062047243118286
8878	FLOWER	0.3195544651576451	0.6166832957948957
9012	FLOWER	0.05893630747284208	0.1898556968995503
10886	FLOWER	0.24682152271270752	0.5375275015830994
11567	FLOWER	0.0765144255544458	0.31454936947141376
12020	FLOWER	0.12534139624663762	0.3748617810862405
12265	FLOWER	0.08558468520641327	0.27695136410849436
12377	FLOWER	0.04692559636064938	0.18111589125224523
16537	FLOWER	0.3449977253164564	0.6450580613953727
17898	FLOWER	0.05284106146012034	0.2529653289488384
18467	FLOWER	0.07332293689250946	0.28091261642319815
21363	FLOWER	0.10386989531772477	0.32717014636312214
27440	FLOWER	0.04863420394914491	0.23093675715582712
31219	FLOWER	0.32732718331473215	0.6467654875346592
31276	FLOWER	0.21358861667769297	0.5077258348464966
31283	FLOWER	0.1999527769429343	0.42530358263424467
60998	FLOWER	0.3927393640790667	0.7138907398496356
61523	FLOWER	0.4061543643474579	0.691641628742218
62351	FLOWER	0.08346564322710037	0.26843184871332987
62465	FLOWER	0.10675599319594246	0.34948149749210905
251531	FLOWER	0.397735880953925	0.6989248991012573
440917	FLOWER	0.30080690128462656	0.6315557105200631
637758	FLOWER	0.3689478039741516	0.702729982989175
1549025	FLOWER	0.29248879849910736	0.5701946062701089
2733294	FLOWER	0.2773327997752598	0.5798214248248509
5281167	FLOWER	0.23990300510610854	0.5417514911719731
5281168	FLOWER	0.08169420382806233	0.2639531535761697
5318599	FLOWER	0.20134363855634416	0.44384439502443584
5352837	FLOWER	0.24070270785263606	0.494281781571252
5364231	FLOWER	0.16879717579909734	0.4358730231012617
262	FLOWER	0.14233463896172388	0.3872318821293967
323	FLOWER	0.24672603394304002	0.5385222264698574
750	FLOWER	0.10738477110862732	0.3374647114958082
753	FLOWER	0.12277309915849141	0.3518879158156259
962	FLOWER	0.09876246750354767	0.32781709517751423
5862	FLOWER	0.08628859264510018	0.26139332354068756
5962	FLOWER	0.05872750974127224	0.23706808047635214
6274	FLOWER	0.11708748766354152	0.35946957554136005
6322	FLOWER	0.08487436707530703	0.3011572999613626
6669	FLOWER	0.31182628870010376	0.49726620742252897
7137	FLOWER	0.2647108478205545	0.5710463651588985
15654	FLOWER	0.0797721796802112	0.2588742183787482
62089	FLOWER	0.05554417573979923	0.2094185565199171
853433	FLOWER	0.19904356130531856	0.5103160313197544
5371102	FLOWER	0.26512121089867186	0.5163195090634483
10857465	FLOWER	0.10376032388636044	0.33299348184040617
180	CHEMICAL	0.2869148850440979	0.5807947175843375
264	CHEMICAL	0.1928939734186445	0.5338003933429718
702	CHEMICAL	0.1974851552929197	0.4857792982033321
1031	CHEMICAL	0.2244544199534825	0.5150005902562823
3102	CHEMICAL	0.3123247729880469	0.6038880859102521
3314	CHEMICAL	0.161240320120539	0.45872150574411663
6506	CHEMICAL	0.21062449046543666	0.48945873975753784
6544	CHEMICAL	0.39277248297418865	0.6666615775653294
6561	CHEMICAL	0.3195344167096274	0.6476582884788513
7092	CHEMICAL	0.26645907546792713	0.54694116967065
7302	CHEMICAL	0.398481160402298	0.6711514166423252
7476	CHEMICAL	0.2733242873634611	0.5647327985082354
7559	CHEMICAL	0.3017389880759375	0.6082502262932914
7657	CHEMICAL	0.3448067477771214	0.6370578408241272
7770	CHEMICAL	0.2634174908910479	0.5758545569011143
7793	CHEMICAL	0.36394635268620085	0.6641486542565482
7797	CHEMICAL	0.15813794093472616	0.464251377752849
8025	CHEMICAL	0.3027748593262264	0.5943353261266436
8049	CHEMICAL	0.2387412680046899	0.5322542318275997
8094	CHEMICAL	0.30256410581724985	0.618218013218471
8419	CHEMICAL	0.2198152095079422	0.5228084027767181
8438	CHEMICAL	0.1925321721604892	0.4590828333582197
8468	CHEMICAL	0.21325251460075378	0.5016778196607318
8815	CHEMICAL	0.21530993495668685	0.5149482360907963
8878	CHEMICAL	0.1803050317934581	0.5067641309329441
9012	CHEMICAL	0.2567337985549654	0.586126582963126
10886	CHEMICAL	0.22854833943503244	0.5345644865717206
11567	CHEMICAL	0.5854794936520713	0.8353239468165806
12020	CHEMICAL	0.35605819736208233	0.6424750259944371
12265	CHEMICAL	0.41105229939733234	0.6800987209592547
12377	CHEMICAL	0.21276035692010606	0.575484539781298
16537	CHEMICAL	0.2606976308992931	0.5799856441361564
17898	CHEMICAL	0.23509885583605086	0.5545476078987122
18467	CHEMICAL	0.22618168592453003	0.5261217909199851
21363	CHEMICAL	0.30352388109479633	0.5932860459600177
27440	CHEMICAL	0.3016400762966701	0.6269458447183881
31219	CHEMICAL	0.3191802629402706	0.6348240205219814
31276	CHEMICAL	0.3831372431346348	0.7097925458635602
31283	CHEMICAL	0.2470676111323493	0.54644056728908
60998	CHEMICAL	0.24843102480684007	0.5563808296407972
61523	CHEMICAL	0.30360591624464306	0.6284961189542498
62351	CHEMICAL	0.16716831922531128	0.4924663858754294
62465	CHEMICAL	0.27286080164568766	0.6155261823109218
251531	CHEMICAL	0.2061487947191511	0.4987348403249468
440917	CHEMICAL	0.3492955650602068	0.6839819635663714
637758	CHEMICAL	0.21162882553679602	0.5161818138190678
1549025	CHEMICAL	0.18243451842239924	0.5234137049743107
2733294	CHEMICAL	0.18719017505645752	0.46944244844572885
5281167	CHEMICAL	0.2575205223900931	0.5830155100141253
5281168	CHEMICAL	0.32555055618286133	0.6504737394196647
5318599	CHEMICAL	0.3296234352248056	0.6491350276129586
5352837	CHEMICAL	0.27624609427792685	0.5871942979948861
5364231	CHEMICAL	0.20338706246444158	0.5189680414540427
262	CHEMICAL	0.2943206663642611	0.5692599500928607
323	CHEMICAL	0.29365006514957975	0.5641046464443207
750	CHEMICAL	0.2291486838034221	0.532626347882407
753	CHEMICAL	0.25478859671524595	0.5431011489459446
962	CHEMICAL	0.3436942270823887	0.6231226750782558
5862	CHEMICAL	0.17808660439082555	0.46058293325560434
5962	CHEMICAL	0.22226504130022867	0.5200503766536713
6274	CHEMICAL	0.21156500918524607	0.5151091984340123
6322	CHEMICAL	0.21883004903793335	0.5241032072475978
6669	CHEMICAL	0.19966575929096766	0.4670372988496508
7137	CHEMICAL	0.18684811464377812	0.467880517244339
15654	CHEMICAL	0.18224682126726424	0.4831296035221645
62089	CHEMICAL	0.38313806482723783	0.684451835496085
853433	CHEMICAL	0.17749212682247162	0.4873714191573007
5371102	CHEMICAL	0.26358488840716227	0.5677083815847125
10857465	CHEMICAL	0.45725007142339436	0.7922229596546718
