oID	descriptor	value	sigma
180	INTENSITY/STRENGTH	0.2682306319475174	0.5789220333099365
264	INTENSITY/STRENGTH	0.41502689889499117	0.6555169309888568
702	INTENSITY/STRENGTH	0.14732818092618669	0.5099241946424756
1031	INTENSITY/STRENGTH	0.1851761213370732	0.5298338276999337
3102	INTENSITY/STRENGTH	0.32581871322223116	0.5957878998347691
3314	INTENSITY/STRENGTH	0.5037593245506287	0.6419250879968915
6506	INTENSITY/STRENGTH	0.1832467509167535	0.5416608963693891
6544	INTENSITY/STRENGTH	0.3924792196069445	0.666183318410601
6561	INTENSITY/STRENGTH	0.3586920755250113	0.6165974055017743
7092	INTENSITY/STRENGTH	0.5272870702402932	0.6560309444155011
7302	INTENSITY/STRENGTH	0.5211782710892814	0.6545341951506478
7476	INTENSITY/STRENGTH	0.5919948646000454	0.734053475516183
7559	INTENSITY/STRENGTH	0.44570708700588774	0.7058736000742231
7657	INTENSITY/STRENGTH	0.36368513107299805	0.6402997970581055
7770	INTENSITY/STRENGTH	0.6086129120418003	0.7118980458804539
7793	INTENSITY/STRENGTH	0.4725440357412611	0.6788141471999032
7797	INTENSITY/STRENGTH	0.7386306950024196	0.6981982929365975
8025	INTENSITY/STRENGTH	0.2530754165990012	0.6051484601838248
8049	INTENSITY/STRENGTH	0.20256083458662033	0.5494425296783447
8094	INTENSITY/STRENGTH	0.5424414191927228	0.6769652281488691
8419	INTENSITY/STRENGTH	0.5577692644936698	0.6742756707327706
8438	INTENSITY/STRENGTH	0.5737770029476711	0.6717204025813511
8468	INTENSITY/STRENGTH	0.35301637649536133	0.590720670563834
8815	INTENSITY/STRENGTH	0.4214474431106022	0.6342818311282566
8878	INTENSITY/STRENGTH	0.6376635772841317	0.6800470863069806
9012	INTENSITY/STRENGTH	0.6093726669039045	0.6489604711532593
10886	INTENSITY/STRENGTH	0.4896249260221209	0.654852202960423
11567	INTENSITY/STRENGTH	0.5916894333703178	0.6499333722250802
12020	INTENSITY/STRENGTH	0.27521535754203796	0.579189555985587
12265	INTENSITY/STRENGTH	0.2853711247444153	0.5681645614760262
12377	INTENSITY/STRENGTH	0.5517519967896598	0.6544025710650853
16537	INTENSITY/STRENGTH	0.3725367954799107	0.6969949773379734
17898	INTENSITY/STRENGTH	0.4770037531852722	0.5870571562222072
18467	INTENSITY/STRENGTH	0.32454659257616314	0.5485832861491612
21363	INTENSITY/STRENGTH	0.4733026325702667	0.6642010382243565
27440	INTENSITY/STRENGTH	0.6068374514579773	0.6715413672583443
31219	INTENSITY/STRENGTH	0.50787324990545	0.7462566409792218
31276	INTENSITY/STRENGTH	0.47094160318374634	0.6984495350292751
31283	INTENSITY/STRENGTH	0.22938717688832963	0.5395262369087764
60998	INTENSITY/STRENGTH	0.37026240144457134	0.7132462688854763
61523	INTENSITY/STRENGTH	0.5424340452466693	0.792479932308197
62351	INTENSITY/STRENGTH	0.5075102278164455	0.6623693789754596
62465	INTENSITY/STRENGTH	0.46779028858457294	0.6409421392849514
251531	INTENSITY/STRENGTH	0.25489152116434916	0.5664518390383039
440917	INTENSITY/STRENGTH	0.6086931654385158	0.6936245816094535
637758	INTENSITY/STRENGTH	0.6008124990122659	0.7463463715144566
1549025	INTENSITY/STRENGTH	0.22836451019559587	0.6226525221552167
2733294	INTENSITY/STRENGTH	0.7423923015594482	0.748082024710519
5281167	INTENSITY/STRENGTH	0.5919364009584699	0.7418668525559562
5281168	INTENSITY/STRENGTH	0.5970280851636615	0.7050441418375287
5318599	INTENSITY/STRENGTH	0.7075048770223346	0.776217383997781
5352837	INTENSITY/STRENGTH	0.6374948876244682	0.7672584652900696
5364231	INTENSITY/STRENGTH	0.49347195455006193	0.6721427100045341
262	INTENSITY/STRENGTH	0.21460576142583573	0.5331757238933018
323	INTENSITY/STRENGTH	0.5630724174635751	0.6712651593344552
750	INTENSITY/STRENGTH	0.19872719262327468	0.5297542980739048
753	INTENSITY/STRENGTH	0.22197533505303518	0.537354052066803
962	INTENSITY/STRENGTH	0.33131917885371615	0.5727724177496774
5862	INTENSITY/STRENGTH	0.2938014098576137	0.5717611908912659
5962	INTENSITY/STRENGTH	0.3000857489449637	0.5914974468094962
6274	INTENSITY/STRENGTH	0.19052865036896297	0.5262099036148616
6322	INTENSITY/STRENGTH	0.17547312804630824	0.5372000847543988
6669	INTENSITY/STRENGTH	0.3171860022204263	0.587845504283905
7137	INTENSITY/STRENGTH	0.675857492855617	0.7113168495041984
15654	INTENSITY/STRENGTH	0.4219569819314139	0.5660839421408517
62089	INTENSITY/STRENGTH	0.4625568858214787	0.6418229596955436
853433	INTENSITY/STRENGTH	0.5911110639572144	0.6823851466178894
5371102	INTENSITY/STRENGTH	0.3975236713886261	0.683384793145316
10857465	INTENSITY/STRENGTH	0.491494140454701	0.6371747170175824
180	VALENCE/PLEASANTNESS	0.4414133514676775	0.5867352741105216
264	VALENCE/PLEASANTNESS	0.26856430087770733	0.5468944822038923
702	VALENCE/PLEASANTNESS	0.4913064113685063	0.54339371408735
1031	VALENCE/PLEASANTNESS	0.45842486194201876	0.5533677850450788
3102	VALENCE/PLEASANTNESS	0.4699238623891558	0.6025880575180054
3314	VALENCE/PLEASANTNESS	0.5878023079463414	0.6585207581520081
6506	VALENCE/PLEASANTNESS	0.4174719069685255	0.5399895310401917
6544	VALENCE/PLEASANTNESS	0.469331966979163	0.6355694191796439
6561	VALENCE/PLEASANTNESS	0.3693313683782305	0.5746646523475647
7092	VALENCE/PLEASANTNESS	0.6069199272564479	0.6279865333012172
7302	VALENCE/PLEASANTNESS	0.41028355274881634	0.6139911583491734
7476	VALENCE/PLEASANTNESS	0.5696214607783726	0.6976416281291417
7559	VALENCE/PLEASANTNESS	0.6016975470951625	0.6673836537769863
7657	VALENCE/PLEASANTNESS	0.4005232836518969	0.5910698771476746
7770	VALENCE/PLEASANTNESS	0.6134986451693943	0.6236639704023089
7793	VALENCE/PLEASANTNESS	0.5363508803503854	0.6473427074296134
7797	VALENCE/PLEASANTNESS	0.7813555172511509	0.5828806587627956
8025	VALENCE/PLEASANTNESS	0.4588805649961744	0.5834808775356838
8049	VALENCE/PLEASANTNESS	0.513457749571119	0.5459824545042855
8094	VALENCE/PLEASANTNESS	0.337141677737236	0.5421169570514134
8419	VALENCE/PLEASANTNESS	0.6712786129542759	0.6365115983145577
8438	VALENCE/PLEASANTNESS	0.6460073675428119	0.6319552659988403
8468	VALENCE/PLEASANTNESS	0.5463139499936785	0.6064251320702689
8815	VALENCE/PLEASANTNESS	0.5320678438459124	0.6539040293012347
8878	VALENCE/PLEASANTNESS	0.7185184529849461	0.5746816737311227
9012	VALENCE/PLEASANTNESS	0.22792560287884303	0.5161827760083335
10886	VALENCE/PLEASANTNESS	0.5936460750443595	0.5949889166014535
11567	VALENCE/PLEASANTNESS	0.4200826457568577	0.6106585775102887
12020	VALENCE/PLEASANTNESS	0.42564464466912405	0.5684708186558315
12265	VALENCE/PLEASANTNESS	0.4207257330417633	0.5634733097893851
12377	VALENCE/PLEASANTNESS	0.26238999409335	0.5532289147377014
16537	VALENCE/PLEASANTNESS	0.5452372346605573	0.6403122203690665
17898	VALENCE/PLEASANTNESS	0.3898062876292637	0.6364311490740094
18467	VALENCE/PLEASANTNESS	0.419659755059651	0.6035683410508292
21363	VALENCE/PLEASANTNESS	0.327133840748242	0.5743351152965
27440	VALENCE/PLEASANTNESS	0.28978409085954937	0.6009100590433393
31219	VALENCE/PLEASANTNESS	0.6128433261598859	0.6878187656402588
31276	VALENCE/PLEASANTNESS	0.5827088526317051	0.6581138968467712
31283	VALENCE/PLEASANTNESS	0.4662968558924539	0.5243531720978873
60998	VALENCE/PLEASANTNESS	0.45833865659577505	0.6434423923492432
61523	VALENCE/PLEASANTNESS	0.4059889146259853	0.6423865812165397
62351	VALENCE/PLEASANTNESS	0.28599824224199566	0.5490400280271258
62465	VALENCE/PLEASANTNESS	0.4859672018459865	0.6911721995898655
251531	VALENCE/PLEASANTNESS	0.5533729365893773	0.5799195681299482
440917	VALENCE/PLEASANTNESS	0.5225845575332642	0.6504832761628287
637758	VALENCE/PLEASANTNESS	0.6595070362091064	0.6771113531930106
1549025	VALENCE/PLEASANTNESS	0.5641645193099976	0.5940432718821934
2733294	VALENCE/PLEASANTNESS	0.7048388464110238	0.6496296184403556
5281167	VALENCE/PLEASANTNESS	0.46236408608300344	0.64893639087677
5281168	VALENCE/PLEASANTNESS	0.30338710120746065	0.5666642018726894
5318599	VALENCE/PLEASANTNESS	0.3965134152344295	0.6134256379944938
5352837	VALENCE/PLEASANTNESS	0.44904505780764986	0.6404782959393093
5364231	VALENCE/PLEASANTNESS	0.5066176865782056	0.6093983735357013
262	VALENCE/PLEASANTNESS	0.45949318579265047	0.550256609916687
323	VALENCE/PLEASANTNESS	0.6208455562591553	0.6337346604892186
750	VALENCE/PLEASANTNESS	0.5131479501724243	0.5621557235717773
753	VALENCE/PLEASANTNESS	0.4929532749312265	0.5520172715187073
962	VALENCE/PLEASANTNESS	0.5172205226761954	0.5793861406190055
5862	VALENCE/PLEASANTNESS	0.4055768293993814	0.5670716677393232
5962	VALENCE/PLEASANTNESS	0.3475128710269928	0.5470193454197475
6274	VALENCE/PLEASANTNESS	0.46839168667793274	0.5545980334281921
6322	VALENCE/PLEASANTNESS	0.42719776715551105	0.547894937651498
6669	VALENCE/PLEASANTNESS	0.6720238668578011	0.5743426084518433
7137	VALENCE/PLEASANTNESS	0.6881124973297119	0.6908895884241376
15654	VALENCE/PLEASANTNESS	0.3975684344768524	0.6121802840914045
62089	VALENCE/PLEASANTNESS	0.3494558717523302	0.5370571783610752
853433	VALENCE/PLEASANTNESS	0.617380610534123	0.6947455831936428
5371102	VALENCE/PLEASANTNESS	0.49863436818122864	0.6406165361404419
10857465	VALENCE/PLEASANTNESS	0.5946045773369926	0.5832197836467198
180	BAKERY	0.0561845563352108	0.22928282831396377
264	BAKERY	0.05166897230914661	0.193175237093653
702	BAKERY	0.09689917415380478	0.3329747361796243
1031	BAKERY	0.08334741847855705	0.2949977900300707
3102	BAKERY	0.048297803316797526	0.2541649362870625
3314	BAKERY	0.2105822946344103	0.5239032081195286
6506	BAKERY	0.08183739972966057	0.29165186839444296
6544	BAKERY	0.013479422777891159	0.1983536801167897
6561	BAKERY	0.04331075426723276	0.19413326467786515
7092	BAKERY	0.16786638221570424	0.4524310954979488
7302	BAKERY	0.13233301575694764	0.41201407994542805
7476	BAKERY	0.05368123097079141	0.2600493494953428
7559	BAKERY	0.0794668367930821	0.29297351837158203
7657	BAKERY	0.037217079528740475	0.19440093210765294
7770	BAKERY	0.10634865079607282	0.35659064991133554
7793	BAKERY	0.013884107183132852	0.13943173310586385
7797	BAKERY	0.13639291056564876	0.4329672285488674
8025	BAKERY	0.07738184609583446	0.28676943693842205
8049	BAKERY	0.08934454300573894	0.33409293634550913
8094	BAKERY	0.016341989593846456	0.15090789326599666
8419	BAKERY	0.23047384832586562	0.5011789458138602
8438	BAKERY	0.21749891127858842	0.499402506010873
8468	BAKERY	0.14211732574871608	0.4146945859704699
8815	BAKERY	0.10470233112573624	0.3558461623532431
8878	BAKERY	0.13249017404658453	0.41557798641068594
9012	BAKERY	0.03880894649773836	0.23824196415288107
10886	BAKERY	0.07992577233484813	0.3383267819881439
11567	BAKERY	0.0744105763733387	0.2543248321328844
12020	BAKERY	0.058530159294605255	0.2427857986518315
12265	BAKERY	0.056169316704784124	0.23109657423836844
12377	BAKERY	0.05960526157702718	0.19263805661882674
16537	BAKERY	0.029067675982202803	0.1209488787821361
17898	BAKERY	0.17592948036534445	0.5411687919071743
18467	BAKERY	0.1412916002529008	0.44441631010600496
21363	BAKERY	0.01580848970583507	0.17545993626117706
27440	BAKERY	0.10762280864374978	0.4141320756503514
31219	BAKERY	0.06588647248489517	0.2695209000791822
31276	BAKERY	0.07092355457799775	0.2898524360997336
31283	BAKERY	0.06402528126324926	0.2637869843414852
60998	BAKERY	0.06373756884464196	0.259367184979575
61523	BAKERY	0.04594593282256808	0.18705778462546213
62351	BAKERY	0.05275519671184676	0.2590121967451913
62465	BAKERY	0.1509503232581275	0.46775988170078825
251531	BAKERY	0.06693945718663079	0.2419666818210057
440917	BAKERY	0.021672006962554797	0.10844669703926359
637758	BAKERY	0.16842104920319148	0.4183803839342935
1549025	BAKERY	0.04804776076759611	0.2112269742148263
2733294	BAKERY	0.08374104968139104	0.3482796209199088
5281167	BAKERY	0.045511894460235326	0.22402233523981913
5281168	BAKERY	0.01997763237782887	0.17406577510493143
5318599	BAKERY	0.007825952555452074	0.13177683736596787
5352837	BAKERY	0.02788948467267411	0.1871683086667742
5364231	BAKERY	0.06620533285396439	0.2995359003543854
262	BAKERY	0.08332076988049916	0.2853051189865385
323	BAKERY	0.20444536209106445	0.49417667729513987
750	BAKERY	0.15294461165155684	0.4371214892183031
753	BAKERY	0.10010560814823423	0.3254506928580148
962	BAKERY	0.08658793515392713	0.3218106372015817
5862	BAKERY	0.12317091652325221	0.41281312704086304
5962	BAKERY	0.07561091652938298	0.29112906541143146
6274	BAKERY	0.10154181505952563	0.33850335223334177
6322	BAKERY	0.09309439786842891	0.3273816875049046
6669	BAKERY	0.1045824448977198	0.4161646919591086
7137	BAKERY	0.31610539129802157	0.6664927772113255
15654	BAKERY	0.1662066344703947	0.5242027725492205
62089	BAKERY	0.0291629931224244	0.1853183912379401
853433	BAKERY	0.23044524874005998	0.5769059487751552
5371102	BAKERY	0.02843719002391611	0.15995634453637259
10857465	BAKERY	0.011689963218356882	0.2246116484914507
180	SWEET	0.1409563422203064	0.4820729451520102
264	SWEET	0.1129225343465805	0.3707454928330013
702	SWEET	0.17278163135051727	0.4913529796259744
1031	SWEET	0.15690767765045166	0.4831993877887726
3102	SWEET	0.19617155832903727	0.5480383379118783
3314	SWEET	0.3408956698008946	0.7169767362730843
6506	SWEET	0.12215118961674827	0.4268721214362553
6544	SWEET	0.1731465267283576	0.5310575876917157
6561	SWEET	0.13019192857401712	0.45090734532901217
7092	SWEET	0.370301936353956	0.7275340216500419
7302	SWEET	0.17799025348254613	0.5308159078870501
7476	SWEET	0.3210859383855547	0.7349802425929478
7559	SWEET	0.373538749558585	0.7852232881954738
7657	SWEET	0.14655138552188873	0.48157710688454763
7770	SWEET	0.5125599716390882	0.8164998292922974
7793	SWEET	0.23238998012883322	0.6040228264672416
7797	SWEET	0.637842344386237	0.9257119979177203
8025	SWEET	0.1866494140454701	0.577256577355521
8049	SWEET	0.2361705047743661	0.5801429578236171
8094	SWEET	0.13992785555975779	0.42747665303094046
8419	SWEET	0.4481763626847948	0.8321772047451564
8438	SWEET	0.4195260490689959	0.820738000529153
8468	SWEET	0.27643812341349466	0.639534226485661
8815	SWEET	0.21563451630728586	0.5154479486601693
8878	SWEET	0.569487567458834	0.8649640934807914
9012	SWEET	0.05014514657003539	0.21014075406960078
10886	SWEET	0.39179315737315584	0.7317571810313633
11567	SWEET	0.16803957947662898	0.4759933224746159
12020	SWEET	0.13011869468859263	0.4449156182152884
12265	SWEET	0.12041375466755458	0.4218043429510934
12377	SWEET	0.03874188794621399	0.2095430770090648
16537	SWEET	0.2042076928274972	0.5907187121255058
17898	SWEET	0.152828933937209	0.5399999277932304
18467	SWEET	0.15239518455096654	0.49843725136348177
21363	SWEET	0.11340790667704173	0.39351509298597065
27440	SWEET	0.08240073493548802	0.3961928316525051
31219	SWEET	0.38916718534060885	0.8221089584486825
31276	SWEET	0.37714125003133503	0.78274838413511
31283	SWEET	0.1923426730292184	0.4982862004211971
60998	SWEET	0.2576995939016342	0.6390512330191476
61523	SWEET	0.14005951583385468	0.4755700613771166
62351	SWEET	0.06155824075852122	0.268201014825276
62465	SWEET	0.2292863471167428	0.6370868768010821
251531	SWEET	0.2408576203244073	0.6051086017063686
440917	SWEET	0.19464851915836334	0.48914003372192383
637758	SWEET	0.45067923835345675	0.8679616706711906
1549025	SWEET	0.24330241126673563	0.6214507903371539
2733294	SWEET	0.5233753834451947	0.8832007561411176
5281167	SWEET	0.1767564437219075	0.5285483513559613
5281168	SWEET	0.08715562575629779	0.35527331062725614
5318599	SWEET	0.1416445949247905	0.4753600997584207
5352837	SWEET	0.16331219247409276	0.5255279413291386
5364231	SWEET	0.2386878686291831	0.5896550246647426
262	SWEET	0.16699138922350748	0.4731570950576237
323	SWEET	0.3941649964877537	0.7796436207635062
750	SWEET	0.22853076032229833	0.5785045538629804
753	SWEET	0.1991371363401413	0.5138848466532571
962	SWEET	0.24288207718304225	0.569978620324816
5862	SWEET	0.1611863598227501	0.4810177598680769
5962	SWEET	0.10621434982333865	0.3943348058632442
6274	SWEET	0.17032661608287267	0.48233678936958313
6322	SWEET	0.13709101400205068	0.4446071812084743
6669	SWEET	0.3800682170050485	0.774602472782135
7137	SWEET	0.5053563926901136	0.9138882245336261
15654	SWEET	0.15703763280596053	0.5005614459514618
62089	SWEET	0.1369165458849498	0.4146064307008471
853433	SWEET	0.39313923035349163	0.8055889436176845
5371102	SWEET	0.18164406716823578	0.5714107496397836
10857465	SWEET	0.2520852174077715	0.6271950943129403
180	FRUIT	0.059783014335802624	0.25980100461414884
264	FRUIT	0.0803382960813386	0.258141285606793
702	FRUIT	0.07386400231293269	0.24190802446433476
1031	FRUIT	0.07943963578769139	0.26521790453365873
3102	FRUIT	0.10335815910782133	0.3379012473991939
3314	FRUIT	0.11854969497237887	0.33889132738113403
6506	FRUIT	0.061814017061676295	0.2407731775726591
6544	FRUIT	0.14319321726049697	0.3836156853607723
6561	FRUIT	0.08884720291410174	0.3022491719041552
7092	FRUIT	0.183314534170287	0.42105384383882793
7302	FRUIT	0.08998251812798637	0.25596157567841665
7476	FRUIT	0.19645844399929047	0.5470560789108276
7559	FRUIT	0.28794625401496887	0.5912213666098458
7657	FRUIT	0.08756055150713239	0.3072154607091631
7770	FRUIT	0.5062982823167529	0.73800128698349
7793	FRUIT	0.18709057995251246	0.48420123543058124
7797	FRUIT	0.7111713034766061	0.9058066606521606
8025	FRUIT	0.10700534284114838	0.3391141380582537
8049	FRUIT	0.16719683791909898	0.39149447424071177
8094	FRUIT	0.13786741133247102	0.3506549894809723
8419	FRUIT	0.19449721915381296	0.4783881647246225
8438	FRUIT	0.18837861290999822	0.47037633827754427
8468	FRUIT	0.11818901768752507	0.3085516755070005
8815	FRUIT	0.10850425703184945	0.32540408202580046
8878	FRUIT	0.6063539556094578	0.8321422168186733
9012	FRUIT	0.033105771456445963	0.1300225779414177
10886	FRUIT	0.44130525844437735	0.6943471431732178
11567	FRUIT	0.11453037708997726	0.31437815938677105
12020	FRUIT	0.07040852441319398	0.2635912001132965
12265	FRUIT	0.05137184661413942	0.23162551862852915
12377	FRUIT	0.046294434794357846	0.21275017304079874
16537	FRUIT	0.14980426217828477	0.4581658158983503
17898	FRUIT	0.034138756937214305	0.16383640042373113
18467	FRUIT	0.05054553811039243	0.18780921399593353
21363	FRUIT	0.08113387280276843	0.24276711259569442
27440	FRUIT	0.016834240406751633	0.1408572494983673
31219	FRUIT	0.32356306484767366	0.6610667364937919
31276	FRUIT	0.35500950472695486	0.6374778662409101
31283	FRUIT	0.12052468636206218	0.30529652323041645
60998	FRUIT	0.20215661185128347	0.4548098828111376
61523	FRUIT	0.09655958946262087	0.3243955373764038
62351	FRUIT	0.06216987382088389	0.1872801525252206
62465	FRUIT	0.07302414040480341	0.2718618916613715
251531	FRUIT	0.114946149289608	0.33403087513787405
440917	FRUIT	0.1411834710410663	0.3883243756634848
637758	FRUIT	0.23998128090585982	0.5423125624656677
1549025	FRUIT	0.19476003732000077	0.4647776910236904
2733294	FRUIT	0.644745443548475	0.9030003462518964
5281167	FRUIT	0.22894397803715297	0.4906688758305141
5281168	FRUIT	0.13900983652898244	0.33313378053052084
5318599	FRUIT	0.19735173881053925	0.4438957912581308
5352837	FRUIT	0.2233055510691234	0.4860064217022487
5364231	FRUIT	0.2802658826112747	0.5277153423854283
262	FRUIT	0.09066007286310196	0.27253494943891254
323	FRUIT	0.18994378192084177	0.42545741370746065
750	FRUIT	0.10203508394105094	0.27239141506808145
753	FRUIT	0.10139064703668867	0.27190414709704264
962	FRUIT	0.15196411630937032	0.3440014123916626
5862	FRUIT	0.06481494062713214	0.21364410434450423
5962	FRUIT	0.05072334834507534	0.18594847193786077
6274	FRUIT	0.08385974488088063	0.2426273993083409
6322	FRUIT	0.06059556667293821	0.2000694019453866
6669	FRUIT	0.20366488822868892	0.44194096326828003
7137	FRUIT	0.2075092260326658	0.5083225326878684
15654	FRUIT	0.04071931141827788	0.16487200345311845
62089	FRUIT	0.11176300793886185	0.2960449435881206
853433	FRUIT	0.1476033138377326	0.4114214565072741
5371102	FRUIT	0.07981059008410998	0.3489068405968802
10857465	FRUIT	0.12341994792222977	0.3641110828944615
180	FISH	0.051792927352445464	0.15793245498623168
264	FISH	0.1577527235661234	0.32538345030375887
702	FISH	0.07067246202911649	0.19746005322252
1031	FISH	0.06279278466744083	0.1839924773999623
3102	FISH	0.06714196769254548	0.15536860589470183
3314	FISH	0.042759671807289124	0.13042760746819632
6506	FISH	0.08786539414099284	0.23244495689868927
6544	FISH	0.08462436710085187	0.1833238878420421
6561	FISH	0.08252249658107758	0.20170192420482635
7092	FISH	0.03128562255629471	0.1119674380336489
7302	FISH	0.07459670464907374	0.19489090144634247
7476	FISH	0.06605366723878044	0.1345113462635449
7559	FISH	0.06157183647155762	0.1487313232251576
7657	FISH	0.09862499896969114	0.20731415280273982
7770	FISH	0.06497343363506454	0.1541017528091158
7793	FISH	0.07381936934377466	0.13082739497934068
7797	FISH	0.041482261781181605	0.08645587148410934
8025	FISH	0.07047757027404648	0.18551822219576156
8049	FISH	0.06290480547717639	0.16674434606518065
8094	FISH	0.09636240452528	0.18436911276408605
8419	FISH	0.03184783325663635	0.10972788504191808
8438	FISH	0.03202248191727059	0.10673357120582036
8468	FISH	0.0437312296458653	0.12845503432410105
8815	FISH	0.08542566586818014	0.22195636374609812
8878	FISH	0.04698176868259907	0.11777779459953308
9012	FISH	0.33618290083748953	0.5664523712226323
10886	FISH	0.0705888494849205	0.160149056996618
11567	FISH	0.05393746814557484	0.12701372802257538
12020	FISH	0.06297736934253148	0.18008312795843398
12265	FISH	0.06875191895025116	0.17239719842161452
12377	FISH	0.4092060923576355	0.5938693455287388
16537	FISH	0.07737846832190241	0.15931259095668793
17898	FISH	0.11498651653528214	0.2509980265583311
18467	FISH	0.09340119681188039	0.2233680635690689
21363	FISH	0.15670415226902282	0.2732339011771338
27440	FISH	0.20565500855445862	0.3972020447254181
31219	FISH	0.060523657394307	0.14211383249078477
31276	FISH	0.03289559270654406	0.10877135396003723
31283	FISH	0.0552250263946397	0.15125866447176253
60998	FISH	0.11324039953095573	0.2515418976545334
61523	FISH	0.18788164215428488	0.35325650232178823
62351	FISH	0.292845572744097	0.5328167251178196
62465	FISH	0.06933051028421947	0.1485368726508958
251531	FISH	0.051528138507689746	0.1456853151321411
440917	FISH	0.03211302137268441	0.08038674028856414
637758	FISH	0.04340232243495328	0.14014013324465072
1549025	FISH	0.07994500334773745	0.16220594942569733
2733294	FISH	0.0502673014998436	0.10340350547007152
5281167	FISH	0.11993850128991264	0.23870458347456797
5281168	FISH	0.17127994554383413	0.327379903623036
5318599	FISH	0.10231800483805793	0.18716144136020116
5352837	FISH	0.11723460682800838	0.22323025975908553
5364231	FISH	0.09026263441358294	0.20254231776509965
262	FISH	0.0557240221117224	0.16613740154675075
323	FISH	0.029496463547859873	0.09965355481420245
750	FISH	0.05747215236936297	0.17442046957356588
753	FISH	0.059291567121233256	0.16156130603381566
962	FISH	0.044057488973651616	0.12846968003681727
5862	FISH	0.14838521501847676	0.31783551403454374
5962	FISH	0.14975409103291376	0.3102456054517201
6274	FISH	0.07068925244467598	0.1866848702941622
6322	FISH	0.10881511121988297	0.2521874351160867
6669	FISH	0.04960587407861437	0.10349484533071518
7137	FISH	0.03244828898459673	0.131772124341556
15654	FISH	0.13575002125331334	0.2897693450961794
62089	FISH	0.08568915724754333	0.17769933811255864
853433	FISH	0.04358695261180401	0.13001846734966552
5371102	FISH	0.06731203837054116	0.17520685706819808
10857465	FISH	0.14963356511933462	0.20288798213005066
180	GARLIC	0.07774870683039938	0.2522669370685305
264	GARLIC	0.11663876793214253	0.3495916596480778
702	GARLIC	0.10978963864701134	0.31373280712536405
1031	GARLIC	0.09865014308265277	0.28935257877622333
3102	GARLIC	0.049574489040034156	0.19730025104113988
3314	GARLIC	0.04965982320053237	0.1700016281434468
6506	GARLIC	0.12204150429793767	0.3212948441505432
6544	GARLIC	0.07183672487735748	0.22832563732351577
6561	GARLIC	0.09001619155917849	0.2699971858944212
7092	GARLIC	0.03917072846421173	0.14905444639069693
7302	GARLIC	0.07980228587985039	0.26352172664233614
7476	GARLIC	0.02432915528437921	0.1460677513054439
7559	GARLIC	0.040184852933245044	0.1606758407184056
7657	GARLIC	0.05526859313249588	0.23469234364373343
7770	GARLIC	0.03483983634838036	0.17062329820224217
7793	GARLIC	0.03615028663937535	0.1813313982316426
7797	GARLIC	0.0418242197483778	0.09416520914861135
8025	GARLIC	0.1050725451537541	0.30846207056726727
8049	GARLIC	0.08575492299028806	0.261610393013273
8094	GARLIC	0.05551997359309878	0.22568680133138383
8419	GARLIC	0.03176786231675318	0.14328275940247945
8438	GARLIC	0.038943100720644	0.14314252138137817
8468	GARLIC	0.05322953366807529	0.20949335822037288
8815	GARLIC	0.0717569850385189	0.2326097445828574
8878	GARLIC	0.041844078339636326	0.13167351910046168
9012	GARLIC	0.28273199072905947	0.5215639131409782
10886	GARLIC	0.056609533194984706	0.19167531601020268
11567	GARLIC	0.042823297902941704	0.17616300284862518
12020	GARLIC	0.08687517206583704	0.27126193046569824
12265	GARLIC	0.08446767287594932	0.2639054868902479
12377	GARLIC	0.4001069452081408	0.6182582974433899
16537	GARLIC	0.06862697031881128	0.21242083609104156
17898	GARLIC	0.10474988711731774	0.32844635418483187
18467	GARLIC	0.10786766133138112	0.3191979910646166
21363	GARLIC	0.0739928473319326	0.27047498737062725
27440	GARLIC	0.12532678140061243	0.367289845432554
31219	GARLIC	0.02667334383087499	0.1477904234613691
31276	GARLIC	0.04764512527201857	0.17654795518943242
31283	GARLIC	0.07629506662487984	0.24396808445453644
60998	GARLIC	0.07155124896339007	0.23078234706606185
61523	GARLIC	0.09768369368144444	0.31508045962878634
62351	GARLIC	0.23790426765169417	0.4833626321383885
62465	GARLIC	0.054862744574035914	0.19325866656644003
251531	GARLIC	0.04431351061378207	0.19523790904453822
440917	GARLIC	0.028701869105654105	0.16702709666320256
637758	GARLIC	0.019209756782012328	0.13037988543510437
1549025	GARLIC	0.09113259613513947	0.24498153158596583
2733294	GARLIC	0.04668083334607737	0.11535803228616714
5281167	GARLIC	0.07304197603038379	0.23485813183443888
5281168	GARLIC	0.09096656633274895	0.30750401105199543
5318599	GARLIC	0.041405504037226946	0.19652613145964487
5352837	GARLIC	0.05705199550305094	0.2150378120797021
5364231	GARLIC	0.06745063353862081	0.22519529717309134
262	GARLIC	0.08530527406505176	0.2572384646960667
323	GARLIC	0.038277379636253626	0.14771798998117447
750	GARLIC	0.09889923994030271	0.2922288477420807
753	GARLIC	0.08426219863551003	0.2560448667832783
962	GARLIC	0.05875535202877862	0.20018324894564493
5862	GARLIC	0.1611966480101858	0.39316199507032124
5962	GARLIC	0.13356952901397431	0.3600371309689113
6274	GARLIC	0.09995278928961072	0.28520242656980244
6322	GARLIC	0.12078637310436793	0.3302011489868164
6669	GARLIC	0.041847720076995235	0.18260267270462854
7137	GARLIC	0.03740463432456766	0.127721763082913
15654	GARLIC	0.13100761281592505	0.3562502350125994
62089	GARLIC	0.06175776943564415	0.23247568947928293
853433	GARLIC	0.04990941073213305	0.1462276769535882
5371102	GARLIC	0.03314331639558077	0.1772183616246496
10857465	GARLIC	0.12710024097136088	0.2673013039997646
180	SPICES	0.11938410358769554	0.3137258418968746
264	SPICES	0.11204556482178825	0.32455470732280184
702	SPICES	0.1527975488986288	0.365894547530583
1031	SPICES	0.13271350307124002	0.33512446710041593
3102	SPICES	0.13827738165855408	0.3343615574496133
3314	SPICES	0.35117295384407043	0.6240121296473912
6506	SPICES	0.17934796852724894	0.3977718566145216
6544	SPICES	0.2110475472041539	0.4324373517717634
6561	SPICES	0.1081387640110084	0.3055941803114755
7092	SPICES	0.2649082286017282	0.5306773866925921
7302	SPICES	0.16234912084681646	0.4161799890654428
7476	SPICES	0.18144523884568894	0.41780474356242586
7559	SPICES	0.13415336928197316	0.3753873365265982
7657	SPICES	0.12304861843585968	0.3170639829976218
7770	SPICES	0.11255519943577903	0.3356455309050424
7793	SPICES	0.13066806218453816	0.3077926252569471
7797	SPICES	0.11659056374004909	0.3853990818772997
8025	SPICES	0.1364536572779928	0.3314708982195173
8049	SPICES	0.12594552231686457	0.33999867950166973
8094	SPICES	0.08119856353316988	0.28203059307166506
8419	SPICES	0.21242637506553105	0.4838895414556776
8438	SPICES	0.21042229873793467	0.48356943896838595
8468	SPICES	0.22280992567539215	0.48907555852617535
8815	SPICES	0.4203786083630153	0.5883177774293082
8878	SPICES	0.13006178183215006	0.3831998663289206
9012	SPICES	0.19304026876177108	0.42242440581321716
10886	SPICES	0.13006864275251115	0.3585233432906015
11567	SPICES	0.16087470948696136	0.40679345386368887
12020	SPICES	0.16653579473495483	0.37380197644233704
12265	SPICES	0.15852905490568706	0.36448004841804504
12377	SPICES	0.23075757494994573	0.4741103776863643
16537	SPICES	0.18958391036306108	0.3729946144989559
17898	SPICES	0.19424528096403396	0.4244837760925293
18467	SPICES	0.1962365976401738	0.42536721910749165
21363	SPICES	0.12684887221881322	0.3498168545109885
27440	SPICES	0.17946030838148935	0.393352461712701
31219	SPICES	0.143971571964877	0.376975702387946
31276	SPICES	0.10436240104692322	0.31703175817217144
31283	SPICES	0.09417539994631495	0.30613272530691965
60998	SPICES	0.11920494586229324	0.3471622509615762
61523	SPICES	0.18955321609973907	0.41033242430005756
62351	SPICES	0.2445635667869023	0.46732040813991
62465	SPICES	0.337743878364563	0.6252949408122471
251531	SPICES	0.1297119983604976	0.3114143950598581
440917	SPICES	0.2750332610947745	0.5067509540489742
637758	SPICES	0.1634672965322222	0.4318992112364088
1549025	SPICES	0.13834767043590546	0.3269634629998888
2733294	SPICES	0.12807383281844004	0.3607369661331177
5281167	SPICES	0.189663793359484	0.4148469737597874
5281168	SPICES	0.18768161961010524	0.37579297167914255
5318599	SPICES	0.12156532279082707	0.32683904256139484
5352837	SPICES	0.15299138639654433	0.36296170949935913
5364231	SPICES	0.1611524373292923	0.39049423166683744
262	SPICES	0.1381274632045201	0.34251831684793743
323	SPICES	0.24574402400425502	0.5276078922407967
750	SPICES	0.16267117432185582	0.39573174715042114
753	SPICES	0.1687140805380685	0.391272817339216
962	SPICES	0.18082599554743087	0.412043354340962
5862	SPICES	0.1850838533469609	0.4104618217263903
5962	SPICES	0.14119055228573935	0.3488967886992863
6274	SPICES	0.1742331428187234	0.39907277056149076
6322	SPICES	0.14841862874371664	0.35365516798836844
6669	SPICES	0.11451319392238345	0.36509225198200773
7137	SPICES	0.31720619542258127	0.6019152743475777
15654	SPICES	0.22645022187914168	0.44673897113118854
62089	SPICES	0.09404632768460683	0.2987425795623234
853433	SPICES	0.3759817268167223	0.6431866713932582
5371102	SPICES	0.1487599675144468	0.3326966294220516
10857465	SPICES	0.2200291348355157	0.4839249679020473
180	COLD	0.28676316142082214	0.4505430374826704
264	COLD	0.15334310914788926	0.28167980696473804
702	COLD	0.2099281485591616	0.35456787262644085
1031	COLD	0.21164471336773463	0.3660927542618343
3102	COLD	0.24702793998377665	0.4479962800230299
3314	COLD	0.23994773200580052	0.4403749832085201
6506	COLD	0.18453807277338846	0.3324004922594343
6544	COLD	0.2895627660410745	0.4978938698768616
6561	COLD	0.23163906165531703	0.3857844514506204
7092	COLD	0.2819203074489321	0.48821542092732023
7302	COLD	0.23662389389106206	0.4080786832741329
7476	COLD	0.29840786116463797	0.534996143409184
7559	COLD	0.26320195623806547	0.47518302713121685
7657	COLD	0.22932725719043187	0.42195553864751545
7770	COLD	0.22001168983323233	0.4320907379899706
7793	COLD	0.2853797801903316	0.5203561016491481
7797	COLD	0.27835563250950407	0.4906875491142273
8025	COLD	0.18711556707109725	0.3527396959917886
8049	COLD	0.20269589977605001	0.3725423046520778
8094	COLD	0.24588472076824733	0.42867732473782133
8419	COLD	0.2500982752868107	0.46046050105776104
8438	COLD	0.2753964832850865	0.47857218980789185
8468	COLD	0.25955102273396086	0.44530071105275837
8815	COLD	0.21475603112152644	0.3733025704111372
8878	COLD	0.25058930473668234	0.4592059850692749
9012	COLD	0.13565628869192942	0.2697392978838512
10886	COLD	0.21710589740957534	0.4078496311392103
11567	COLD	0.35955015250614714	0.539906016417912
12020	COLD	0.2253793669598443	0.3915380154337202
12265	COLD	0.25971813074180056	0.42821222969463896
12377	COLD	0.1743363525186266	0.3186181996549879
16537	COLD	0.28035135354314533	0.48547884821891785
17898	COLD	0.1672485194035939	0.3447376149041312
18467	COLD	0.19348391677652085	0.36235701186316355
21363	COLD	0.22952439103807723	0.38836351462772917
27440	COLD	0.12650852224656514	0.29765996762684416
31219	COLD	0.2829855339867728	0.510332099028996
31276	COLD	0.27521184512547087	0.47818200077329365
31283	COLD	0.22018444325242723	0.4027629111494337
60998	COLD	0.21089495505605424	0.40484292592321125
61523	COLD	0.19222486444881984	0.3595786435263498
62351	COLD	0.11059947737625667	0.24350995251110621
62465	COLD	0.2418717337506158	0.4406799588884626
251531	COLD	0.2218328437634877	0.4085250880037035
440917	COLD	0.45868939587048124	0.6763289485658918
637758	COLD	0.2584299317428044	0.48434057406016756
1549025	COLD	0.2231037382568632	0.40852982231548857
2733294	COLD	0.27430832386016846	0.4935392439365387
5281167	COLD	0.22581894270011357	0.4090448192187718
5281168	COLD	0.15810203977993556	0.3201201174940382
5318599	COLD	0.2766363195010594	0.47235937629427227
5352837	COLD	0.23769966406481607	0.4313721103327615
5364231	COLD	0.2042042315006256	0.3772104169641222
262	COLD	0.2354952416249684	0.3951646728175027
323	COLD	0.2931324115821293	0.49720536385263714
750	COLD	0.19078599980899266	0.3455237788813455
753	COLD	0.24832061571734293	0.41820770502090454
962	COLD	0.2806535874094282	0.4697805345058441
5862	COLD	0.16440806644303457	0.30172103217669893
5962	COLD	0.17688495133604323	0.3161066195794514
6274	COLD	0.2248981978212084	0.38482033780642916
6322	COLD	0.18913435297352926	0.33496561646461487
6669	COLD	0.23462005172457015	0.4134310228484018
7137	COLD	0.21367962658405304	0.43477881380489897
15654	COLD	0.1317461324589593	0.27564409375190735
62089	COLD	0.2352077875818525	0.4090086690017155
853433	COLD	0.24195360285895212	0.45365056821278166
5371102	COLD	0.25726794983659473	0.4505833685398102
10857465	COLD	0.28972665326935904	0.4832629220826285
180	SOUR	0.25666979806763784	0.4545519948005676
264	SOUR	0.6324067200933184	0.7546967012541634
702	SOUR	0.2605518719979695	0.46631386450358797
1031	SOUR	0.28212347839559826	0.4850010233266013
3102	SOUR	0.21118915506771632	0.41809071387563435
3314	SOUR	0.16674273780414037	0.35515912090029034
6506	SOUR	0.37500765919685364	0.5514777558190482
6544	SOUR	0.25356362972940716	0.4658231607505253
6561	SOUR	0.3826079751764025	0.5731966708387647
7092	SOUR	0.15242793623890197	0.3452297704560416
7302	SOUR	0.25673992718969074	0.46559109006609234
7476	SOUR	0.18482307025364467	0.3764245765549796
7559	SOUR	0.1928568333387375	0.41834945338112967
7657	SOUR	0.28203349879809786	0.4936758279800415
7770	SOUR	0.3261987864971161	0.5308770281927926
7793	SOUR	0.16505652453218186	0.3853240651743753
7797	SOUR	0.17096413033349173	0.37473762035369873
8025	SOUR	0.36227620925222126	0.5590164746556964
8049	SOUR	0.27362763243062155	0.4639773539134434
8094	SOUR	0.41300672718456816	0.5884428364889962
8419	SOUR	0.15140712686947413	0.35530552693775724
8438	SOUR	0.1395665066582816	0.3377638374056135
8468	SOUR	0.17044223419257573	0.3663726661886488
8815	SOUR	0.1940706648996898	0.4178476801940373
8878	SOUR	0.21411892771720886	0.41050255724361967
9012	SOUR	0.4274029391152518	0.6788790311132159
10886	SOUR	0.27098388757024494	0.482897617987224
11567	SOUR	0.20359367983681814	0.41339956862585886
12020	SOUR	0.2742805076496942	0.4863202358995165
12265	SOUR	0.24874338933399745	0.4473555215767452
12377	SOUR	0.4846312829426357	0.6855348433767047
16537	SOUR	0.2505301024232592	0.4566560557910374
17898	SOUR	0.25779640674591064	0.5034065800053733
18467	SOUR	0.25548564323357176	0.47482140149388996
21363	SOUR	0.44431098869868685	0.6124059813363212
27440	SOUR	0.33128482529095243	0.5824233548981803
31219	SOUR	0.2023257783481053	0.428935421364648
31276	SOUR	0.2289133071899414	0.4579045687402998
31283	SOUR	0.24438702421528952	0.43143655572618755
60998	SOUR	0.2935955141271864	0.5216966015951974
61523	SOUR	0.3180096745491028	0.5696988701820374
62351	SOUR	0.4061663235936846	0.644283047744206
62465	SOUR	0.1932228888784136	0.38314306310244967
251531	SOUR	0.18250852184636251	0.39711014713559833
440917	SOUR	0.1468773718391146	0.3648294763905661
637758	SOUR	0.16970128672463552	0.40341159275599886
1549025	SOUR	0.23916062712669373	0.4366025413785662
2733294	SOUR	0.19265355169773102	0.40862150277410236
5281167	SOUR	0.278469443321228	0.5044055921690804
5281168	SOUR	0.4451563741479601	0.6412747587476458
5318599	SOUR	0.29250703539167133	0.5066464075020382
5352837	SOUR	0.2679049074649811	0.48985208783830914
5364231	SOUR	0.2789665439299175	0.4903987603528159
262	SOUR	0.2493558930499213	0.44618278316089083
323	SOUR	0.12277035787701607	0.316573794398989
750	SOUR	0.23719830811023712	0.41917384948049274
753	SOUR	0.21424612828663417	0.4039670739855085
962	SOUR	0.1764093041419983	0.3700232335499355
5862	SOUR	0.31522507114069803	0.5121733929429736
5962	SOUR	0.40022322961262297	0.5822132655552456
6274	SOUR	0.24988562507288797	0.4366626569202968
6322	SOUR	0.3112272449902126	0.4907199314662388
6669	SOUR	0.15768537244626454	0.3356174486024039
7137	SOUR	0.1323874071240425	0.3370243310928345
15654	SOUR	0.2728444827454431	0.49756976536342074
62089	SOUR	0.38409748673439026	0.5708271818501609
853433	SOUR	0.15477665726627624	0.3471721751349313
5371102	SOUR	0.21744899877480098	0.45111129113606047
10857465	SOUR	0.17312133525099074	0.39267758812223164
180	BURNT	0.09261661235775266	0.32663668053490774
264	BURNT	0.132322118218456	0.4044267748083387
702	BURNT	0.10902443208864757	0.3524377686636789
1031	BURNT	0.10410933941602707	0.3345178323132651
3102	BURNT	0.100465541439397	0.33931410738400053
3314	BURNT	0.17030525846140726	0.4280688464641571
6506	BURNT	0.12910674725260055	0.41830290641103474
6544	BURNT	0.11228221016270774	0.3481599007334028
6561	BURNT	0.10836847232920784	0.3483741283416748
7092	BURNT	0.10101881250739098	0.32178761277879986
7302	BURNT	0.26709690264293123	0.5314492583274841
7476	BURNT	0.08014065027236938	0.29167138252939495
7559	BURNT	0.08521043988210815	0.279687619635037
7657	BURNT	0.11177161123071398	0.3658569668020521
7770	BURNT	0.04081649679158415	0.22616335962499892
7793	BURNT	0.09875745592372757	0.313686157975878
7797	BURNT	0.04934876039624214	0.20073007685797556
8025	BURNT	0.09902080361332212	0.3180765467030661
8049	BURNT	0.11473793323550906	0.3622552624770573
8094	BURNT	0.14600421701158797	0.40160852670669556
8419	BURNT	0.09736207446881703	0.3263056235654013
8438	BURNT	0.11237485387495585	0.32669979333877563
8468	BURNT	0.13061792616333281	0.38613106097493854
8815	BURNT	0.11243877985647746	0.36980236002377104
8878	BURNT	0.060604384967259	0.24110662298543112
9012	BURNT	0.3334232781614576	0.6492158429963248
10886	BURNT	0.07768146959798676	0.29521254556519644
11567	BURNT	0.19326531248433249	0.45794316700526644
12020	BURNT	0.11490602897746223	0.36399613533701214
12265	BURNT	0.12538528123072215	0.37418713314192636
12377	BURNT	0.21505716017314366	0.49450477957725525
16537	BURNT	0.08788730736289706	0.3127354936940329
17898	BURNT	0.35407744560922894	0.6613822409084865
18467	BURNT	0.2436610907316208	0.5408568467412677
21363	BURNT	0.1467436051794461	0.40937680431774687
27440	BURNT	0.39103508847100393	0.7036124127251762
31219	BURNT	0.08104783775550979	0.25876163797719137
31276	BURNT	0.052441805601119995	0.24246259459427424
31283	BURNT	0.14763730657952173	0.4251704514026642
60998	BURNT	0.10621116097484316	0.34704786964825224
61523	BURNT	0.13675812312534877	0.38936690773282734
62351	BURNT	0.2757104422364916	0.5671189767973763
62465	BURNT	0.27176705854279654	0.5528302788734436
251531	BURNT	0.07397923352462905	0.27229995812688557
440917	BURNT	0.11151312504495893	0.4050908386707306
637758	BURNT	0.038889179405357154	0.22092683613300323
1549025	BURNT	0.10490078159740993	0.3198583722114563
2733294	BURNT	0.07322497985192708	0.23651991145951407
5281167	BURNT	0.12004491367510386	0.35496880752699717
5281168	BURNT	0.1739014344555991	0.45901469247681753
5318599	BURNT	0.18145737051963806	0.4286639520100185
5352837	BURNT	0.15328802913427353	0.37516951986721586
5364231	BURNT	0.10626370991979327	0.33834784797259737
262	BURNT	0.10506564910922732	0.33587497898510527
323	BURNT	0.12866734926189696	0.3473186492919922
750	BURNT	0.1468282033290182	0.38962559189115253
753	BURNT	0.1163533159664699	0.3529548602444785
962	BURNT	0.10323888808488846	0.3346548548766545
5862	BURNT	0.2159885721547263	0.470943067755018
5962	BURNT	0.18249475955963135	0.45539351446287973
6274	BURNT	0.13009067624807358	0.3876138925552368
6322	BURNT	0.1457144586103303	0.4044917268412454
6669	BURNT	0.08190768850701195	0.25382184769426075
7137	BURNT	0.1632935745375497	0.39939589159829275
15654	BURNT	0.31863981911114286	0.6050836954798017
62089	BURNT	0.15113433237586701	0.4151849235807146
853433	BURNT	0.1800111127751214	0.42926829627582
5371102	BURNT	0.06978658054556165	0.28064681376729694
10857465	BURNT	0.17942023490156447	0.30719660009656635
180	ACID	0.37754264899662565	0.5987061602728707
264	ACID	0.2537789025477001	0.4570502383368356
702	ACID	0.17168735606329782	0.38221063784190584
1031	ACID	0.2278098315000534	0.4343150854110718
3102	ACID	0.26117193911756786	0.47514849049704416
3314	ACID	0.19915649081979478	0.3731245057923453
6506	ACID	0.20562753507069179	0.39155940072877066
6544	ACID	0.2859595715999603	0.5277807627405439
6561	ACID	0.375062312398638	0.5772356476102557
7092	ACID	0.19444238926683152	0.38902765938213896
7302	ACID	0.3276564564023699	0.5277937054634094
7476	ACID	0.2867814579180309	0.5168816021510533
7559	ACID	0.21953780949115753	0.4216241325650896
7657	ACID	0.3191499965531485	0.5352116440023694
7770	ACID	0.20459636194365366	0.4259887252535139
7793	ACID	0.3024598913533347	0.5390489569732121
7797	ACID	0.10190810103501592	0.29697333914893015
8025	ACID	0.24025685020855495	0.46310214911188397
8049	ACID	0.178065724670887	0.37298689995493206
8094	ACID	0.3201386034488678	0.5459698183195931
8419	ACID	0.19938845080988749	0.397743501833507
8438	ACID	0.19199271500110626	0.38995204653058735
8468	ACID	0.1990009163107191	0.3920153422015054
8815	ACID	0.1813049390912056	0.35630777903965544
8878	ACID	0.12740460251058852	0.31957421558243887
9012	ACID	0.32390686869621277	0.5874087299619403
10886	ACID	0.15877278468438558	0.3472703567573002
11567	ACID	0.4989680562700544	0.6764561193329948
12020	ACID	0.29243637195655275	0.5098290273121425
12265	ACID	0.33246275782585144	0.5564921242850167
12377	ACID	0.2834239261490958	0.520651923758643
16537	ACID	0.27500389516353607	0.507931045123509
17898	ACID	0.23623361544949667	0.45953788076128277
18467	ACID	0.22352100908756256	0.4365095283303942
21363	ACID	0.27365076754774365	0.4761452717440469
27440	ACID	0.31537313546453205	0.5552114163126264
31219	ACID	0.23946558790547506	0.4598081282206944
31276	ACID	0.2941792181559971	0.5132400478635516
31283	ACID	0.2472364753484726	0.44830391236713957
60998	ACID	0.25542513174670084	0.4609400842870985
61523	ACID	0.28009055980614256	0.48122153111866545
62351	ACID	0.2408788182905742	0.4648881469454084
62465	ACID	0.2610515760523932	0.4420988985470363
251531	ACID	0.1514427363872528	0.36469108292034697
440917	ACID	0.5260531008243561	0.7257721424102783
637758	ACID	0.14686266226427896	0.35101036514554707
1549025	ACID	0.15090737172535487	0.34781322308949064
2733294	ACID	0.15062604418822698	0.341784805059433
5281167	ACID	0.2451452612876892	0.45150610378810335
5281168	ACID	0.2906895194734846	0.5068480585302625
5318599	ACID	0.3924445254462106	0.6207929594176156
5352837	ACID	0.29750287532806396	0.5035775218691144
5364231	ACID	0.17726426890918187	0.3641313314437866
262	ACID	0.24535362209592546	0.4474432000092098
323	ACID	0.2012928809438433	0.38411357147353037
750	ACID	0.14699205330439977	0.32305453079087393
753	ACID	0.21946361660957336	0.42011851923806326
962	ACID	0.23323913770062582	0.4343732638018472
5862	ACID	0.173738671200616	0.36796254771096365
5962	ACID	0.21969668567180634	0.4269538053444454
6274	ACID	0.1902581283024379	0.38492150817598614
6322	ACID	0.16933743017060415	0.36192587869507925
6669	ACID	0.10937405484063285	0.2862123612846647
7137	ACID	0.17329307964869908	0.34058420998709543
15654	ACID	0.182059217776571	0.3826434016227722
62089	ACID	0.30284278307642254	0.5253408040319171
853433	ACID	0.2001826103244509	0.37482593740735737
5371102	ACID	0.23592616617679596	0.45687149677957806
10857465	ACID	0.15137372272355215	0.37651858159473967
180	WARM	0.2205446319920676	0.4034729599952698
264	WARM	0.33963373729160856	0.5735020637512207
702	WARM	0.27244269847869873	0.4584283317838396
1031	WARM	0.25554003034319195	0.44577514273779734
3102	WARM	0.29791897535324097	0.49027807797704426
3314	WARM	0.47408885615212576	0.6524268729346139
6506	WARM	0.3187762882028307	0.52034820829119
6544	WARM	0.2978755533695221	0.5117374105112893
6561	WARM	0.2516082908426012	0.45117413997650146
7092	WARM	0.408806779554912	0.5793546608516148
7302	WARM	0.4071425369807652	0.6025755490575518
7476	WARM	0.35066045607839313	0.5659199782780239
7559	WARM	0.3493269085884094	0.5647965669631958
7657	WARM	0.2846456255231585	0.4870011253016336
7770	WARM	0.3253437323229654	0.5593082564217704
7793	WARM	0.24979194785867417	0.4405757997717176
7797	WARM	0.370133387190955	0.5958876354353768
8025	WARM	0.2526810126645224	0.45274695328303743
8049	WARM	0.32240488699504305	0.5276407514299665
8094	WARM	0.3284760330404554	0.5332177451678685
8419	WARM	0.45289966464042664	0.6403645702770778
8438	WARM	0.4347649429525648	0.6162609543119159
8468	WARM	0.36582707507269724	0.5597374524388995
8815	WARM	0.36799242241042	0.5242876197610583
8878	WARM	0.37069256816591534	0.5921013610703605
9012	WARM	0.39161542483738493	0.5993903705051967
10886	WARM	0.31780936462538584	0.540016770362854
11567	WARM	0.333686147417341	0.5305815466812679
12020	WARM	0.24140106780188425	0.43622846262795584
12265	WARM	0.23559184585298812	0.42357664023126873
12377	WARM	0.3121128295149122	0.5542061754635402
16537	WARM	0.27532785705157686	0.4794438055583409
17898	WARM	0.44608936991010395	0.6400997383253915
18467	WARM	0.378981066601617	0.5628500069890704
21363	WARM	0.3370303852217538	0.5614729438509259
27440	WARM	0.4268466532230377	0.6413208161081586
31219	WARM	0.33963856526783537	0.5538541844912938
31276	WARM	0.25440447671072824	0.47983052900859285
31283	WARM	0.3364758661815098	0.524229109287262
60998	WARM	0.35555911915642874	0.5719464506421771
61523	WARM	0.3060160151549748	0.5043489422116961
62351	WARM	0.3746682916368757	0.5770096097673688
62465	WARM	0.4759188081536974	0.6827459590775626
251531	WARM	0.2943460004670279	0.448528345142092
440917	WARM	0.24944577259676798	0.4722746653216226
637758	WARM	0.4006518168108804	0.5728564092091152
1549025	WARM	0.2886902562209538	0.46383356196539743
2733294	WARM	0.33387136459350586	0.5759864364351545
5281167	WARM	0.30645565901483807	0.5078597409384591
5281168	WARM	0.3485901653766632	0.533386869089944
5318599	WARM	0.3159588703087398	0.51668410216059
5352837	WARM	0.30183845332690645	0.4956807919910976
5364231	WARM	0.30295411178043913	0.5042968434946877
262	WARM	0.2641726498092924	0.4553333691188267
323	WARM	0.44678038358688354	0.6257439936910357
750	WARM	0.358727046421596	0.5421897172927856
753	WARM	0.2891825522695269	0.4803768481527056
962	WARM	0.2902900789465223	0.48474826983043123
5862	WARM	0.37351552077702116	0.5628493853977748
5962	WARM	0.32997060247829985	0.5348421888692039
6274	WARM	0.2980134189128876	0.4940370661871774
6322	WARM	0.3095698782375881	0.5048020780086517
6669	WARM	0.39777701241629465	0.5772927829197475
7137	WARM	0.5620850878102439	0.744251583303724
15654	WARM	0.4397479168006352	0.6177881615502494
62089	WARM	0.3259279089314597	0.5237782852990287
853433	WARM	0.5044338788305011	0.6840558562959943
5371102	WARM	0.266653088586671	0.44217100739479065
10857465	WARM	0.3645451920373099	0.6003783345222473
180	MUSKY	0.21305098065308162	0.44363969564437866
264	MUSKY	0.5759006014892033	0.756211417061942
702	MUSKY	0.2716536372900009	0.4847216308116913
1031	MUSKY	0.27642078910555157	0.4908473789691925
3102	MUSKY	0.2592813117163522	0.46721691318920683
3314	MUSKY	0.17885182052850723	0.39115379963602337
6506	MUSKY	0.36569803953170776	0.584388656275613
6544	MUSKY	0.2453865600483758	0.46102445891925264
6561	MUSKY	0.3327131824834006	0.5552978600774493
7092	MUSKY	0.16000293620995112	0.35388546756335665
7302	MUSKY	0.2895184350865228	0.5207468186106
7476	MUSKY	0.20765690079757146	0.43804051194872173
7559	MUSKY	0.1916899744953428	0.4185539824622018
7657	MUSKY	0.30870685407093595	0.5389641097613743
7770	MUSKY	0.2186467945575714	0.3936192180429186
7793	MUSKY	0.1848117709159851	0.4001010698931558
7797	MUSKY	0.08924905104296547	0.23453268195901597
8025	MUSKY	0.3041606715747288	0.5155560118811471
8049	MUSKY	0.2867171125752585	0.49914142915180754
8094	MUSKY	0.41188293269702364	0.6390172157968793
8419	MUSKY	0.1799307699714388	0.3744197317532131
8438	MUSKY	0.16405669812645232	0.35104391404560636
8468	MUSKY	0.19562231642859323	0.3970644303730556
8815	MUSKY	0.2057534967150007	0.4399927428790501
8878	MUSKY	0.13322859789643968	0.31405638796942575
9012	MUSKY	0.4332310940538134	0.688428487096514
10886	MUSKY	0.20958146027156285	0.4042253707136427
11567	MUSKY	0.21177494738783156	0.43440576110567364
12020	MUSKY	0.25226948729583193	0.479255165372576
12265	MUSKY	0.23161533049174718	0.4553989427430289
12377	MUSKY	0.3973129519394466	0.6614382777895246
16537	MUSKY	0.21505296656063624	0.4345936306885311
17898	MUSKY	0.369963926928384	0.6344074521745954
18467	MUSKY	0.31731137207576204	0.561267111982618
21363	MUSKY	0.4644304939678737	0.6684958423886981
27440	MUSKY	0.4259536308901651	0.7020388841629028
31219	MUSKY	0.1901781984737941	0.42659664154052734
31276	MUSKY	0.1545151663678033	0.35615500807762146
31283	MUSKY	0.2952989254678999	0.5312806495598384
60998	MUSKY	0.2939850389957428	0.5457120112010411
61523	MUSKY	0.3166893209729876	0.5812942811420986
62351	MUSKY	0.3923374967915671	0.6177086063793727
62465	MUSKY	0.24161029074873244	0.47663486855370657
251531	MUSKY	0.22658887292657579	0.4139946230820247
440917	MUSKY	0.11827302298375539	0.31215284977640423
637758	MUSKY	0.21722223503249033	0.41966557928494047
1549025	MUSKY	0.2030638243470873	0.42631475414548603
2733294	MUSKY	0.10741340475422996	0.27857046255043577
5281167	MUSKY	0.25149172118731905	0.4617074004241398
5281168	MUSKY	0.4169829274926867	0.6174354170049939
5318599	MUSKY	0.2974851429462433	0.5230948030948639
5352837	MUSKY	0.26480790972709656	0.4763715607779367
5364231	MUSKY	0.24958227574825287	0.44243338278361727
262	MUSKY	0.2531122352395739	0.46291714906692505
323	MUSKY	0.15543312898703984	0.3494035644190652
750	MUSKY	0.2739819714001247	0.48075923323631287
753	MUSKY	0.23136811809880392	0.437437219279153
962	MUSKY	0.1850503214768001	0.38755748527390615
5862	MUSKY	0.3313016721180507	0.5551575081689017
5962	MUSKY	0.41264752405030386	0.6142969131469727
6274	MUSKY	0.2724552069391523	0.4723671930176871
6322	MUSKY	0.3403183008943285	0.5380667703492301
6669	MUSKY	0.2384114329304014	0.4520171454974583
7137	MUSKY	0.17779123995985305	0.3760816880634853
15654	MUSKY	0.34918547528130667	0.6007111668586731
62089	MUSKY	0.3990562345300402	0.6237524407250541
853433	MUSKY	0.1715808670435633	0.3835214674472809
5371102	MUSKY	0.2600859893219812	0.47885515860148836
10857465	MUSKY	0.272674377475466	0.5137579611369542
180	SWEATY	0.11112417493547712	0.2777549943753651
264	SWEATY	0.46879225969314575	0.6511512356145042
702	SWEATY	0.15028972498008183	0.3333458730152675
1031	SWEATY	0.1572710829121726	0.3322614644254957
3102	SWEATY	0.11742655081408364	0.2545298912695476
3314	SWEATY	0.047089967876672745	0.14154877620083944
6506	SWEATY	0.22050361122403825	0.41999609555516926
6544	SWEATY	0.13823809368269785	0.3016045945031302
6561	SWEATY	0.2167890965938568	0.3929013652460916
7092	SWEATY	0.046415530145168304	0.14619725197553635
7302	SWEATY	0.14105842262506485	0.3336729535034725
7476	SWEATY	0.08170173955815178	0.21703372044222696
7559	SWEATY	0.07224970151271139	0.22129430302551814
7657	SWEATY	0.165760480931827	0.33622913701193674
7770	SWEATY	0.12490852602890559	0.2750471404620579
7793	SWEATY	0.09032261158738818	0.2450802070753915
7797	SWEATY	0.031175075098872185	0.12696348769324167
8025	SWEATY	0.1825087538787297	0.3586755948407309
8049	SWEATY	0.1553807067019599	0.32968034063066753
8094	SWEATY	0.28803146524088724	0.4993388865675245
8419	SWEATY	0.03584360171641622	0.13309076854160853
8438	SWEATY	0.033486027004463334	0.12944209362779344
8468	SWEATY	0.05898052826523781	0.1756042093038559
8815	SWEATY	0.07883101488862719	0.18143172562122345
8878	SWEATY	0.07170793227851391	0.18040552522454942
9012	SWEATY	0.25299511211259024	0.4951674682753427
10886	SWEATY	0.11570081221205848	0.27269833854266573
11567	SWEATY	0.08437937019126755	0.23608161296163285
12020	SWEATY	0.13814290506499155	0.30725558740752085
12265	SWEATY	0.12099118105002812	0.28745794722012113
12377	SWEATY	0.21916368816580092	0.4375414763178144
16537	SWEATY	0.10548428765365056	0.28998200382505146
17898	SWEATY	0.1565544456243515	0.4221604125840323
18467	SWEATY	0.14387976910386766	0.3645120646272387
21363	SWEATY	0.3323760373251779	0.542062086718423
27440	SWEATY	0.21081661965165818	0.486766449042729
31219	SWEATY	0.0678964906505176	0.21620113509041922
31276	SWEATY	0.0627555926995618	0.217023960181645
31283	SWEATY	0.14635509146111353	0.350775237594332
60998	SWEATY	0.1707147125686918	0.35484997289521353
61523	SWEATY	0.17404222914150783	0.4195051874433245
62351	SWEATY	0.23065084431852614	0.4603925943374634
62465	SWEATY	0.06535429773586136	0.18961067710603988
251531	SWEATY	0.09892086046082633	0.22151564061641693
440917	SWEATY	0.03437306013490472	0.12468668605600085
637758	SWEATY	0.06085958597915513	0.17999149858951569
1549025	SWEATY	0.11698644076074872	0.2969453121934618
2733294	SWEATY	0.05041080979364259	0.15365092349903925
5281167	SWEATY	0.13186769400324141	0.2988237057413374
5281168	SWEATY	0.26194413219179424	0.4650418630668095
5318599	SWEATY	0.16023457050323486	0.3680164175374167
5352837	SWEATY	0.12750438920089177	0.31248061997549875
5364231	SWEATY	0.1310186641556876	0.28982160133974894
262	SWEATY	0.1349978893995285	0.2921695794378008
323	SWEATY	0.030712324061564038	0.12224839042340006
750	SWEATY	0.13877418424401963	0.30007379182747435
753	SWEATY	0.11001537101609367	0.2523608612162726
962	SWEATY	0.07526124960609845	0.19058011685098922
5862	SWEATY	0.19992450092520034	0.39089684401239666
5962	SWEATY	0.2798002447400774	0.47727841990334646
6274	SWEATY	0.14040745901209967	0.2949723537479128
6322	SWEATY	0.20893722559724534	0.3900073638984135
6669	SWEATY	0.07179527836186546	0.19060418222631728
7137	SWEATY	0.03662680275738239	0.11949556320905685
15654	SWEATY	0.16399042095456803	0.39985994356019156
62089	SWEATY	0.2699115127325058	0.4810048724923815
853433	SWEATY	0.036260199333940236	0.12354090863040515
5371102	SWEATY	0.11561688993658338	0.2943445401532309
10857465	SWEATY	0.03464741126767227	0.16497208603790828
180	AMMONIA/URINOUS	0.3534694697175707	0.5011116308825356
264	AMMONIA/URINOUS	0.4078144303389958	0.5367778369358608
702	AMMONIA/URINOUS	0.17963270204407827	0.3173895903996059
1031	AMMONIA/URINOUS	0.230588789497103	0.3688425379140036
3102	AMMONIA/URINOUS	0.2866098476307733	0.3933382587773459
3314	AMMONIA/URINOUS	0.2087813573224204	0.3017516221318926
6506	AMMONIA/URINOUS	0.2340418632541384	0.340374048267092
6544	AMMONIA/URINOUS	0.30953473704201834	0.4491389308656965
6561	AMMONIA/URINOUS	0.3955904798848288	0.5184888456548963
7092	AMMONIA/URINOUS	0.18970537185668945	0.28469631501606535
7302	AMMONIA/URINOUS	0.33612680435180664	0.46536154406411306
7476	AMMONIA/URINOUS	0.3261461066348212	0.4433543639523642
7559	AMMONIA/URINOUS	0.21977752021380834	0.3499677521841867
7657	AMMONIA/URINOUS	0.3675635116440909	0.48335068992206026
7770	AMMONIA/URINOUS	0.1775740725653512	0.28714817123753683
7793	AMMONIA/URINOUS	0.32751865897859844	0.45151822907584055
7797	AMMONIA/URINOUS	0.049254591443708966	0.11516918241977692
8025	AMMONIA/URINOUS	0.24314227061612265	0.3869664626462119
8049	AMMONIA/URINOUS	0.16707228869199753	0.27673051825591494
8094	AMMONIA/URINOUS	0.37291897194726126	0.46985497644969393
8419	AMMONIA/URINOUS	0.2155262210539409	0.301395058631897
8438	AMMONIA/URINOUS	0.19321611097880773	0.28427993825503756
8468	AMMONIA/URINOUS	0.182651692203113	0.2868113006864275
8815	AMMONIA/URINOUS	0.19455704305853164	0.28742104343005587
8878	AMMONIA/URINOUS	0.08099194349987167	0.15488550066947937
9012	AMMONIA/URINOUS	0.4732241077082498	0.5840844001088824
10886	AMMONIA/URINOUS	0.13097654389483587	0.21129173040390015
11567	AMMONIA/URINOUS	0.46234174711363657	0.5644612056868417
12020	AMMONIA/URINOUS	0.2761089312178748	0.4082257407052176
12265	AMMONIA/URINOUS	0.3104010352066585	0.4460717354501997
12377	AMMONIA/URINOUS	0.39092673999922617	0.47281437686511446
16537	AMMONIA/URINOUS	0.2551860042980739	0.4072417659418924
17898	AMMONIA/URINOUS	0.3129281061036246	0.4586864028658186
18467	AMMONIA/URINOUS	0.25881036051682066	0.40052880133901325
21363	AMMONIA/URINOUS	0.42327970266342163	0.5469290486403874
27440	AMMONIA/URINOUS	0.41783065455300467	0.5424537062644958
31219	AMMONIA/URINOUS	0.2162719773394721	0.36785111682755606
31276	AMMONIA/URINOUS	0.2214397234576089	0.35213890245982576
31283	AMMONIA/URINOUS	0.23785432321684702	0.33550456166267395
60998	AMMONIA/URINOUS	0.3364236695425851	0.47226815138544354
61523	AMMONIA/URINOUS	0.33596882224082947	0.4832593543188913
62351	AMMONIA/URINOUS	0.34286631430898395	0.45345188890184673
62465	AMMONIA/URINOUS	0.28858879634312223	0.3966524047510965
251531	AMMONIA/URINOUS	0.18938427312033518	0.3077681426491056
440917	AMMONIA/URINOUS	0.4178030235426767	0.517977101462228
637758	AMMONIA/URINOUS	0.17826974711247853	0.301248162984848
1549025	AMMONIA/URINOUS	0.18879725890500204	0.3158235933099474
2733294	AMMONIA/URINOUS	0.08559205755591393	0.18229847507817404
5281167	AMMONIA/URINOUS	0.2361263143164771	0.3317394426890782
5281168	AMMONIA/URINOUS	0.3368437332766397	0.42015902059418814
5318599	AMMONIA/URINOUS	0.3704805246421269	0.47627110140664236
5352837	AMMONIA/URINOUS	0.2866588852235249	0.38564492974962505
5364231	AMMONIA/URINOUS	0.17493303971631186	0.2552773015839713
262	AMMONIA/URINOUS	0.24063562282494136	0.37040385603904724
323	AMMONIA/URINOUS	0.18589410611561366	0.2845342137983867
750	AMMONIA/URINOUS	0.14960636411394393	0.2663330818925585
753	AMMONIA/URINOUS	0.1992300216640745	0.3266281315258571
962	AMMONIA/URINOUS	0.2023819557258061	0.32007767472948345
5862	AMMONIA/URINOUS	0.2534125085387911	0.38531949690410067
5962	AMMONIA/URINOUS	0.31592319692884174	0.4528181680611202
6274	AMMONIA/URINOUS	0.18819520728928701	0.314206383058003
6322	AMMONIA/URINOUS	0.22697119840553828	0.3625503480434418
6669	AMMONIA/URINOUS	0.13943591181721007	0.19437161726611002
7137	AMMONIA/URINOUS	0.20026591633047378	0.29515115703855244
15654	AMMONIA/URINOUS	0.25905599551541464	0.3897270815713065
62089	AMMONIA/URINOUS	0.3547451538699014	0.46240723558834623
853433	AMMONIA/URINOUS	0.2112749410527093	0.3031495681830815
5371102	AMMONIA/URINOUS	0.27880906632968355	0.4019514450005123
10857465	AMMONIA/URINOUS	0.2837300960506712	0.3192520099026816
180	DECAYED	0.10523127232279096	0.37960477811949594
264	DECAYED	0.2909814161913736	0.5881523319653102
702	DECAYED	0.10012731275388173	0.348834148475102
1031	DECAYED	0.11025263156209673	0.3684576707226889
3102	DECAYED	0.09602620346205575	0.3241777207170214
3314	DECAYED	0.07022586890629359	0.27929950186184477
6506	DECAYED	0.14392357000282832	0.38687063114983694
6544	DECAYED	0.11035093239375524	0.38739282318523954
6561	DECAYED	0.1617850341967174	0.45154163241386414
7092	DECAYED	0.06533962807485036	0.26112433842250277
7302	DECAYED	0.11025928386620112	0.37192432795252117
7476	DECAYED	0.07993461670620101	0.3031916490622929
7559	DECAYED	0.07213763573340007	0.3254568065915789
7657	DECAYED	0.12182699569634028	0.4036165773868561
7770	DECAYED	0.12730821860688074	0.3605356216430664
7793	DECAYED	0.07790602051786014	0.29128927418163847
7797	DECAYED	0.06645659037998744	0.2438399919441768
8025	DECAYED	0.13191073494298117	0.39151209592819214
8049	DECAYED	0.10300881947789874	0.34342601895332336
8094	DECAYED	0.19124007863657816	0.46717106870242525
8419	DECAYED	0.061390472309929986	0.2399227065699441
8438	DECAYED	0.05285061390272209	0.22433379079614366
8468	DECAYED	0.07153512058513505	0.27795474444116863
8815	DECAYED	0.09209531652075904	0.3726375230721065
8878	DECAYED	0.07482253387570381	0.2687194049358368
9012	DECAYED	0.2972106231110437	0.6709938219615391
10886	DECAYED	0.09865571984222957	0.31377261877059937
11567	DECAYED	0.09673900582960673	0.36133570756231037
12020	DECAYED	0.09663168340921402	0.36281577178410124
12265	DECAYED	0.09400261512824468	0.3651252772126879
12377	DECAYED	0.321443647146225	0.6840456042970929
16537	DECAYED	0.09421121329069138	0.3298766144684383
17898	DECAYED	0.16263195872306824	0.49749574065208435
18467	DECAYED	0.12960284522601537	0.42456887875284466
21363	DECAYED	0.22951812616416387	0.5354280940123967
27440	DECAYED	0.21735659454550063	0.5905995837279728
31219	DECAYED	0.07338487250464303	0.34057222093854633
31276	DECAYED	0.09069436575685229	0.3326074055262974
31283	DECAYED	0.09984635668141502	0.34577244094439913
60998	DECAYED	0.12224637717008591	0.4465521829468863
61523	DECAYED	0.15169882348605565	0.477498573916299
62351	DECAYED	0.22417029525552476	0.5646418418203082
62465	DECAYED	0.0885933328952108	0.33396708965301514
251531	DECAYED	0.07433200521128518	0.26977792382240295
440917	DECAYED	0.08559255940573555	0.30118682980537415
637758	DECAYED	0.07007224538496562	0.3061965150492532
1549025	DECAYED	0.08366003632545471	0.315247859273638
2733294	DECAYED	0.08793695377452034	0.2860832916838782
5281167	DECAYED	0.12635304033756256	0.38208999378340586
5281168	DECAYED	0.20918921061924525	0.4804161659308842
5318599	DECAYED	0.12278987573725837	0.3850832070623125
5352837	DECAYED	0.1156023559825761	0.3716320948941367
5364231	DECAYED	0.10512933028595788	0.32758639114243643
262	DECAYED	0.1001647657581738	0.35134625009128023
323	DECAYED	0.06059383228421211	0.25129762291908264
750	DECAYED	0.09264287778309413	0.3325803875923157
753	DECAYED	0.09111494570970535	0.331558529819761
962	DECAYED	0.07483753029789243	0.2932187020778656
5862	DECAYED	0.1519604410443987	0.4398445657321385
5962	DECAYED	0.18800694601876394	0.4768919220992497
6274	DECAYED	0.1026600833450045	0.343516332762582
6322	DECAYED	0.13298851251602173	0.3960097091538565
6669	DECAYED	0.05597116465547255	0.279937927212034
7137	DECAYED	0.06340848787554673	0.2482357621192932
15654	DECAYED	0.14783878092254912	0.45887233529772076
62089	DECAYED	0.17396591816629683	0.4488308387143271
853433	DECAYED	0.06825604236551694	0.27233730469431194
5371102	DECAYED	0.07788282153861863	0.3270115554332733
10857465	DECAYED	0.162427833037717	0.4020339122840336
180	WOOD	0.1567475806389536	0.2900644413062504
264	WOOD	0.1703597136906215	0.35436257294246126
702	WOOD	0.20717128259795053	0.35880594168390545
1031	WOOD	0.18695480695792607	0.3295366849218096
3102	WOOD	0.2105989158153534	0.3861551284790039
3314	WOOD	0.2658644701753344	0.44853976368904114
6506	WOOD	0.29948353128773825	0.4689210525580815
6544	WOOD	0.27619158370154245	0.4885117369038718
6561	WOOD	0.15131546556949615	0.29889296208109173
7092	WOOD	0.21484886961323874	0.379017846924918
7302	WOOD	0.2694414258003235	0.4710124816213335
7476	WOOD	0.1857018279177802	0.3697535480771746
7559	WOOD	0.12021106481552124	0.2597325252635138
7657	WOOD	0.22456371358462743	0.41870722600391935
7770	WOOD	0.04112642950245312	0.1460120358637401
7793	WOOD	0.19162647000380925	0.37073582836559843
7797	WOOD	0.0636065501187529	0.16961035238845007
8025	WOOD	0.15658111763851984	0.28370538353919983
8049	WOOD	0.2246259174176625	0.39171209931373596
8094	WOOD	0.28198564052581787	0.5018004391874585
8419	WOOD	0.18962504608290537	0.3701565648828234
8438	WOOD	0.19278372398444585	0.3508572919028146
8468	WOOD	0.2621098927089146	0.4402384843145098
8815	WOOD	0.26672001821654184	0.44676031385149273
8878	WOOD	0.08790667567934309	0.2117061870438712
9012	WOOD	0.2511303446122578	0.4432765117713383
10886	WOOD	0.14677756705454417	0.2851036787033081
11567	WOOD	0.223003517304148	0.40950682759284973
12020	WOOD	0.22150978871754237	0.3747964288507189
12265	WOOD	0.23268058683191026	0.39050003460475374
12377	WOOD	0.18646506752286637	0.3414661926882608
16537	WOOD	0.27688296139240265	0.4803734464304788
17898	WOOD	0.49644310985292706	0.6911458117621285
18467	WOOD	0.3848318713051932	0.565126725605556
21363	WOOD	0.22445212730339595	0.4396918501172747
27440	WOOD	0.4752371609210968	0.686567383153098
31219	WOOD	0.1092268345611436	0.2422635065657752
31276	WOOD	0.05817687564662525	0.16810844838619232
31283	WOOD	0.2892915904521942	0.48773790683065144
60998	WOOD	0.1481456139257976	0.3004025476319449
61523	WOOD	0.22970398834773473	0.4293087678296225
62351	WOOD	0.2590024790593556	0.4574951359203884
62465	WOOD	0.3344529356275286	0.5334789710385459
251531	WOOD	0.15488136666161673	0.30714807340076994
440917	WOOD	0.32419377991131376	0.5385478777544839
637758	WOOD	0.07192960700818471	0.21899979880877904
1549025	WOOD	0.20869725516864232	0.3736101048333304
2733294	WOOD	0.08571649981396538	0.22544314392975398
5281167	WOOD	0.24202213329928263	0.43531334400177
5281168	WOOD	0.3100419214793614	0.5193006311144147
5318599	WOOD	0.29617241876465933	0.521023337330137
5352837	WOOD	0.24966647795268468	0.44753373094967436
5364231	WOOD	0.22623580694198608	0.39790583082607817
262	WOOD	0.1987956166267395	0.3498718057359968
323	WOOD	0.2217445203236171	0.3825996347836086
750	WOOD	0.2463794584785189	0.39227667450904846
753	WOOD	0.23478264042309352	0.3876521757670811
962	WOOD	0.21077470481395721	0.37186736294201445
5862	WOOD	0.23231991912637437	0.3741428128310612
5962	WOOD	0.25564971353326527	0.41785205262047903
6274	WOOD	0.2683000181402479	0.426713228225708
6322	WOOD	0.25890067858355387	0.4081325829029083
6669	WOOD	0.1710441665990012	0.3363532083375113
7137	WOOD	0.1937913362468992	0.3801259866782597
15654	WOOD	0.39233676876340595	0.5804030214037214
62089	WOOD	0.2949498508657728	0.49552839568683077
853433	WOOD	0.24682567587920598	0.4341307921069009
5371102	WOOD	0.23160286673477717	0.4103094296795981
10857465	WOOD	0.3598018480198724	0.5318334187780108
180	GRASS	0.08615354874304362	0.2568207574742181
264	GRASS	0.06603091050471578	0.2116508185863495
702	GRASS	0.09003580893789019	0.26994670714650837
1031	GRASS	0.08550251913922173	0.2531509761299406
3102	GRASS	0.1147490314074925	0.306847482919693
3314	GRASS	0.07516121970755714	0.2552018548761095
6506	GRASS	0.10458304094416755	0.2974422403744289
6544	GRASS	0.19396064962659562	0.4163359361035483
6561	GRASS	0.07518239266106061	0.23229993666921342
7092	GRASS	0.1048265014375959	0.27311953050749643
7302	GRASS	0.06708188621061188	0.21715106070041656
7476	GRASS	0.15640027608190263	0.3903164863586426
7559	GRASS	0.079368029321943	0.269062523330961
7657	GRASS	0.1408942693046161	0.3515925833157131
7770	GRASS	0.04462687085781779	0.19759627963815415
7793	GRASS	0.15089011724506105	0.3791906365326473
7797	GRASS	0.21221769068922317	0.3970193990639278
8025	GRASS	0.07672512265188354	0.24786434641906194
8049	GRASS	0.06773548147508077	0.25226959586143494
8094	GRASS	0.10136572484459196	0.29620092468602316
8419	GRASS	0.11611515709332057	0.294075540133885
8438	GRASS	0.11119759827852249	0.28494332305022646
8468	GRASS	0.10331036469766072	0.2966336054461343
8815	GRASS	0.18457587489059993	0.41222720061029705
8878	GRASS	0.1365529873541423	0.3019077969448907
9012	GRASS	0.07585772339786802	0.2787287192685263
10886	GRASS	0.19154770885195052	0.39149345670427593
11567	GRASS	0.06108097359538078	0.23229934488024032
12020	GRASS	0.11655721600566592	0.30092776247433256
12265	GRASS	0.12103678924696785	0.31412075247083393
12377	GRASS	0.14181181682007654	0.3436087965965271
16537	GRASS	0.21659419579165323	0.47265895775386263
17898	GRASS	0.13864687830209732	0.341923143182482
18467	GRASS	0.1175406521984509	0.3123562378542764
21363	GRASS	0.10122705144541604	0.2905755319765636
27440	GRASS	0.1739765235355922	0.4343061149120331
31219	GRASS	0.07587355162416186	0.2660870594637735
31276	GRASS	0.06346714390175683	0.21507284470966884
31283	GRASS	0.07377636326210839	0.27601905379976543
60998	GRASS	0.07841446782861437	0.2547182504619871
61523	GRASS	0.21303777609552657	0.46538603731564115
62351	GRASS	0.17063833666699274	0.40301644802093506
62465	GRASS	0.07395382491605622	0.2588330124105726
251531	GRASS	0.11645902267524175	0.2762478845460074
440917	GRASS	0.15032609977892467	0.3730559604508536
637758	GRASS	0.1060115077665874	0.2633540396179472
1549025	GRASS	0.11911405516522271	0.31244833554540363
2733294	GRASS	0.30588370987347197	0.5063210129737854
5281167	GRASS	0.34769650442259653	0.6183284180504935
5281168	GRASS	0.24906606759343827	0.5049106350966862
5318599	GRASS	0.23295949825218745	0.5006964802742004
5352837	GRASS	0.3096275670187814	0.585118966443198
5364231	GRASS	0.3086188797439848	0.5571223752839225
262	GRASS	0.08849572816065379	0.2622955675636019
323	GRASS	0.0969177463224956	0.2696005233696529
750	GRASS	0.08095681135143552	0.252609412584986
753	GRASS	0.10274956375360489	0.29408490657806396
962	GRASS	0.10447672754526138	0.28840660623141695
5862	GRASS	0.07648366902555738	0.23780382105282374
5962	GRASS	0.08578166205968175	0.24164525525910513
6274	GRASS	0.09975416958332062	0.27945768194539206
6322	GRASS	0.08661408775619098	0.2576047160795757
6669	GRASS	0.12583780927317484	0.31964098129953655
7137	GRASS	0.08479586243629456	0.24740112466471537
15654	GRASS	0.11797242398772921	0.31557809880801607
62089	GRASS	0.07546828261443547	0.2543471817459379
853433	GRASS	0.0773920054946627	0.24778670498303004
5371102	GRASS	0.22749895921775273	0.4449274667671749
10857465	GRASS	0.26434420687811716	0.5009589535849435
180	FLOWER	0.06674835032650403	0.2962545497076852
264	FLOWER	0.02681684440800122	0.222789289695876
702	FLOWER	0.09946854625429426	0.3235885628632137
1031	FLOWER	0.07934653971876417	0.30096382328442167
3102	FLOWER	0.2149448628936495	0.48204543760844637
3314	FLOWER	0.18586987257003784	0.45404341391154696
6506	FLOWER	0.0831654779613018	0.29966907841818674
6544	FLOWER	0.2111520916223526	0.4524264080183847
6561	FLOWER	0.05106890494269984	0.2588647114379065
7092	FLOWER	0.22878405238900865	0.4965615911143167
7302	FLOWER	0.06932528290365424	0.24092301513467515
7476	FLOWER	0.41470385023525785	0.6976637755121503
7559	FLOWER	0.4049936149801527	0.6865481308528355
7657	FLOWER	0.17556551843881607	0.4280484233583723
7770	FLOWER	0.2348191099507468	0.4712222559111459
7793	FLOWER	0.3200142639023917	0.5889810153416225
7797	FLOWER	0.35044999207769123	0.6165659512792315
8025	FLOWER	0.0804954676755837	0.32422654969351633
8049	FLOWER	0.1650364718266896	0.3976940044334957
8094	FLOWER	0.09617034399083682	0.27819608790533884
8419	FLOWER	0.3676532506942749	0.6380738615989685
8438	FLOWER	0.30576588000570026	0.5746840706893376
8468	FLOWER	0.1835154720715114	0.4310155766350882
8815	FLOWER	0.14556214213371277	0.371854441506522
8878	FLOWER	0.2932801033769335	0.5550318445478167
9012	FLOWER	0.04800553513424737	0.13169666805437633
10886	FLOWER	0.24044744031769888	0.5026464206831796
11567	FLOWER	0.06078356318175793	0.2664575236184256
12020	FLOWER	0.06104761362075806	0.2692727510418211
12265	FLOWER	0.06447919990335192	0.26817718148231506
12377	FLOWER	0.0661356651357242	0.19689521406378066
16537	FLOWER	0.3250751112188612	0.6019053884914943
17898	FLOWER	0.03898971634251731	0.15759167075157166
18467	FLOWER	0.053816944892917364	0.21874632154192244
21363	FLOWER	0.14116680409227098	0.33812062655176434
27440	FLOWER	0.03286953376872199	0.12640560099056788
31219	FLOWER	0.4179158423628126	0.7000724162374224
31276	FLOWER	0.2047089466026851	0.45341443589755465
31283	FLOWER	0.18965648540428706	0.36431773219789776
60998	FLOWER	0.2913013866969517	0.569430240562984
61523	FLOWER	0.22046566435268947	0.46623505439077106
62351	FLOWER	0.0505130264375891	0.18112980467932566
62465	FLOWER	0.14163702726364136	0.38508504203387667
251531	FLOWER	0.350436555487769	0.6153691070420402
440917	FLOWER	0.13100282847881317	0.37466258236340116
637758	FLOWER	0.41684083001954214	0.7200347696031842
1549025	FLOWER	0.3012886047363281	0.5738411886351449
2733294	FLOWER	0.33476697972842623	0.6098756619862148
5281167	FLOWER	0.15923931981836045	0.3952522320406778
5281168	FLOWER	0.07715698597686631	0.23792838411671774
5318599	FLOWER	0.1418901596750532	0.33493153963770184
5352837	FLOWER	0.16844333282538823	0.4035130483763559
5364231	FLOWER	0.17917841885771071	0.4287719896861485
262	FLOWER	0.09465688307370458	0.3099214051451002
323	FLOWER	0.24023188650608063	0.5104899534157344
750	FLOWER	0.13509287685155869	0.34474979979651316
753	FLOWER	0.12736853957176208	0.3420414413724627
962	FLOWER	0.158640090908323	0.39196822898728506
5862	FLOWER	0.0875320892248835	0.26361546346119474
5962	FLOWER	0.06432271269815308	0.24044093915394374
6274	FLOWER	0.09473471769264766	0.31584884439195904
6322	FLOWER	0.09654166921973228	0.30339291266032625
6669	FLOWER	0.4758064704281943	0.6688457216535296
7137	FLOWER	0.31971234934670584	0.595632825578962
15654	FLOWER	0.04997797257133892	0.1794957880462919
62089	FLOWER	0.08898613708359855	0.26622159140450613
853433	FLOWER	0.21343109437397548	0.4969144420964377
5371102	FLOWER	0.33740119848932537	0.6219996299062457
10857465	FLOWER	0.5575319911752429	0.6389695491109576
180	CHEMICAL	0.4655700240816389	0.7237057260104588
264	CHEMICAL	0.20615203891481673	0.5350432012762342
702	CHEMICAL	0.20280747967106955	0.49143014209611074
1031	CHEMICAL	0.26027972996234894	0.5447419200624738
3102	CHEMICAL	0.32988676003047396	0.6136322702680316
3314	CHEMICAL	0.3051742783614567	0.5142962166241237
6506	CHEMICAL	0.18066835403442383	0.4696471818855831
6544	CHEMICAL	0.3300802877971104	0.6236275860241481
6561	CHEMICAL	0.41701504588127136	0.6918277059282575
7092	CHEMICAL	0.30087810329028536	0.5249799106802259
7302	CHEMICAL	0.36762815713882446	0.6257068259375436
7476	CHEMICAL	0.3742886909416744	0.6625070061002459
7559	CHEMICAL	0.29858977454049246	0.5750845159803119
7657	CHEMICAL	0.3610102789742606	0.636562202657972
7770	CHEMICAL	0.2830048842089517	0.5693159018244062
7793	CHEMICAL	0.41380531021526884	0.6833633865628924
7797	CHEMICAL	0.18209409713745117	0.4332556852272579
8025	CHEMICAL	0.26815214327403475	0.5850491608892169
8049	CHEMICAL	0.2055802047252655	0.4808806223528726
8094	CHEMICAL	0.35474296127046856	0.6427213209015983
8419	CHEMICAL	0.27284867422921316	0.5381320118904114
8438	CHEMICAL	0.28372335859707426	0.5297816438334328
8468	CHEMICAL	0.28480623023850576	0.518035467181887
8815	CHEMICAL	0.2782191208430699	0.4727195714201246
8878	CHEMICAL	0.194215755377497	0.44683960505894255
9012	CHEMICAL	0.2988709168774741	0.6061177168573652
10886	CHEMICAL	0.19705285344805037	0.4596016364438193
11567	CHEMICAL	0.608045586517879	0.7907470294407436
12020	CHEMICAL	0.3435238812650953	0.6224995000021798
12265	CHEMICAL	0.3969222775527409	0.6651383297783988
12377	CHEMICAL	0.2328169196844101	0.5663329873766217
16537	CHEMICAL	0.31099729452814373	0.609095573425293
17898	CHEMICAL	0.23600070817129953	0.5111541364874158
18467	CHEMICAL	0.2390218483550208	0.5101634178842817
21363	CHEMICAL	0.3083813786506653	0.5844555880342212
27440	CHEMICAL	0.2786630860396794	0.5845832569258553
31219	CHEMICAL	0.3235056017126356	0.6240032485553196
31276	CHEMICAL	0.4015884058816092	0.6720447369984218
31283	CHEMICAL	0.29721021226474215	0.5408982166222164
60998	CHEMICAL	0.28074448875018526	0.544272780418396
61523	CHEMICAL	0.29181685617991854	0.5464983241898673
62351	CHEMICAL	0.20843489042350224	0.49113219124930246
62465	CHEMICAL	0.3577917516231537	0.590670142854963
251531	CHEMICAL	0.22569734070982253	0.5184370577335358
440917	CHEMICAL	0.6823437128748212	0.8613959210259574
637758	CHEMICAL	0.24114109575748444	0.5338886167321887
1549025	CHEMICAL	0.21294209361076355	0.483307991709028
2733294	CHEMICAL	0.20996903947421483	0.5015348025730678
5281167	CHEMICAL	0.2647865670067923	0.5528897217341832
5281168	CHEMICAL	0.26659622362681795	0.561312368937901
5318599	CHEMICAL	0.4427371493407658	0.7186971391950335
5352837	CHEMICAL	0.3369715596948351	0.6170643653188433
5364231	CHEMICAL	0.1896336397954396	0.45559608936309814
262	CHEMICAL	0.29382763164384024	0.5623977610043117
323	CHEMICAL	0.30163383058139254	0.5244809261390141
750	CHEMICAL	0.16515655176980154	0.42878865344183786
753	CHEMICAL	0.2705933664526258	0.5332328932625907
962	CHEMICAL	0.3135989350931985	0.5636912626879556
5862	CHEMICAL	0.18361030093261174	0.4510550115789686
5962	CHEMICAL	0.22466946712562016	0.506762330021177
6274	CHEMICAL	0.22012908543859208	0.4895820660250528
6322	CHEMICAL	0.19074462354183197	0.4679734579154423
6669	CHEMICAL	0.18052857049873897	0.4328122777598245
7137	CHEMICAL	0.24926542384283884	0.47185810123171124
15654	CHEMICAL	0.1759833140032632	0.44210367117609295
62089	CHEMICAL	0.33622885176113676	0.6264441864831107
853433	CHEMICAL	0.30795583554676603	0.5160446805613381
5371102	CHEMICAL	0.3063163842473711	0.5823094504220145
10857465	CHEMICAL	0.26548220430101666	0.5398101721491132
