oID	descriptor	value	sigma
379	INTENSITY/STRENGTH	0.5836882846696037	0.6755356873784747
875	INTENSITY/STRENGTH	0.26333209020750864	0.5468946099281311
1049	INTENSITY/STRENGTH	0.2708530787910734	0.5624593836920602
2879	INTENSITY/STRENGTH	0.36874158893312725	0.6329322968210492
5541	INTENSITY/STRENGTH	0.21627058514526912	0.5661275897707257
6054	INTENSITY/STRENGTH	0.4498110498700823	0.746432193687984
7095	INTENSITY/STRENGTH	0.3971378930977413	0.617890749658857
7136	INTENSITY/STRENGTH	0.5903664869921548	0.6962576167924064
7335	INTENSITY/STRENGTH	0.47033972825322834	0.7275417021342686
7410	INTENSITY/STRENGTH	0.5398032920701163	0.6999292118208749
7720	INTENSITY/STRENGTH	0.5050182853426252	0.6879750405039106
7820	INTENSITY/STRENGTH	0.3579913377761841	0.6667030368532453
7937	INTENSITY/STRENGTH	0.48084872109549387	0.5974479998861041
8103	INTENSITY/STRENGTH	0.5539509356021881	0.6935943450246539
8175	INTENSITY/STRENGTH	0.6177272285733905	0.7252779092107501
8918	INTENSITY/STRENGTH	0.4733850232192448	0.6914787122181484
9016	INTENSITY/STRENGTH	0.41269929919924053	0.61409421477999
9589	INTENSITY/STRENGTH	0.43782286984579905	0.654425961630685
12810	INTENSITY/STRENGTH	0.6132984927722386	0.6894506130899701
14104	INTENSITY/STRENGTH	0.4503712058067322	0.6671478748321533
14286	INTENSITY/STRENGTH	0.5521464007241386	0.655721630368914
14491	INTENSITY/STRENGTH	0.5246237601552691	0.6245614460536412
17525	INTENSITY/STRENGTH	0.6573612093925476	0.6903426902634757
26331	INTENSITY/STRENGTH	0.5332390921456474	0.6260843873023987
31210	INTENSITY/STRENGTH	0.2638706479753767	0.6948749508176532
61052	INTENSITY/STRENGTH	0.384799314396722	0.7087179677827018
61151	INTENSITY/STRENGTH	0.3951283650738852	0.6330696855272565
61155	INTENSITY/STRENGTH	0.5496103593281337	0.6736685378210885
61252	INTENSITY/STRENGTH	0.7263414093426296	0.7162952933992658
61331	INTENSITY/STRENGTH	0.5972808344023568	0.7188636660575867
61337	INTENSITY/STRENGTH	0.3789388196808951	0.6565406237329755
88454	INTENSITY/STRENGTH	0.7202897156987872	0.7016259602137974
246728	INTENSITY/STRENGTH	0.6412504230226789	0.7263598186629159
778574	INTENSITY/STRENGTH	0.36468314698764254	0.6837490456444877
1549778	INTENSITY/STRENGTH	0.529865814106805	0.7055368168013436
1551246	INTENSITY/STRENGTH	0.4929472974368504	0.6755114964076451
5364729	INTENSITY/STRENGTH	0.4998593202659062	0.7229328836713519
887	INTENSITY/STRENGTH	0.1901414841413498	0.5372296145984105
6057	INTENSITY/STRENGTH	0.24853884535176413	0.5885862878390721
92979	INTENSITY/STRENGTH	0.4653255215712956	0.6166929347174508
159055	INTENSITY/STRENGTH	0.5864346410546984	0.6837044273103986
379	VALENCE/PLEASANTNESS	0.32563754490443636	0.5320336052349636
875	VALENCE/PLEASANTNESS	0.551179119518825	0.5664185881614685
1049	VALENCE/PLEASANTNESS	0.4463313477379935	0.5632250564438956
2879	VALENCE/PLEASANTNESS	0.3817542663642338	0.6107370512826102
5541	VALENCE/PLEASANTNESS	0.4626572174685342	0.5560972264834813
6054	VALENCE/PLEASANTNESS	0.532226698739188	0.6720296740531921
7095	VALENCE/PLEASANTNESS	0.5090011571134839	0.6009095992360797
7136	VALENCE/PLEASANTNESS	0.6563769408634731	0.6860703996249607
7335	VALENCE/PLEASANTNESS	0.5246803207056863	0.6913744551794869
7410	VALENCE/PLEASANTNESS	0.4631820150784084	0.6360449705805097
7720	VALENCE/PLEASANTNESS	0.4515118513788496	0.639862196786063
7820	VALENCE/PLEASANTNESS	0.502069639308112	0.6212172082492283
7937	VALENCE/PLEASANTNESS	0.3744927431855883	0.614571716104235
8103	VALENCE/PLEASANTNESS	0.41843421118600027	0.6095100045204163
8175	VALENCE/PLEASANTNESS	0.4297551086970738	0.6148008533886501
8918	VALENCE/PLEASANTNESS	0.5628366725785392	0.6371794939041138
9016	VALENCE/PLEASANTNESS	0.4751097389629909	0.6209022998809814
9589	VALENCE/PLEASANTNESS	0.37685238463538034	0.6092722245625087
12810	VALENCE/PLEASANTNESS	0.6005704743521554	0.5787981493132455
14104	VALENCE/PLEASANTNESS	0.4580648924623217	0.6444531764302935
14286	VALENCE/PLEASANTNESS	0.379462331533432	0.6335607171058655
14491	VALENCE/PLEASANTNESS	0.23318948916026525	0.5106267247881208
17525	VALENCE/PLEASANTNESS	0.6714685303824288	0.6161800367491586
26331	VALENCE/PLEASANTNESS	0.35065615602902006	0.6127829381397792
31210	VALENCE/PLEASANTNESS	0.43608600752694265	0.6318076423236302
61052	VALENCE/PLEASANTNESS	0.569302465234484	0.652107128075191
61151	VALENCE/PLEASANTNESS	0.5708789910588946	0.6306854401315961
61155	VALENCE/PLEASANTNESS	0.6180325065340314	0.6575237427439008
61252	VALENCE/PLEASANTNESS	0.21901831243719375	0.5406953692436218
61331	VALENCE/PLEASANTNESS	0.5886235066822597	0.6939074652535575
61337	VALENCE/PLEASANTNESS	0.40305072494915556	0.5950550351824079
88454	VALENCE/PLEASANTNESS	0.7491311430931091	0.5969927140644619
246728	VALENCE/PLEASANTNESS	0.6061508314950126	0.6430101990699768
778574	VALENCE/PLEASANTNESS	0.5544756821223668	0.6325257675988334
1549778	VALENCE/PLEASANTNESS	0.6123302834374564	0.6474862098693848
1551246	VALENCE/PLEASANTNESS	0.5155993955475944	0.628811138016837
5364729	VALENCE/PLEASANTNESS	0.45025068521499634	0.6336624622344971
887	VALENCE/PLEASANTNESS	0.5135098780904498	0.5507611206599644
6057	VALENCE/PLEASANTNESS	0.47723011885370525	0.5867141144616264
92979	VALENCE/PLEASANTNESS	0.6276381015777588	0.5622403281075614
159055	VALENCE/PLEASANTNESS	0.5307014158793858	0.6576433777809143
379	BAKERY	0.017712426771010672	0.13542246712105616
875	BAKERY	0.1956409705536706	0.4905855527945927
1049	BAKERY	0.08520413828747612	0.3033594276223864
2879	BAKERY	0.043602753962789266	0.241082563996315
5541	BAKERY	0.08649438513176781	0.3070353077990668
6054	BAKERY	0.05313200716461454	0.23159903713635036
7095	BAKERY	0.04618043479110513	0.2140004358121327
7136	BAKERY	0.2776382267475128	0.6054739611489433
7335	BAKERY	0.013485941237636976	0.16428581838096892
7410	BAKERY	0.028599805065563748	0.21497170201369695
7720	BAKERY	0.016535681805440357	0.14641222996371134
7820	BAKERY	0.06110363453626633	0.2666755808251245
7937	BAKERY	0.12901436324630464	0.43503670181546894
8103	BAKERY	0.02408081093536956	0.14909914774554117
8175	BAKERY	0.012604722886213235	0.08633608583893095
8918	BAKERY	0.03865298282887254	0.1684654631784984
9016	BAKERY	0.03846085656966482	0.22105011556829726
9589	BAKERY	0.05885703595621245	0.2799427019698279
12810	BAKERY	0.10817541714225497	0.3367552714688437
14104	BAKERY	0.04253330933196204	0.22390035007681167
14286	BAKERY	0.1307797602244786	0.45245575053351267
14491	BAKERY	0.05097189652068274	0.23059116091047013
17525	BAKERY	0.1050255298614502	0.37147181374686106
26331	BAKERY	0.12985746881791524	0.42803955929619925
31210	BAKERY	0.040184510073491504	0.20768713099615915
61052	BAKERY	0.067975894681045	0.26519595086574554
61151	BAKERY	0.05325435580951827	0.2910086214542389
61155	BAKERY	0.24151980876922607	0.5429844813687461
61252	BAKERY	0.06505612124289785	0.30497199296951294
61331	BAKERY	0.16582272946834564	0.4365040830203465
61337	BAKERY	0.051607215510947366	0.2566183124269758
88454	BAKERY	0.11630527142967496	0.38869347742625643
246728	BAKERY	0.07233035724077906	0.3052457060132708
778574	BAKERY	0.07612087737236704	0.3004298082419804
1549778	BAKERY	0.015167068423969405	0.21193704221929824
1551246	BAKERY	0.03452388569712639	0.19233690202236176
5364729	BAKERY	0.05037035473755428	0.2571866086551121
887	BAKERY	0.10399583620684487	0.3320056540625436
6057	BAKERY	0.1016947009733745	0.3519031916345869
92979	BAKERY	0.045318075588771274	0.2979708101068224
159055	BAKERY	0.04022746879075255	0.14730813886438096
379	SWEET	0.12860721349716187	0.40702222074781147
875	SWEET	0.2943236231803894	0.650370717048645
1049	SWEET	0.1426907820361001	0.43795249291828703
2879	SWEET	0.12824257303561484	0.4694658006940569
5541	SWEET	0.18433163634368352	0.5224886579172952
6054	SWEET	0.2349164698805128	0.6483977437019348
7095	SWEET	0.2285881851400648	0.58113751241139
7136	SWEET	0.4346879465239389	0.8342194046292987
7335	SWEET	0.23434922311987197	0.6429387841905866
7410	SWEET	0.22179814108780452	0.5946623342377799
7720	SWEET	0.15396803511040552	0.49777452860559734
7820	SWEET	0.26320295461586546	0.6536664622170585
7937	SWEET	0.13408651309353964	0.48053512828690664
8103	SWEET	0.15618978227887834	0.5026952709470477
8175	SWEET	0.1757832488843373	0.4998933800629207
8918	SWEET	0.27987021633556913	0.6523541722978864
9016	SWEET	0.2030529805592128	0.5433329088347298
9589	SWEET	0.12732765717165812	0.4720506455217089
12810	SWEET	0.3735753893852234	0.7002577951976231
14104	SWEET	0.14380231499671936	0.43574692947523935
14286	SWEET	0.16241965762206487	0.5418533427374703
14491	SWEET	0.038521173277071545	0.18246306478977203
17525	SWEET	0.526590883731842	0.8296656693731036
26331	SWEET	0.10914816920246397	0.45665921909468515
31210	SWEET	0.18367075494357518	0.5642991406576974
61052	SWEET	0.32393585784094675	0.7425393717629569
61151	SWEET	0.31945974060467314	0.7043156453541347
61155	SWEET	0.41322724308286396	0.8097742966243199
61252	SWEET	0.06593526633722442	0.2731774662222181
61331	SWEET	0.37857609135763987	0.8044013125555856
61337	SWEET	0.19399169726031168	0.5513798339026315
88454	SWEET	0.5784269102982112	0.8976441962378365
246728	SWEET	0.382829487323761	0.7677810447556632
778574	SWEET	0.28372520208358765	0.6906249693461827
1549778	SWEET	0.28470805287361145	0.6901457054274422
1551246	SWEET	0.19032234804970877	0.5164849800722939
5364729	SWEET	0.2749939390591213	0.6261925782476153
887	SWEET	0.2119243357862745	0.5576344898768834
6057	SWEET	0.19216162604945047	0.5643535128661564
92979	SWEET	0.3153500812394278	0.6767493401254926
159055	SWEET	0.1965571790933609	0.5166474878787994
379	FRUIT	0.11523432071719851	0.30930780938693453
875	FRUIT	0.13301011068480356	0.31541974203927176
1049	FRUIT	0.08399099963051933	0.24510519206523895
2879	FRUIT	0.06448737931038652	0.27312666177749634
5541	FRUIT	0.11588942046676363	0.3240406811237335
6054	FRUIT	0.12839047610759735	0.39892334597451345
7095	FRUIT	0.13767308103186743	0.3883796547140394
7136	FRUIT	0.15467097078050887	0.42402669361659456
7335	FRUIT	0.2019665858575276	0.5406773047787803
7410	FRUIT	0.15784268719809397	0.44203961321285795
7720	FRUIT	0.15092795661517552	0.40668128643717083
7820	FRUIT	0.22684797857488906	0.5100400107247489
7937	FRUIT	0.042947527553353994	0.16758094089371817
8103	FRUIT	0.16616400011948176	0.4246049055031368
8175	FRUIT	0.15868286469152995	0.41988469873155865
8918	FRUIT	0.24980348987238749	0.5718093088694981
9016	FRUIT	0.11882903320448739	0.36099861349378315
9589	FRUIT	0.053453214200479646	0.25365204896245686
12810	FRUIT	0.2764005788734981	0.5564735574381692
14104	FRUIT	0.11460353966270174	0.3017090218407767
14286	FRUIT	0.05700075253844261	0.2243659943342209
14491	FRUIT	0.03397081872182233	0.14345781398671015
17525	FRUIT	0.6002425253391266	0.8189016665731158
26331	FRUIT	0.036928033722298484	0.16509495675563812
31210	FRUIT	0.12189565492527825	0.35107616015842985
61052	FRUIT	0.24014813559395926	0.5089694942746844
61151	FRUIT	0.23961549997329712	0.5268430539539882
61155	FRUIT	0.17084071040153503	0.451555073261261
61252	FRUIT	0.03102870737867696	0.1299086958169937
61331	FRUIT	0.1691448198897498	0.4618515031678336
61337	FRUIT	0.16151549560683115	0.4091271162033081
88454	FRUIT	0.6422653198242188	0.8585880824497768
246728	FRUIT	0.37090482243469786	0.6758075952529907
778574	FRUIT	0.16908713749476842	0.4121881425380707
1549778	FRUIT	0.22854543583733694	0.5410142711230687
1551246	FRUIT	0.1825951976435525	0.43247897710118977
5364729	FRUIT	0.2636334002017975	0.5496745535305568
887	FRUIT	0.10671136208942958	0.3036883558545794
6057	FRUIT	0.08740267583302089	0.28388031678540365
92979	FRUIT	0.1531804140125002	0.38759284360068186
159055	FRUIT	0.1060699000954628	0.3797148678983961
379	FISH	0.07523506454059056	0.1373874151280948
875	FISH	0.04886807235223906	0.15557636959212168
1049	FISH	0.09748888228620801	0.23079771442072733
2879	FISH	0.11977841066462654	0.24554039325032914
5541	FISH	0.07054663023778371	0.19165188074111938
6054	FISH	0.15924801358154841	0.2793860307761601
7095	FISH	0.06530918180942535	0.1326075547507831
7136	FISH	0.03334742172488144	0.1313865546669279
7335	FISH	0.061768830088632445	0.13334419897624425
7410	FISH	0.07752965284245354	0.16218562424182892
7720	FISH	0.058507691004446576	0.12568272011620657
7820	FISH	0.06816172546574048	0.16748268476554326
7937	FISH	0.12073538878134318	0.24088381656578609
8103	FISH	0.07119990086981229	0.13498857085193908
8175	FISH	0.05057504852967603	0.10998279388461794
8918	FISH	0.04421276625777994	0.09964483018432345
9016	FISH	0.050094623650823324	0.12225205876997539
9589	FISH	0.11206660951886858	0.23231235146522522
12810	FISH	0.06994302357946124	0.12904488721064158
14104	FISH	0.08643027448228427	0.18782717415264674
14286	FISH	0.10970248388392585	0.24305330855505808
14491	FISH	0.41157091089657377	0.6245700376374381
17525	FISH	0.06039351597428322	0.13020277129752295
26331	FISH	0.13638097792863846	0.27345241393361774
31210	FISH	0.14279678676809585	0.28997880646160673
61052	FISH	0.06563714359487806	0.1638796872326306
61151	FISH	0.03940827452710697	0.11544117012194224
61155	FISH	0.040035605164510865	0.14022335090807506
61252	FISH	0.33806564126695904	0.5939771788460868
61331	FISH	0.057989679010851045	0.14885034092835017
61337	FISH	0.10689360861267362	0.23232135815279825
88454	FISH	0.038114117990647046	0.08241126047713417
246728	FISH	0.047112180452261655	0.11065006256103516
778574	FISH	0.0882402200784002	0.2028433382511139
1549778	FISH	0.09650545247963496	0.1449898545231138
1551246	FISH	0.06827814078756742	0.13485977798700333
5364729	FISH	0.11140340779508863	0.23113474888460978
887	FISH	0.054350586874144416	0.1591493242553302
6057	FISH	0.11248537365879331	0.2395582709993635
92979	FISH	0.12173180601426534	0.1634445403303419
159055	FISH	0.03383205245648112	0.059981558471918106
379	GARLIC	0.045925442927650044	0.1981685757637024
875	GARLIC	0.08620384122644152	0.2683514824935368
1049	GARLIC	0.09498759571995054	0.28939923431192127
2879	GARLIC	0.07879049703478813	0.23981899661677225
5541	GARLIC	0.09831919627530235	0.2863700773034777
6054	GARLIC	0.0656958238354751	0.25911641120910645
7095	GARLIC	0.03822306962683797	0.1776870254959379
7136	GARLIC	0.041723309350865226	0.14678100496530533
7335	GARLIC	0.05756644319210734	0.1712609976530075
7410	GARLIC	0.03818909132054874	0.1670904564005988
7720	GARLIC	0.03793909400701523	0.16997001426560537
7820	GARLIC	0.07873954730374473	0.2587771053825106
7937	GARLIC	0.08660045266151428	0.2942737766674587
8103	GARLIC	0.04184376687875816	0.18556406455380575
8175	GARLIC	0.02947207593492099	0.1565570511988231
8918	GARLIC	0.04118808039597103	0.15215687453746796
9016	GARLIC	0.0453889931419066	0.16472242133957998
9589	GARLIC	0.059982105025223324	0.24991395218031748
12810	GARLIC	0.042577262701732774	0.14193478439535415
14104	GARLIC	0.05195681245199272	0.20347493248326437
14286	GARLIC	0.07766927033662796	0.2848122205053057
14491	GARLIC	0.40163983191762653	0.6233118602207729
17525	GARLIC	0.04508903729064124	0.1343835358108793
26331	GARLIC	0.08657535484858922	0.3042651627744947
31210	GARLIC	0.09671574192387718	0.27039686696869986
61052	GARLIC	0.03558187772120748	0.1622882123504366
61151	GARLIC	0.04681326236043658	0.16037022854600633
61155	GARLIC	0.04117698594927788	0.16322887795312063
61252	GARLIC	0.27075629362038206	0.5344562487942832
61331	GARLIC	0.02866762237889426	0.14992965757846832
61337	GARLIC	0.09070130863359996	0.27870685926505495
88454	GARLIC	0.038487195170351436	0.09483590083462852
246728	GARLIC	0.0482167082705668	0.13197981885501317
778574	GARLIC	0.0598967865641628	0.19648487440177373
1549778	GARLIC	0.07249158354742187	0.20850783586502075
1551246	GARLIC	0.052798137600932805	0.21944360647882735
5364729	GARLIC	0.08774621625031744	0.2630453258752823
887	GARLIC	0.09005147112267357	0.27927576644080027
6057	GARLIC	0.09948921097176415	0.2901625377791269
92979	GARLIC	0.09383472268070493	0.23632123853479112
159055	GARLIC	0.02957413691495146	0.1157368826014655
379	SPICES	0.06049082774136748	0.2653739345925195
875	SPICES	0.16692633288247244	0.4146930830819266
1049	SPICES	0.1974595742566245	0.4157337546348572
2879	SPICES	0.16644861442702158	0.3794881360871451
5541	SPICES	0.16646942922047206	0.3780918802533831
6054	SPICES	0.1343147616301264	0.3453126847743988
7095	SPICES	0.11713706382683345	0.3010121669088091
7136	SPICES	0.3474010186535971	0.6206553408077785
7335	SPICES	0.23032781055995397	0.45812456948416574
7410	SPICES	0.10737314713852746	0.30960877878325327
7720	SPICES	0.14437927092824662	0.3528153215135847
7820	SPICES	0.14824694927249635	0.35609008158956257
7937	SPICES	0.20103381148406438	0.42367233974593027
8103	SPICES	0.08603065514138766	0.28112866410187315
8175	SPICES	0.08890497045857566	0.285863282425063
8918	SPICES	0.11410265203033175	0.30709645577839445
9016	SPICES	0.17493050226143428	0.3843474132674081
9589	SPICES	0.15089672378131322	0.3579352412905012
12810	SPICES	0.12512157644544328	0.36223380054746357
14104	SPICES	0.3205094167164394	0.5598746282713754
14286	SPICES	0.15345526060887746	0.37660803539412363
14491	SPICES	0.23354548854487284	0.46792444586753845
17525	SPICES	0.11431320543800082	0.3551815705639975
26331	SPICES	0.1724079836692129	0.3912019303866795
31210	SPICES	0.10431397280522756	0.321626501423972
61052	SPICES	0.09621289798191615	0.3229352576392038
61151	SPICES	0.1693930562053408	0.4012491319860731
61155	SPICES	0.2361903658935002	0.5065916436059135
61252	SPICES	0.18458921142986842	0.42333761709077017
61331	SPICES	0.18851918833596365	0.45438301989010405
61337	SPICES	0.13481472645487105	0.3424729747431619
88454	SPICES	0.10715536932860102	0.3606733637196677
246728	SPICES	0.149584884090083	0.4010994945253645
778574	SPICES	0.11201774222510201	0.34511798194476534
1549778	SPICES	0.21947841559137618	0.43720147013664246
1551246	SPICES	0.2834618559905461	0.4972880780696869
5364729	SPICES	0.1746368067605155	0.4071565398148128
887	SPICES	0.1397815261568342	0.3398663444178445
6057	SPICES	0.14710287749767303	0.3673669993877411
92979	SPICES	0.20616790439401353	0.4641101913792746
159055	SPICES	0.21551912597247533	0.45363579051835196
379	COLD	0.28625806314604624	0.4624421000480652
875	COLD	0.1948361141341073	0.36002372418131146
1049	COLD	0.19717349963528769	0.35088637471199036
2879	COLD	0.22706093106951034	0.4070122880595071
5541	COLD	0.19382751626627787	0.35512256622314453
6054	COLD	0.21738743143422262	0.43272929957934786
7095	COLD	0.26298276654311586	0.46546532000814167
7136	COLD	0.22707616218498775	0.43513387867382597
7335	COLD	0.42405254926000324	0.6130287562097821
7410	COLD	0.30539940510477337	0.5123076949800763
7720	COLD	0.4014303513935634	0.585302071911948
7820	COLD	0.2082499201808657	0.40703573397227694
7937	COLD	0.19233430070536478	0.37584843805858065
8103	COLD	0.31797010557992117	0.5071110682828086
8175	COLD	0.3471805325576237	0.5549384781292507
8918	COLD	0.3348026020186288	0.5554749369621277
9016	COLD	0.32130397643361774	0.5194410000528608
9589	COLD	0.22087122074195317	0.41175942761557444
12810	COLD	0.3171106960092272	0.5314367924417768
14104	COLD	0.2871146159512656	0.4756356350013188
14286	COLD	0.18964036873408727	0.37524870889527456
14491	COLD	0.13767790687935694	0.2692347232784544
17525	COLD	0.2561287454196385	0.45953073671885897
26331	COLD	0.18669540754386357	0.35675262979098726
31210	COLD	0.2032024051461901	0.3788399355752127
61052	COLD	0.2697730341127941	0.47322566168648855
61151	COLD	0.2956448665687016	0.49532836249896456
61155	COLD	0.23237172620637075	0.4323149834360395
61252	COLD	0.16026430896350316	0.2923992531640189
61331	COLD	0.2389357558318547	0.4662321763379233
61337	COLD	0.20254724792071752	0.37189349957874845
88454	COLD	0.29528504610061646	0.5077851499829974
246728	COLD	0.3940258026123047	0.5940531832831246
778574	COLD	0.2536901278155191	0.4297612266881125
1549778	COLD	0.2718334368297032	0.5092106631823948
1551246	COLD	0.32721776195934843	0.5470012724399567
5364729	COLD	0.22137028191770827	0.42080023884773254
887	COLD	0.21070714507784163	0.3682510767664228
6057	COLD	0.1941683143377304	0.3505393862724304
92979	COLD	0.27783036657742094	0.4729629840169634
159055	COLD	0.5253714833940778	0.6974033032144819
379	SOUR	0.3910004794597626	0.5780855417251587
875	SOUR	0.1988495205129896	0.3875723566327776
1049	SOUR	0.2643529176712036	0.46607452630996704
2879	SOUR	0.3040079431874411	0.49756450738225666
5541	SOUR	0.3242661442075457	0.5157559258597237
6054	SOUR	0.23635394871234894	0.4671572021075657
7095	SOUR	0.18595625034400395	0.39431965351104736
7136	SOUR	0.15322111546993256	0.3430988831179483
7335	SOUR	0.24040260485240392	0.4429908607687269
7410	SOUR	0.223082463656153	0.4210377718721117
7720	SOUR	0.20522006920405797	0.40810060501098633
7820	SOUR	0.33179151160376413	0.547966229064124
7937	SOUR	0.25069370440074373	0.4890657663345337
8103	SOUR	0.26874321912016186	0.47543816907065256
8175	SOUR	0.23576314534459794	0.45433164494378225
8918	SOUR	0.15460641043526785	0.3676811456680298
9016	SOUR	0.1832765851702009	0.38359306539808
9589	SOUR	0.2882013384784971	0.502735606261662
12810	SOUR	0.17725908969129836	0.35954749158450533
14104	SOUR	0.23565076078687394	0.4479110538959503
14286	SOUR	0.28778758006436483	0.5079292697565896
14491	SOUR	0.48554252300943646	0.6864612528256008
17525	SOUR	0.23630782110350473	0.4427072363240378
26331	SOUR	0.2734630044017519	0.5210061158452716
31210	SOUR	0.3114939033985138	0.5315986786569867
61052	SOUR	0.20220718213490077	0.44748216441699434
61151	SOUR	0.17663973569869995	0.38866981863975525
61155	SOUR	0.16373491500105178	0.36618419204439434
61252	SOUR	0.4386723850454603	0.6999700580324445
61331	SOUR	0.18054260739258357	0.3824142983981541
61337	SOUR	0.3932906133787973	0.584727304322379
88454	SOUR	0.16228307570729936	0.3694093014512743
246728	SOUR	0.17879700234958104	0.3841799071856907
778574	SOUR	0.23633983731269836	0.4707973429134914
1549778	SOUR	0.19414922807897841	0.40056245241846355
1551246	SOUR	0.1868512417588915	0.39900449344090055
5364729	SOUR	0.4122260596070971	0.6104768770081657
887	SOUR	0.25368723060403553	0.4566526881286076
6057	SOUR	0.267565307872636	0.455525917666299
92979	SOUR	0.145122406738145	0.34504675013678415
159055	SOUR	0.15446590738637106	0.30687189527920317
379	BURNT	0.1717151871749333	0.4383542707988194
875	BURNT	0.14647806222949708	0.37766818915094647
1049	BURNT	0.12390096485614777	0.38115411145346506
2879	BURNT	0.1677970609494618	0.42263720291001455
5541	BURNT	0.12200705068452018	0.3851456812449864
6054	BURNT	0.07900600561073848	0.2663008208785738
7095	BURNT	0.09752795206648963	0.30122464895248413
7136	BURNT	0.15451023940529143	0.39777358514922007
7335	BURNT	0.08628685346671514	0.3072315624782017
7410	BURNT	0.10981098881789617	0.3326485199587686
7720	BURNT	0.1169823067528861	0.36199891567230225
7820	BURNT	0.09680588862725667	0.3259936145373753
7937	BURNT	0.312647351196834	0.6186156187738691
8103	BURNT	0.1045538027371679	0.3365053193909781
8175	BURNT	0.15572212104286468	0.4224609306880406
8918	BURNT	0.10687665641307831	0.32179649812834604
9016	BURNT	0.10739471018314362	0.3455795347690582
9589	BURNT	0.20211562940052577	0.4947022369929722
12810	BURNT	0.09647519141435623	0.26574187193598064
14104	BURNT	0.16786649184567587	0.47073537962777273
14286	BURNT	0.3143978587218693	0.5933177215712411
14491	BURNT	0.26630949122565134	0.5661825878279549
17525	BURNT	0.06442505759852273	0.24422253455434526
26331	BURNT	0.33356297867638723	0.6395568762506757
31210	BURNT	0.12262446752616338	0.3552346740450178
61052	BURNT	0.072892784007958	0.263324750321252
61151	BURNT	0.08624992838927678	0.31299126148223877
61155	BURNT	0.15462648549250194	0.404781026499612
61252	BURNT	0.38830202392169405	0.701959320477077
61331	BURNT	0.12099518786583628	0.3473760187625885
61337	BURNT	0.12742095227752412	0.3818040745598929
88454	BURNT	0.05424589743571622	0.19844456442764827
246728	BURNT	0.08321558258363179	0.2657730664525713
778574	BURNT	0.06971849181822368	0.2610120347567967
1549778	BURNT	0.1299098442707743	0.32896258575575693
1551246	BURNT	0.124919522021498	0.39088756697518484
5364729	BURNT	0.10943494737148285	0.369647000517164
887	BURNT	0.09933152475527354	0.31730046016829355
6057	BURNT	0.13332528514521463	0.35510880606515066
92979	BURNT	0.14219486287661962	0.27619231598717825
159055	BURNT	0.10276450110333306	0.3070659978049142
379	ACID	0.3844282329082489	0.6009885753904071
875	ACID	0.1484619677066803	0.31959606068474905
1049	ACID	0.1745413499219077	0.3743146615368979
2879	ACID	0.30580598541668486	0.4973845524447305
5541	ACID	0.20497008732386998	0.39337388958249775
6054	ACID	0.18162404532943452	0.3966648408344814
7095	ACID	0.2816448914153235	0.4831177890300751
7136	ACID	0.18248738135610307	0.35246541670390535
7335	ACID	0.39542075991630554	0.6386331234659467
7410	ACID	0.35212587884494234	0.5620215620313372
7720	ACID	0.4445332714489528	0.6661580375262669
7820	ACID	0.24332749204976217	0.4503129592963627
7937	ACID	0.28160460719040464	0.510767719575337
8103	ACID	0.39194759726524353	0.6023686102458409
8175	ACID	0.4717991479805538	0.7016650268009731
8918	ACID	0.32690563797950745	0.5686735170228141
9016	ACID	0.3476913145610264	0.5538645046097892
9589	ACID	0.3094482975346701	0.5379828384944371
12810	ACID	0.2404975997550147	0.44863095453807283
14104	ACID	0.3015762482370649	0.5301612998758044
14286	ACID	0.27619596464293344	0.5010944817747388
14491	ACID	0.2734927109309605	0.525009274482727
17525	ACID	0.15548222831317357	0.3538735679217747
26331	ACID	0.2871577462979725	0.5099359367574964
31210	ACID	0.2295197035585131	0.4350187991346632
61052	ACID	0.2166889522756849	0.426250342811857
61151	ACID	0.23154025205544063	0.4290732571056911
61155	ACID	0.21817760595253535	0.3983656551156725
61252	ACID	0.39724235449518475	0.6432085462978908
61331	ACID	0.24705369557653153	0.4355404164109911
61337	ACID	0.27802557604653494	0.47632614629609243
88454	ACID	0.13703817342008864	0.3381839862891606
246728	ACID	0.314067006111145	0.5465974254267556
778574	ACID	0.1711756714752742	0.3761545589991978
1549778	ACID	0.23783924324171885	0.4904238539082663
1551246	ACID	0.2911624035664967	0.5395900862557548
5364729	ACID	0.27989192732742857	0.4818353269781385
887	ACID	0.18674500925200327	0.3934651528085981
6057	ACID	0.15619906144482748	0.3382361020360674
92979	ACID	0.13728595525026321	0.35082906910351347
159055	ACID	0.4589334215436663	0.701596770967756
379	WARM	0.33889681100845337	0.5376129916736058
875	WARM	0.3930308052471706	0.5704476066998073
1049	WARM	0.29196249161447796	0.4653318396636418
2879	WARM	0.32559798445020405	0.5339320387159076
5541	WARM	0.31486809253692627	0.5157466913972583
6054	WARM	0.2718674966267177	0.4771804085799626
7095	WARM	0.28198874848229544	0.467862993478775
7136	WARM	0.5247990616730281	0.6951197981834412
7335	WARM	0.31741267442703247	0.5644127726554871
7410	WARM	0.3056425026484898	0.5180751638753074
7720	WARM	0.27113125153950285	0.4845892531531198
7820	WARM	0.28553772824151175	0.5092261348451886
7937	WARM	0.4020360452788217	0.5993209992136274
8103	WARM	0.25942625531128477	0.46511506182806833
8175	WARM	0.291316419839859	0.4988805183342525
8918	WARM	0.2923664450645447	0.4951425109590803
9016	WARM	0.28549112166677204	0.4861660429409572
9589	WARM	0.3394871013505118	0.5567240629877362
12810	WARM	0.3695497044495174	0.5615276098251343
14104	WARM	0.3707986431462424	0.5736016631126404
14286	WARM	0.4315086901187897	0.6298827018056598
14491	WARM	0.3532930910587311	0.5764693532671247
17525	WARM	0.33249405452183317	0.5566444993019104
26331	WARM	0.3959908527987344	0.5999847565378461
31210	WARM	0.3349355161190033	0.5365673005580902
61052	WARM	0.3290836938789913	0.5102267946515765
61151	WARM	0.3338448234966823	0.5533699563571385
61155	WARM	0.4700608125754765	0.6662435701915196
61252	WARM	0.4282009984765734	0.6365435208593097
61331	WARM	0.4451025426387787	0.6412119013922555
61337	WARM	0.3235818786280496	0.5491783789225987
88454	WARM	0.3417956233024597	0.5679180792399815
246728	WARM	0.3295628087861197	0.5587441069739205
778574	WARM	0.31397503188678194	0.4879911541938782
1549778	WARM	0.3130667933395931	0.5219362250396183
1551246	WARM	0.2917796415942056	0.5033769096646991
5364729	WARM	0.3455262098993574	0.5903527055467878
887	WARM	0.2718023232051304	0.45871218613215853
6057	WARM	0.311706291777747	0.5040060068879809
92979	WARM	0.38538705876895357	0.6022288288388934
159055	WARM	0.3526690687452044	0.5487208621842521
379	MUSKY	0.418040931224823	0.6528429048401969
875	MUSKY	0.23169924105916703	0.4475928119250706
1049	MUSKY	0.27306739347321646	0.47650078364780973
2879	MUSKY	0.34119065744536264	0.5635783204010555
5541	MUSKY	0.31010402526174274	0.5276693190847125
6054	MUSKY	0.2728595414331981	0.5181807492460523
7095	MUSKY	0.2260733417102269	0.43849429913929533
7136	MUSKY	0.17516187259129115	0.37476037655557903
7335	MUSKY	0.18298912474087306	0.3921238269124712
7410	MUSKY	0.26770463798727306	0.5028539001941681
7720	MUSKY	0.2004208309309823	0.4249704224722726
7820	MUSKY	0.26421290210315157	0.4975239762238094
7937	MUSKY	0.3383912060941969	0.5988937786647252
8103	MUSKY	0.2662477982895715	0.4965462727206094
8175	MUSKY	0.2554622164794377	0.5100240068776267
8918	MUSKY	0.1631636502487319	0.3855868024485452
9016	MUSKY	0.19565758747713907	0.4195362372057779
9589	MUSKY	0.350520521402359	0.6109684790883746
12810	MUSKY	0.21519325886453902	0.417361604315894
14104	MUSKY	0.243393103991236	0.4615538460867746
14286	MUSKY	0.3765266878264291	0.6315154092652457
14491	MUSKY	0.4235172484602247	0.6588453224727085
17525	MUSKY	0.1425891454730715	0.3140268155506679
26331	MUSKY	0.37696281926972525	0.6464610610689435
31210	MUSKY	0.3333662109715598	0.5785786509513855
61052	MUSKY	0.22558394500187465	0.47330147453716825
61151	MUSKY	0.1920203800712313	0.4013741612434387
61155	MUSKY	0.19587872070925577	0.40188850249562946
61252	MUSKY	0.4334949127265385	0.6954974021230426
61331	MUSKY	0.2352720946073532	0.44539137397493633
61337	MUSKY	0.36491911326135906	0.586012967995235
88454	MUSKY	0.09924752371651786	0.25111701020172666
246728	MUSKY	0.13945253831999643	0.31919040850230623
778574	MUSKY	0.27737569170338766	0.5190809113638741
1549778	MUSKY	0.19597710030419485	0.43698945215770174
1551246	MUSKY	0.16962736951453344	0.3478298655578068
5364729	MUSKY	0.33624832119260517	0.5540278468813215
887	MUSKY	0.24974097311496735	0.4657675623893738
6057	MUSKY	0.30491817849023	0.5073633704866681
92979	MUSKY	0.24680528257574355	0.4464773620877947
159055	MUSKY	0.13456464345966065	0.31271817428725107
379	SWEATY	0.2802170770508902	0.5054340745721545
875	SWEATY	0.10936636051961354	0.2556503138371876
1049	SWEATY	0.13712791885648454	0.29956633278301786
2879	SWEATY	0.19404821736471994	0.36196264198848177
5541	SWEATY	0.17809611984661647	0.35501841987882343
6054	SWEATY	0.14016458179269517	0.3335249551704952
7095	SWEATY	0.09485799712794167	0.22235581278800964
7136	SWEATY	0.04034498307321753	0.12923718030963624
7335	SWEATY	0.0884812990469592	0.24157496009554183
7410	SWEATY	0.11882595824343818	0.2646892177207129
7720	SWEATY	0.09107915099178042	0.24605504742690495
7820	SWEATY	0.15476142082895553	0.33251647438321796
7937	SWEATY	0.14280319533177785	0.38759604522160124
8103	SWEATY	0.1470874696969986	0.3358106144836971
8175	SWEATY	0.1431415570633752	0.325527480670384
8918	SWEATY	0.06409650056489877	0.21520044335297175
9016	SWEATY	0.0651019210261958	0.18391295416014536
9589	SWEATY	0.16922534576484136	0.3760392665863037
12810	SWEATY	0.10208674946001597	0.2163674192769187
14104	SWEATY	0.08699566551617213	0.2567429414817265
14286	SWEATY	0.17766776255198888	0.41649630665779114
14491	SWEATY	0.2609032988548279	0.47536695429256987
17525	SWEATY	0.07349162495562009	0.20445393025875092
26331	SWEATY	0.15949866494962148	0.43739670515060425
31210	SWEATY	0.2021723815373012	0.4028387154851641
61052	SWEATY	0.07524360130940165	0.22178747611386435
61151	SWEATY	0.05819553243262427	0.190414269055639
61155	SWEATY	0.04683087446859905	0.15494427510670253
61252	SWEATY	0.26016467596803394	0.5166575823511396
61331	SWEATY	0.07907226734927722	0.19383179715701512
61337	SWEATY	0.23099084198474884	0.40269327589443754
88454	SWEATY	0.036000198019402366	0.13258497097662517
246728	SWEATY	0.0665378240602357	0.18492485582828522
778574	SWEATY	0.11589928716421127	0.2598925403186253
1549778	SWEATY	0.06372634215014321	0.20713162847927638
1551246	SWEATY	0.05546919123402664	0.18374060520104
5364729	SWEATY	0.2137210305247988	0.38707726342337473
887	SWEATY	0.12939878872462682	0.3001288111720766
6057	SWEATY	0.16894893561090743	0.3206240449632917
92979	SWEATY	0.023332364591104642	0.12982355377503804
159055	SWEATY	0.03976336520697389	0.1266575562102454
379	AMMONIA/URINOUS	0.42306960054806303	0.5056935804230827
875	AMMONIA/URINOUS	0.13862821459770203	0.2524916614804949
1049	AMMONIA/URINOUS	0.17936799143041884	0.2944182200091226
2879	AMMONIA/URINOUS	0.3894789048603603	0.5065226767744336
5541	AMMONIA/URINOUS	0.21058168368680136	0.3240560974393572
6054	AMMONIA/URINOUS	0.2878406473568508	0.43217200892312185
7095	AMMONIA/URINOUS	0.30213281512260437	0.4033645859786442
7136	AMMONIA/URINOUS	0.1986051776579448	0.2921801997082574
7335	AMMONIA/URINOUS	0.32656056327479227	0.46553780351366314
7410	AMMONIA/URINOUS	0.3840513697692326	0.4873117336205074
7720	AMMONIA/URINOUS	0.4132249014718192	0.5204875894955227
7820	AMMONIA/URINOUS	0.2201275612626757	0.3514153276171003
7937	AMMONIA/URINOUS	0.33195015362330843	0.4623650482722691
8103	AMMONIA/URINOUS	0.4019692156996046	0.4973923521382468
8175	AMMONIA/URINOUS	0.4545266500541142	0.5694444860730853
8918	AMMONIA/URINOUS	0.3003275394439697	0.432942339352199
9016	AMMONIA/URINOUS	0.3394500059740884	0.43514205302510944
9589	AMMONIA/URINOUS	0.36125350424221586	0.48654597997665405
12810	AMMONIA/URINOUS	0.23723225082669938	0.34592116304806303
14104	AMMONIA/URINOUS	0.29706003623349325	0.4216040713446481
14286	AMMONIA/URINOUS	0.34818608845983234	0.4887869783810207
14491	AMMONIA/URINOUS	0.43288810338292805	0.5287551368985858
17525	AMMONIA/URINOUS	0.11268969146268708	0.1941666113478797
26331	AMMONIA/URINOUS	0.3472024032047817	0.4677190738064902
31210	AMMONIA/URINOUS	0.3522102109023503	0.496845896754946
61052	AMMONIA/URINOUS	0.21247009294373648	0.3625427654811314
61151	AMMONIA/URINOUS	0.20567576800073897	0.3068205203328814
61155	AMMONIA/URINOUS	0.2276513214622225	0.3324404742036547
61252	AMMONIA/URINOUS	0.557322987488338	0.6750294140407017
61331	AMMONIA/URINOUS	0.31656674827848164	0.4074974060058594
61337	AMMONIA/URINOUS	0.314239250762122	0.4316012476171766
88454	AMMONIA/URINOUS	0.09068815995539938	0.16305471424545562
246728	AMMONIA/URINOUS	0.2577232079846518	0.3568503771509443
778574	AMMONIA/URINOUS	0.19257403910160065	0.3368611378329141
1549778	AMMONIA/URINOUS	0.2841733970812389	0.3852899031979697
1551246	AMMONIA/URINOUS	0.25651176486696514	0.36425094519342693
5364729	AMMONIA/URINOUS	0.2779126593044826	0.3972558081150055
887	AMMONIA/URINOUS	0.1756349163396018	0.3118205453668322
6057	AMMONIA/URINOUS	0.21506227127143315	0.34322395069258554
92979	AMMONIA/URINOUS	0.24927036038466863	0.2856979582990919
159055	AMMONIA/URINOUS	0.44852542877197266	0.5520108682768685
379	DECAYED	0.17765794481549943	0.4426150109086718
875	DECAYED	0.07442427639450346	0.3144521713256836
1049	DECAYED	0.0937578199165208	0.3431842454842159
2879	DECAYED	0.13847356608935765	0.43862795404025484
5541	DECAYED	0.11600629133837563	0.3614556576524462
6054	DECAYED	0.11336807587317058	0.3953088777405875
7095	DECAYED	0.08593872828142983	0.3017208235604422
7136	DECAYED	0.07132102229765483	0.2592006879193442
7335	DECAYED	0.1187789546591895	0.3940093645027706
7410	DECAYED	0.10217768805367607	0.364986104624612
7720	DECAYED	0.09817323195082801	0.3622426220348903
7820	DECAYED	0.11569675164563316	0.3749328298228128
7937	DECAYED	0.14793800456183298	0.47514842237745014
8103	DECAYED	0.11757842344897133	0.3853252274649484
8175	DECAYED	0.09638342687061854	0.3464491495064327
8918	DECAYED	0.06298806491707053	0.2863474190235138
9016	DECAYED	0.07909662276506424	0.30529487133026123
9589	DECAYED	0.1508896563734327	0.4639389855521066
12810	DECAYED	0.06897241409335818	0.3032770369734083
14104	DECAYED	0.117824059511934	0.3757563446249281
14286	DECAYED	0.16018276342323848	0.4727910416466849
14491	DECAYED	0.3360121761049543	0.6968360713550023
17525	DECAYED	0.08822318645460266	0.29462543981415884
26331	DECAYED	0.16938529482909612	0.5215564455304827
31210	DECAYED	0.1353925040790013	0.4604753426143101
61052	DECAYED	0.08373279230935234	0.36671314920697895
61151	DECAYED	0.07706687439765249	0.29199870995112825
61155	DECAYED	0.0631179181592805	0.26672810528959545
61252	DECAYED	0.3137301206588745	0.706175012247903
61331	DECAYED	0.08214636466332845	0.29226542583533693
61337	DECAYED	0.16494397819042206	0.443123140505382
88454	DECAYED	0.07105345172541482	0.24948164182049887
246728	DECAYED	0.09250478286828313	0.3351593656199319
778574	DECAYED	0.08869251502411706	0.38546268003327505
1549778	DECAYED	0.09420443645545415	0.31903505325317383
1551246	DECAYED	0.09793040582111903	0.32292836904525757
5364729	DECAYED	0.17566296671118056	0.45739232642310007
887	DECAYED	0.09583823808601924	0.33800349065235685
6057	DECAYED	0.11174650170973369	0.36777257919311523
92979	DECAYED	0.1377524020416396	0.35490947110312326
159055	DECAYED	0.07414287914122854	0.3471210513796125
379	WOOD	0.3297783987862723	0.5500153728893825
875	WOOD	0.22421241019453322	0.3733053846018655
1049	WOOD	0.2714372490133558	0.4286614826747349
2879	WOOD	0.2145747755255018	0.3910005050046103
5541	WOOD	0.25023617488997324	0.41070600918361116
6054	WOOD	0.12116500522409167	0.2793752976826259
7095	WOOD	0.1742975584098271	0.3412879407405853
7136	WOOD	0.23626480783735002	0.4320135372025626
7335	WOOD	0.29055327602795195	0.4944275277001517
7410	WOOD	0.16847305851323263	0.3548723203795297
7720	WOOD	0.24674884336335318	0.4583822361060551
7820	WOOD	0.17698571511677333	0.3317121352468218
7937	WOOD	0.4698406032153538	0.6635721751621791
8103	WOOD	0.19398019356387003	0.386412365095956
8175	WOOD	0.3008937197072165	0.5237057507038116
8918	WOOD	0.20051435700484685	0.3855694021497454
9016	WOOD	0.22400933716978347	0.40554534111704144
9589	WOOD	0.37408675040517536	0.5899026138441903
12810	WOOD	0.15312583425215312	0.297271083508219
14104	WOOD	0.412392931325095	0.634329080581665
14286	WOOD	0.4031925286565508	0.6169606617518834
14491	WOOD	0.15952828100749425	0.3181049610887255
17525	WOOD	0.08325157261320523	0.19324605805533274
26331	WOOD	0.5431969506399972	0.7341361812182835
31210	WOOD	0.165887890117509	0.3176616259983608
61052	WOOD	0.11334566984857831	0.2449026299374444
61151	WOOD	0.198442314352308	0.3542999838079725
61155	WOOD	0.20460042570318496	0.384082168340683
61252	WOOD	0.2430786064692906	0.41114753058978487
61331	WOOD	0.17102475251470292	0.3375340870448521
61337	WOOD	0.18045465222426824	0.35408169456890654
88454	WOOD	0.07172021695545741	0.18034426548651286
246728	WOOD	0.13826173011745727	0.304605449948992
778574	WOOD	0.12644873027290618	0.2749166999544416
1549778	WOOD	0.24604905716010503	0.4494852466242654
1551246	WOOD	0.33867197803088595	0.542346967118127
5364729	WOOD	0.18319086304732732	0.37948285256113323
887	WOOD	0.18597338029316493	0.3193191630499704
6057	WOOD	0.19296696994985854	0.34266081026622225
92979	WOOD	0.2982760561364038	0.44713484389441355
159055	WOOD	0.29648712277412415	0.47683362449918476
379	GRASS	0.07306393714887756	0.2569897877318518
875	GRASS	0.06613047633852277	0.2364339679479599
1049	GRASS	0.1887963605778558	0.4049123227596283
2879	GRASS	0.09673340086426054	0.2779878633362906
5541	GRASS	0.0925301941377776	0.2813963975225176
6054	GRASS	0.1682295948266983	0.3671144757952009
7095	GRASS	0.1359947132212775	0.33859601616859436
7136	GRASS	0.08710704743862152	0.26361489083085743
7335	GRASS	0.1863475739955902	0.4470653789384024
7410	GRASS	0.11398171101297651	0.3308177036898477
7720	GRASS	0.15210705144064768	0.39169610823903767
7820	GRASS	0.09712666592427663	0.2856004663876125
7937	GRASS	0.14627477207354136	0.36417151774678913
8103	GRASS	0.15239996995244706	0.3657365100724356
8175	GRASS	0.10356926811592919	0.3389966445309775
8918	GRASS	0.12397071719169617	0.34201507908957346
9016	GRASS	0.13301969745329448	0.3452150225639343
9589	GRASS	0.16877983510494232	0.4043923318386078
12810	GRASS	0.10245339146682195	0.26321164199284147
14104	GRASS	0.25686862426144735	0.5212102702685765
14286	GRASS	0.12202531631503787	0.3228126806872232
14491	GRASS	0.05324989663703101	0.226225312267031
17525	GRASS	0.1940799674817494	0.38138427478926523
26331	GRASS	0.21597072056361608	0.46799203753471375
31210	GRASS	0.09041466084974152	0.26749168975012644
61052	GRASS	0.06278118597609657	0.2372479076896395
61151	GRASS	0.11296078243425914	0.29877027443477083
61155	GRASS	0.08769287860819272	0.25912049625601086
61252	GRASS	0.05972399243286678	0.2286868201834815
61331	GRASS	0.11419927115951266	0.29132882186344694
61337	GRASS	0.07548012105481965	0.24579161618437087
88454	GRASS	0.2262221532208579	0.4132916033267975
246728	GRASS	0.12662109626191004	0.3269319257565907
778574	GRASS	0.07406179500477654	0.25110214948654175
1549778	GRASS	0.17415502880300796	0.41192024094717844
1551246	GRASS	0.2517972929137094	0.49184777055467876
5364729	GRASS	0.0862642473408154	0.27453342505863737
887	GRASS	0.08646225822823388	0.26022686277117046
6057	GRASS	0.09020756610802241	0.2606161194188254
92979	GRASS	0.2158173088516508	0.42276306663240704
159055	GRASS	0.1956736147403717	0.45577887126377653
379	FLOWER	0.09395756785358701	0.26093776524066925
875	FLOWER	0.15257145570857183	0.36933426346097675
1049	FLOWER	0.11654872074723244	0.3338334560394287
2879	FLOWER	0.14642090563263213	0.3860092418534415
5541	FLOWER	0.1318992440189634	0.36055401819092886
6054	FLOWER	0.39516630343028475	0.6825404507773263
7095	FLOWER	0.2906208208629063	0.5434662401676178
7136	FLOWER	0.26130564510822296	0.5376307921750205
7335	FLOWER	0.25919453161103384	0.5290415968213763
7410	FLOWER	0.22703926052365983	0.49239001103809904
7720	FLOWER	0.131076594548566	0.37408652901649475
7820	FLOWER	0.16944990839276994	0.4223096711294992
7937	FLOWER	0.04727095525179591	0.1788095725434167
8103	FLOWER	0.13651203151260102	0.35472392610141207
8175	FLOWER	0.1974018386432103	0.41499652181352886
8918	FLOWER	0.2933719605207443	0.5573992729187012
9016	FLOWER	0.20526005327701569	0.44604078786713736
9589	FLOWER	0.10372585271086011	0.3164409250020981
12810	FLOWER	0.28277434621538433	0.5189983759607587
14104	FLOWER	0.15945446171930858	0.3619657499449594
14286	FLOWER	0.0793796596782548	0.22573874677930558
14491	FLOWER	0.03740071931055614	0.13868501675980432
17525	FLOWER	0.2786576194422586	0.5420161187648773
26331	FLOWER	0.03471243913684573	0.16109148306506021
31210	FLOWER	0.28901045663016184	0.580668466431754
61052	FLOWER	0.3654198816844395	0.6604302951267788
61151	FLOWER	0.3007983778204237	0.5802132913044521
61155	FLOWER	0.28479650403772083	0.5438238297189985
61252	FLOWER	0.03663337869303567	0.09735943270581109
61331	FLOWER	0.4063487010342734	0.6843399916376386
61337	FLOWER	0.12612985393830708	0.36612835952213835
88454	FLOWER	0.33798242466790335	0.5953857047217233
246728	FLOWER	0.21006967553070613	0.47354624952588764
778574	FLOWER	0.29135596326419283	0.5829069529260907
1549778	FLOWER	0.435908888067518	0.6584509525980268
1551246	FLOWER	0.14325067081621715	0.3750003789152418
5364729	FLOWER	0.1582820096186229	0.4082889897482736
887	FLOWER	0.12503577130181448	0.3473848785672869
6057	FLOWER	0.16230602030243194	0.41666724000658306
92979	FLOWER	0.5428805138383593	0.6574930122920445
159055	FLOWER	0.19230622478893825	0.4500544156347002
379	CHEMICAL	0.4314325622149876	0.7049067871911185
875	CHEMICAL	0.1765423629965101	0.4214592959199633
1049	CHEMICAL	0.20326643969331468	0.48082220554351807
2879	CHEMICAL	0.3471038980143411	0.5944077287401471
5541	CHEMICAL	0.2032957992383412	0.48707033906664166
6054	CHEMICAL	0.24516845175198146	0.5214848050049373
7095	CHEMICAL	0.3774187820298331	0.6401111909321376
7136	CHEMICAL	0.2651765729699816	0.48610820940562655
7335	CHEMICAL	0.44012048840522766	0.7257549592426845
7410	CHEMICAL	0.4481373769896371	0.7277506504740033
7720	CHEMICAL	0.5452372261456081	0.7946947813034058
7820	CHEMICAL	0.2800412433488028	0.5837691341127668
7937	CHEMICAL	0.30013700893947054	0.5682848606790815
8103	CHEMICAL	0.48338697637830463	0.7324876614979335
8175	CHEMICAL	0.5765831896236965	0.8049963797841754
8918	CHEMICAL	0.43307813150542124	0.6895964912005833
9016	CHEMICAL	0.46480884296553476	0.7074534722736904
9589	CHEMICAL	0.32344095196042744	0.6199773635183062
12810	CHEMICAL	0.3158880685056959	0.586586173091616
14104	CHEMICAL	0.4005576585020338	0.6573840805462429
14286	CHEMICAL	0.2776586541107723	0.5705193706921169
14491	CHEMICAL	0.2370011763913291	0.5610955016953605
17525	CHEMICAL	0.2283272785799844	0.499461042029517
26331	CHEMICAL	0.27275335788726807	0.559986297573362
31210	CHEMICAL	0.25091859911169323	0.5127789846488408
61052	CHEMICAL	0.2928670474461147	0.5921752367700849
61151	CHEMICAL	0.3254901255880083	0.5901089480945042
61155	CHEMICAL	0.2799667460577829	0.5215334849698203
61252	CHEMICAL	0.3581564724445343	0.6429408703531537
61331	CHEMICAL	0.30684053897857666	0.5803053634507316
61337	CHEMICAL	0.28891823972974506	0.5748996095997947
88454	CHEMICAL	0.23191314509936742	0.4841358023030417
246728	CHEMICAL	0.4095768417630877	0.6832963398524693
778574	CHEMICAL	0.24174423728670394	0.5276379372392382
1549778	CHEMICAL	0.342280102627618	0.6184813550540379
1551246	CHEMICAL	0.41216579931122915	0.6690435239246914
5364729	CHEMICAL	0.2891837273325239	0.5864461319787162
887	CHEMICAL	0.2228968824659075	0.5086744214807238
6057	CHEMICAL	0.19826749392918178	0.4454822412558964
92979	CHEMICAL	0.2559962847403118	0.5192317834922245
159055	CHEMICAL	0.6559968931334359	0.8787836091859
