oID	descriptor	value	sigma
311	INTENSITY/STRENGTH	0.2551444470882416	0.5304124695914132
1060	INTENSITY/STRENGTH	0.44255630884851727	0.5993063109261649
4133	INTENSITY/STRENGTH	0.4382271979536329	0.625201267855508
6184	INTENSITY/STRENGTH	0.5436388850212097	0.667253281388964
7127	INTENSITY/STRENGTH	0.4722464212349483	0.6453469225338527
7144	INTENSITY/STRENGTH	0.4724701600415366	0.6129842485700335
7593	INTENSITY/STRENGTH	0.4435236837182726	0.5824563503265381
7601	INTENSITY/STRENGTH	0.42830330984933035	0.6324553745133537
7768	INTENSITY/STRENGTH	0.5965520739555359	0.5880871329988752
7991	INTENSITY/STRENGTH	0.6379823940140861	0.6787852389471871
8007	INTENSITY/STRENGTH	0.14164661828960692	0.42705469897815157
8452	INTENSITY/STRENGTH	0.3039307849747794	0.5324803463050297
9261	INTENSITY/STRENGTH	0.22330365010670253	0.4627787172794342
10430	INTENSITY/STRENGTH	0.3302305553640638	0.5518816113471985
10722	INTENSITY/STRENGTH	0.8251342347690037	0.6295089891978672
10895	INTENSITY/STRENGTH	0.5631675720214844	0.6406593578202384
12097	INTENSITY/STRENGTH	0.6424100228718349	0.637959327016558
12178	INTENSITY/STRENGTH	0.6679516775267464	0.6505821006638663
12206	INTENSITY/STRENGTH	0.5670718508107322	0.668925404548645
12327	INTENSITY/STRENGTH	0.2314647457429341	0.5158046867166247
14228	INTENSITY/STRENGTH	0.2725569839988436	0.5733111074992588
24197	INTENSITY/STRENGTH	0.598369666508266	0.684738108089992
24473	INTENSITY/STRENGTH	0.634392533983503	0.6973738074302673
31234	INTENSITY/STRENGTH	0.5526885518005916	0.7430507029805865
61024	INTENSITY/STRENGTH	0.2371413196836199	0.5351871805531638
61204	INTENSITY/STRENGTH	0.5185695205415998	0.6562404377119881
61386	INTENSITY/STRENGTH	0.23747217442308152	0.49738837991442
61641	INTENSITY/STRENGTH	0.5858150294848851	0.6711264167513166
61771	INTENSITY/STRENGTH	0.4416927524975368	0.6164811253547668
98330	INTENSITY/STRENGTH	0.6830532039914813	0.6438587989125933
444539	INTENSITY/STRENGTH	0.44963407090732027	0.6804976548467364
637563	INTENSITY/STRENGTH	0.4791598490306309	0.6513482757977077
637776	INTENSITY/STRENGTH	0.583140892641885	0.7066547189440046
638024	INTENSITY/STRENGTH	0.2869144741977964	0.5332113802433014
641256	INTENSITY/STRENGTH	0.42620885372161865	0.6223135420254299
5367706	INTENSITY/STRENGTH	0.5554952962057931	0.6997848153114319
5950	INTENSITY/STRENGTH	0.18019037587302073	0.4774238850389208
7361	INTENSITY/STRENGTH	0.3269731487546648	0.5816855686051505
145742	INTENSITY/STRENGTH	0.2898265506540026	0.5183431421007428
165675	INTENSITY/STRENGTH	0.3986840035234179	0.6146250792912075
311	VALENCE/PLEASANTNESS	0.40799604994910105	0.5077515287058694
1060	VALENCE/PLEASANTNESS	0.3168544556413378	0.5328970977238247
4133	VALENCE/PLEASANTNESS	0.6002067412648883	0.5359158175332206
6184	VALENCE/PLEASANTNESS	0.41358088169779095	0.5729894467762539
7127	VALENCE/PLEASANTNESS	0.4863076891217913	0.6337795768465314
7144	VALENCE/PLEASANTNESS	0.46670364482062204	0.6098653418677193
7593	VALENCE/PLEASANTNESS	0.39766937494277954	0.5848740254129682
7601	VALENCE/PLEASANTNESS	0.5253946696008954	0.672495288508279
7768	VALENCE/PLEASANTNESS	0.4368439018726349	0.5768119096755981
7991	VALENCE/PLEASANTNESS	0.181662703199046	0.48685045327459064
8007	VALENCE/PLEASANTNESS	0.39867875831467764	0.48192894884518217
8452	VALENCE/PLEASANTNESS	0.47615290113857817	0.5758850489343915
9261	VALENCE/PLEASANTNESS	0.4923191027981894	0.5389690143721444
10430	VALENCE/PLEASANTNESS	0.4621609023639134	0.5354692595345634
10722	VALENCE/PLEASANTNESS	0.6588636551584516	0.6408864685467311
10895	VALENCE/PLEASANTNESS	0.6547150697026934	0.62831221308027
12097	VALENCE/PLEASANTNESS	0.5270481705665588	0.6204439231327602
12178	VALENCE/PLEASANTNESS	0.3732444431100573	0.5937571099826268
12206	VALENCE/PLEASANTNESS	0.6810301542282104	0.6256804721696037
12327	VALENCE/PLEASANTNESS	0.5498739225523812	0.5017381097589221
14228	VALENCE/PLEASANTNESS	0.4831033689635141	0.5738495758601597
24197	VALENCE/PLEASANTNESS	0.5147109287125724	0.5750530787876674
24473	VALENCE/PLEASANTNESS	0.5664163827896118	0.6740696089608329
31234	VALENCE/PLEASANTNESS	0.43143131477492197	0.6922471693583897
61024	VALENCE/PLEASANTNESS	0.5588400534221104	0.5203893482685089
61204	VALENCE/PLEASANTNESS	0.5754583137375968	0.5219444164208004
61386	VALENCE/PLEASANTNESS	0.48427862780434744	0.5101188719272614
61641	VALENCE/PLEASANTNESS	0.37350251419203623	0.6056427359580994
61771	VALENCE/PLEASANTNESS	0.49109223910740446	0.6161123173577445
98330	VALENCE/PLEASANTNESS	0.25020264089107513	0.5890657731464931
444539	VALENCE/PLEASANTNESS	0.4312735285077776	0.6655587639127459
637563	VALENCE/PLEASANTNESS	0.4680373285497938	0.5963425380843026
637776	VALENCE/PLEASANTNESS	0.5329483577183315	0.6743750657354083
638024	VALENCE/PLEASANTNESS	0.5015338488987514	0.5493212171963283
641256	VALENCE/PLEASANTNESS	0.43671744210379465	0.5926010182925633
5367706	VALENCE/PLEASANTNESS	0.4093955499785287	0.6266187599727085
5950	VALENCE/PLEASANTNESS	0.38980673466409954	0.5208681992122105
7361	VALENCE/PLEASANTNESS	0.46404715520995005	0.5586014560290745
145742	VALENCE/PLEASANTNESS	0.46138627188546316	0.5132823458739689
165675	VALENCE/PLEASANTNESS	0.6017606002943856	0.6566272803715297
311	BAKERY	0.07660650515130588	0.22023112859044755
1060	BAKERY	0.08544351905584335	0.2754282568182264
4133	BAKERY	0.07261142613632339	0.2782901568072183
6184	BAKERY	0.05332956835627556	0.19362440066678183
7127	BAKERY	0.10813711902924947	0.33484885522297453
7144	BAKERY	0.10790545466755118	0.30635689411844524
7593	BAKERY	0.07839216717651912	0.23827454021998815
7601	BAKERY	0.05132764471428735	0.1865242464201791
7768	BAKERY	0.10365253846560206	0.33569449186325073
7991	BAKERY	0.038181886609111516	0.11236635223031044
8007	BAKERY	0.038622514211705754	0.22712203860282898
8452	BAKERY	0.03727734408208302	0.2340456928525652
9261	BAKERY	0.11054815777710505	0.37856670788356234
10430	BAKERY	0.0946415833064488	0.2878103085926601
10722	BAKERY	0.15916569530963898	0.4259286139692579
10895	BAKERY	0.09900722546236855	0.33968826702662874
12097	BAKERY	0.2075645380786487	0.4783836986337389
12178	BAKERY	0.015306756432567323	0.10458034330180713
12206	BAKERY	0.09134853205510549	0.3425939083099365
12327	BAKERY	0.06009492544191224	0.25946539427552906
14228	BAKERY	0.020380575209856033	0.14951010793447495
24197	BAKERY	0.12047225343329566	0.345585150378091
24473	BAKERY	0.03000172626759325	0.18539764199938094
31234	BAKERY	0.053844819377575605	0.17753270800624574
61024	BAKERY	0.05929148676139968	0.26304220088890623
61204	BAKERY	0.11375567423445838	0.3470522676195417
61386	BAKERY	0.05730275756546429	0.2290020946945463
61641	BAKERY	0.031191652374608175	0.2095259896346501
61771	BAKERY	0.023636884721262113	0.11901854297944478
98330	BAKERY	0.08307058470589775	0.3136517639671053
444539	BAKERY	0.07506671601108142	0.28030890226364136
637563	BAKERY	0.0805869922041893	0.26373253549848286
637776	BAKERY	0.1436968179685729	0.3686010582106454
638024	BAKERY	0.052333702466317585	0.22879378497600555
641256	BAKERY	0.06690191850066185	0.2297685763665608
5367706	BAKERY	0.028114279998200282	0.09936882768358503
5950	BAKERY	0.06387219790901456	0.25231205991336275
7361	BAKERY	0.0986627686236586	0.3248271771839687
145742	BAKERY	0.13725708850792476	0.3587525486946106
165675	BAKERY	0.046097153797745705	0.12944540594305312
311	SWEET	0.09264829222645078	0.34273610370499746
1060	SWEET	0.07694514734404427	0.32927496092660086
4133	SWEET	0.3215081308569227	0.6774734003203255
6184	SWEET	0.17495992141110556	0.5070703285081046
7127	SWEET	0.1767678324665342	0.5019523203372955
7144	SWEET	0.17239328580243246	0.4714321962424687
7593	SWEET	0.13435922882386617	0.4335173623902457
7601	SWEET	0.19696322296346938	0.6042513932500567
7768	SWEET	0.19861129777772085	0.5281075579779488
7991	SWEET	0.04324806481599808	0.2890441417694092
8007	SWEET	0.07930621238691467	0.29499608278274536
8452	SWEET	0.14925426031861985	0.4623197146824428
9261	SWEET	0.15737806473459517	0.4625316560268402
10430	SWEET	0.18523237534931727	0.492974796465465
10722	SWEET	0.4539493577820914	0.8401878476142883
10895	SWEET	0.502244621515274	0.8417870146887643
12097	SWEET	0.3021832363946097	0.6833004355430603
12178	SWEET	0.12879569296325957	0.45732771924563814
12206	SWEET	0.523717211825507	0.8693177274295262
12327	SWEET	0.23470487339156015	0.5552648731640407
14228	SWEET	0.1484703261937414	0.4557243968759264
24197	SWEET	0.314121208020619	0.6496944342340741
24473	SWEET	0.22544217322553908	0.6079749720437186
31234	SWEET	0.18531594957624162	0.5846572305474963
61024	SWEET	0.25376334147793905	0.5837939722197396
61204	SWEET	0.3329626364367349	0.6686412862368992
61386	SWEET	0.15686530300549098	0.4588328812803541
61641	SWEET	0.16845610099179403	0.4625273474625179
61771	SWEET	0.15620125830173492	0.47333014011383057
98330	SWEET	0.0320551943566118	0.2219530971986907
444539	SWEET	0.1875700865473066	0.5672383861882346
637563	SWEET	0.1801069187266486	0.5108958227293832
637776	SWEET	0.2402286103793553	0.6085788309574127
638024	SWEET	0.1600059632744108	0.45571358289037434
641256	SWEET	0.15888633366142	0.48024820004190716
5367706	SWEET	0.11697954897369657	0.3991147918360574
5950	SWEET	0.08443029331309455	0.3409783797604697
7361	SWEET	0.1823280772992543	0.5289006318364825
145742	SWEET	0.1560410654970578	0.45921902997153147
165675	SWEET	0.2002344344343458	0.5478207724434989
311	FRUIT	0.02994986729962485	0.09028798075658935
1060	FRUIT	0.023257110800061907	0.08405834596071925
4133	FRUIT	0.20126972666808537	0.4352754439626421
6184	FRUIT	0.13940997634615218	0.3288284455026899
7127	FRUIT	0.0511989989983184	0.17385675545249665
7144	FRUIT	0.05646729735391481	0.1866457760334015
7593	FRUIT	0.026212518236466816	0.11355644464492798
7601	FRUIT	0.08744269556232862	0.23780468106269836
7768	FRUIT	0.1148241822208677	0.2827565222978592
7991	FRUIT	0.044967801975352426	0.13110769327197755
8007	FRUIT	0.03022690676152706	0.08758471746529851
8452	FRUIT	0.07474929626498904	0.20606198906898499
9261	FRUIT	0.05572696615542684	0.14549988880753517
10430	FRUIT	0.10399716081363815	0.2307116367987224
10722	FRUIT	0.2990715972014836	0.5996995227677482
10895	FRUIT	0.4386203672204699	0.6373249632971627
12097	FRUIT	0.09113632674728121	0.3055834599903652
12178	FRUIT	0.06065030874950545	0.24607216034616744
12206	FRUIT	0.48316105348723276	0.6794486216136387
12327	FRUIT	0.17358577677181788	0.358388147183827
14228	FRUIT	0.10814698146922248	0.2932151598589761
24197	FRUIT	0.21411213917391642	0.4486250238759177
24473	FRUIT	0.1728640709604536	0.43636548093387056
31234	FRUIT	0.07184441706963948	0.2818935662508011
61024	FRUIT	0.1904618122747966	0.4052256303174155
61204	FRUIT	0.23671722199235642	0.429387982402529
61386	FRUIT	0.109575802726405	0.23545434858117784
61641	FRUIT	0.21048298903873988	0.39342404689107624
61771	FRUIT	0.09704397086586271	0.2689303308725357
98330	FRUIT	0.019400000306112424	0.04238299440060343
444539	FRUIT	0.07147838441388947	0.26460421085357666
637563	FRUIT	0.07395410644156593	0.23192437631743296
637776	FRUIT	0.06276333332061768	0.22148249191897257
638024	FRUIT	0.05497084478182452	0.17598738202026912
641256	FRUIT	0.0890303733093398	0.23956145771912166
5367706	FRUIT	0.09003044345549174	0.3075840302876064
5950	FRUIT	0.02811106267784323	0.07730336540511676
7361	FRUIT	0.07934884035161563	0.23161160733018601
145742	FRUIT	0.036383891478180885	0.12706538609095983
165675	FRUIT	0.08715165193591799	0.334617908511843
311	FISH	0.03284307728920664	0.0950397460588387
1060	FISH	0.08740559220314026	0.21474133219037736
4133	FISH	0.030621066157306944	0.06858765333890915
6184	FISH	0.06220893668276923	0.15506127050944737
7127	FISH	0.0389196803527219	0.10655910415308815
7144	FISH	0.03282134261514459	0.09990106097289495
7593	FISH	0.09020069986581802	0.21905266599995749
7601	FISH	0.07024991405861718	0.16799117837633407
7768	FISH	0.06843856668898038	0.14630974616323197
7991	FISH	0.15286533747400557	0.3235400319099426
8007	FISH	0.11036303426538195	0.233253042612757
8452	FISH	0.0710715688765049	0.1604188850947789
9261	FISH	0.0972989872097969	0.21603023154394968
10430	FISH	0.07314130184905869	0.19490393144743784
10722	FISH	0.02429224976471492	0.053072016154016764
10895	FISH	0.022585581189819744	0.04563570075801441
12097	FISH	0.022161821701696942	0.1086753202336175
12178	FISH	0.02942136994429997	0.09564762243202754
12206	FISH	0.01847982034087181	0.03922887199691364
12327	FISH	0.04369621564235006	0.10042465265308108
14228	FISH	0.06107923441699573	0.12210606464317866
24197	FISH	0.056570395295109065	0.1545601338148117
24473	FISH	0.03932731731661728	0.0782848596572876
31234	FISH	0.08604661375284195	0.20126460705484664
61024	FISH	0.05561529632125582	0.11945921608379909
61204	FISH	0.054953345230647495	0.1146922739488738
61386	FISH	0.05163933389953205	0.12396846392324992
61641	FISH	0.1942704405103411	0.36410566738673616
61771	FISH	0.04043922120971339	0.10279612562486104
98330	FISH	0.36633104937417166	0.588840126991272
444539	FISH	0.051496793649026325	0.16003906726837158
637563	FISH	0.05523239289011274	0.1476783071245466
637776	FISH	0.02810236013361386	0.08442960785967964
638024	FISH	0.04439870906727655	0.10402412393263408
641256	FISH	0.06869290928755488	0.1756498111145837
5367706	FISH	0.059379308351448605	0.12622235928262984
5950	FISH	0.06746267048375947	0.17047104026590074
7361	FISH	0.03915178749178137	0.12435448063271386
145742	FISH	0.03418402187526226	0.1010554273213659
165675	FISH	0.024473735530461584	0.047036870781864436
311	GARLIC	0.06472269019910268	0.24878900391714914
1060	GARLIC	0.12177305562155587	0.3587736700262342
4133	GARLIC	0.03685382008552551	0.14210283756256104
6184	GARLIC	0.054114634437220435	0.2607846770967756
7127	GARLIC	0.05787744266646249	0.21046096299375808
7144	GARLIC	0.04529483616352081	0.2018570899963379
7593	GARLIC	0.06449389244828906	0.26275218384606497
7601	GARLIC	0.03658422987375941	0.228545252765928
7768	GARLIC	0.0628960095345974	0.22910219643797194
7991	GARLIC	0.09457826401506152	0.3918703155858176
8007	GARLIC	0.1347958349755832	0.3618187521185194
8452	GARLIC	0.09373765172702926	0.2683451771736145
9261	GARLIC	0.12318805605173111	0.34434909905706135
10430	GARLIC	0.08059663964169365	0.28708544799259733
10722	GARLIC	0.019812990512166704	0.0768458481345858
10895	GARLIC	0.029060756521565572	0.08817220266376223
12097	GARLIC	0.03478760937494891	0.20711092225142888
12178	GARLIC	0.021795265110475675	0.1480754805462701
12206	GARLIC	0.0211378044581839	0.08385938672082764
12327	GARLIC	0.0656192951968738	0.21469472987311228
14228	GARLIC	0.068733135504382	0.21854026402745927
24197	GARLIC	0.08420953473874501	0.27189881461007254
24473	GARLIC	0.041189403140119145	0.18317184277943202
31234	GARLIC	0.04751358128019741	0.2370858426604952
61024	GARLIC	0.061832373695714135	0.19624785866056169
61204	GARLIC	0.044307755306363106	0.19009765344006674
61386	GARLIC	0.06554014182516507	0.2540952499423708
61641	GARLIC	0.24919397277491434	0.42210228528295246
61771	GARLIC	0.04972080673490252	0.21335527300834656
98330	GARLIC	0.4873274564743042	0.6644518460546222
444539	GARLIC	0.05464805556195123	0.25204943120479584
637563	GARLIC	0.06492517835327558	0.22487081374440873
637776	GARLIC	0.044090055993625095	0.1628162328686033
638024	GARLIC	0.057427389813320975	0.2448412882430213
641256	GARLIC	0.07443120330572128	0.27489577872412546
5367706	GARLIC	0.07054378730910164	0.20115267166069575
5950	GARLIC	0.11643344163894653	0.31980568170547485
7361	GARLIC	0.056109724566340446	0.24137870328766958
145742	GARLIC	0.07062225788831711	0.270240272794451
165675	GARLIC	0.013572982645460538	0.1254021323152951
311	SPICES	0.17243931548936026	0.3976332034383501
1060	SPICES	0.16103591876370565	0.3861696549824306
4133	SPICES	0.1950148833649499	0.44384042280060904
6184	SPICES	0.1265203771846635	0.31840115785598755
7127	SPICES	0.3846479739461626	0.6054109334945679
7144	SPICES	0.30751759665352957	0.5397751246179853
7593	SPICES	0.11746021573032651	0.31008434295654297
7601	SPICES	0.13712154435259954	0.3592957300799234
7768	SPICES	0.1444092776094164	0.3573615678719112
7991	SPICES	0.13233561281647002	0.3195230151925768
8007	SPICES	0.146964573434421	0.35720132078443256
8452	SPICES	0.21833558167730058	0.43492657797677176
9261	SPICES	0.251854624067034	0.46756697978292194
10430	SPICES	0.13276787315096175	0.33958910618509563
10722	SPICES	0.18272599365030015	0.4389138306890215
10895	SPICES	0.12812851050070354	0.3520447782107762
12097	SPICES	0.2249005607196263	0.49747869798115324
12178	SPICES	0.10286555652107511	0.2853729469435556
12206	SPICES	0.12011780802692686	0.3512797696249826
12327	SPICES	0.12530056174312318	0.3276337683200836
14228	SPICES	0.12308985527072634	0.3049007100718362
24197	SPICES	0.16666090275560105	0.38860478145735605
24473	SPICES	0.25861099788120817	0.517125985452107
31234	SPICES	0.18255606293678284	0.38462897283690317
61024	SPICES	0.14217847692114965	0.3505384070532663
61204	SPICES	0.11866100877523422	0.3398982414177486
61386	SPICES	0.11085790182862963	0.30023070744105745
61641	SPICES	0.1881277220589774	0.4193553626537323
61771	SPICES	0.23814896387713297	0.46171016352517263
98330	SPICES	0.33716257980891634	0.5713155525071281
444539	SPICES	0.23250107892921992	0.41776919790676664
637563	SPICES	0.3653268686362675	0.5867259161812919
637776	SPICES	0.38192875044686453	0.614259592124394
638024	SPICES	0.24746933366571153	0.45613873430660795
641256	SPICES	0.18829030011381423	0.40885466762951445
5367706	SPICES	0.2242969615118844	0.44726658293179106
5950	SPICES	0.14511635048048838	0.3444290544305529
7361	SPICES	0.15316634518759592	0.3854748521532331
145742	SPICES	0.13438005106789724	0.35570344754627775
165675	SPICES	0.2806510882718222	0.4940425966467176
311	COLD	0.22796939313411713	0.4138060595308031
1060	COLD	0.16985992661544255	0.31764391490391325
4133	COLD	0.318233847618103	0.5393889716693333
6184	COLD	0.23171089589595795	0.4098666523184095
7127	COLD	0.23297121907983506	0.43071047748838154
7144	COLD	0.2656302537236895	0.45184903485434397
7593	COLD	0.17659210520131247	0.33574990715299335
7601	COLD	0.17324802918093546	0.3385480301720755
7768	COLD	0.27382721219744	0.43067866563796997
7991	COLD	0.14401225639241083	0.2518090009689331
8007	COLD	0.2185031452349254	0.35608458518981934
8452	COLD	0.33868787969861713	0.49630604471479145
9261	COLD	0.229810859475817	0.36762464897973196
10430	COLD	0.21089009514876775	0.35890928336552214
10722	COLD	0.3794914313725063	0.5764476912362235
10895	COLD	0.2969243483883994	0.5090038861547198
12097	COLD	0.2566110555614744	0.4436132652418954
12178	COLD	0.4174673216683524	0.5831498759133475
12206	COLD	0.28082242608070374	0.4920541856970106
12327	COLD	0.1934491991996765	0.38018221088818144
14228	COLD	0.24198911019733974	0.4000332696097238
24197	COLD	0.22176753623144968	0.39909212929861887
24473	COLD	0.4751221665314266	0.6522605078560966
31234	COLD	0.1906799248286656	0.3755888555731092
61024	COLD	0.20885138852255686	0.3851231506892613
61204	COLD	0.22279280424118042	0.43377294284956797
61386	COLD	0.19067361099379404	0.3682757828916822
61641	COLD	0.20898839405604772	0.36700126954487394
61771	COLD	0.3943082221916744	0.5725136484418597
98330	COLD	0.10775823784726006	0.2595918135983603
444539	COLD	0.21590221779687063	0.39305141993931364
637563	COLD	0.2441084427492959	0.4343154898711613
637776	COLD	0.23659572643893106	0.4615546294621059
638024	COLD	0.2855012033666883	0.45927328722817556
641256	COLD	0.23036072935376847	0.4103041206087385
5367706	COLD	0.2993087385381971	0.4597490131855011
5950	COLD	0.21022495201655797	0.35009004388536724
7361	COLD	0.23459344889436448	0.4290730059146881
145742	COLD	0.20820188096591405	0.3770492374897003
165675	COLD	0.5904565453529358	0.7291320647512164
311	SOUR	0.3273667480264391	0.5079533244882312
1060	SOUR	0.46900576778820585	0.6587378297533307
4133	SOUR	0.1430395096540451	0.33797503794942585
6184	SOUR	0.3422088495322636	0.5455755250794547
7127	SOUR	0.1923003579889025	0.4083498077733176
7144	SOUR	0.21081988513469696	0.406361779996327
7593	SOUR	0.3684869578906468	0.5684111884662083
7601	SOUR	0.24681465753487178	0.4850859599454062
7768	SOUR	0.20573059788772038	0.41387950096811565
7991	SOUR	0.7904552732195173	0.9086184927395412
8007	SOUR	0.314547347170966	0.5243835534368243
8452	SOUR	0.1998776069709233	0.4149763967309679
9261	SOUR	0.26309454228196827	0.475223856312888
10430	SOUR	0.3469914623669216	0.532822813306536
10722	SOUR	0.12594298060451234	0.3015050100428717
10895	SOUR	0.1844005755015782	0.4043459934847696
12097	SOUR	0.19646061105387552	0.3884840650217874
12178	SOUR	0.23191057784216745	0.4230865410396031
12206	SOUR	0.19419082360608236	0.4120135860783713
12327	SOUR	0.18257756956986018	0.35806977323123385
14228	SOUR	0.23344793702874864	0.4248492590018681
24197	SOUR	0.37765819260052275	0.5576313393456596
24473	SOUR	0.2333304307290486	0.4316657526152475
31234	SOUR	0.3328986423356192	0.5741607035909381
61024	SOUR	0.16948116996458598	0.35609317677361624
61204	SOUR	0.21262932888099126	0.38085476415497915
61386	SOUR	0.24049454714570725	0.43549480608531405
61641	SOUR	0.4659208485058376	0.6649048328399658
61771	SOUR	0.23711153439113072	0.44900805609566824
98330	SOUR	0.4524396615368979	0.7235105122838702
444539	SOUR	0.3299188145569393	0.559422424861363
637563	SOUR	0.20396271986620768	0.4144557160990579
637776	SOUR	0.15547047342572892	0.36374696663447786
638024	SOUR	0.21104058623313904	0.42163169384002686
641256	SOUR	0.3326400433267866	0.5444942542484829
5367706	SOUR	0.2905610757214682	0.5086676733834403
5950	SOUR	0.3846101462841034	0.5703398329871041
7361	SOUR	0.21211418083735875	0.4228252555642809
145742	SOUR	0.26020551366465433	0.4682651800768716
165675	SOUR	0.15533929743937083	0.3469901127474649
311	BURNT	0.1586001834699086	0.4212281320776258
1060	BURNT	0.23289687505790166	0.4960839833532061
4133	BURNT	0.11397925977196012	0.3022162275654929
6184	BURNT	0.13473327457904816	0.3588866761752537
7127	BURNT	0.19548629437174117	0.4980280654770987
7144	BURNT	0.19350694119930267	0.501184344291687
7593	BURNT	0.17809084696429117	0.43581324390002657
7601	BURNT	0.11670731753110886	0.328951005424772
7768	BURNT	0.20350427499839238	0.40936461091041565
7991	BURNT	0.14572419651917048	0.37869507925851004
8007	BURNT	0.14702920402799333	0.3674307848726
8452	BURNT	0.11428497412375041	0.310056603380612
9261	BURNT	0.11742304265499115	0.3492878718035562
10430	BURNT	0.1203810338463102	0.33677524753979277
10722	BURNT	0.08142968533294541	0.25516439761434284
10895	BURNT	0.07542455356035914	0.2196250366313117
12097	BURNT	0.15072873447622573	0.3784028674874987
12178	BURNT	0.13628765408481872	0.35788802589688984
12206	BURNT	0.05448812831725393	0.20106750939573562
12327	BURNT	0.12024542476449694	0.3582072854042053
14228	BURNT	0.1372244038752147	0.3811762545789991
24197	BURNT	0.1328323632478714	0.34489826219422476
24473	BURNT	0.08401661366224289	0.2902753097670419
31234	BURNT	0.1510822113071169	0.3881069336618696
61024	BURNT	0.1108766006571906	0.3326894002301352
61204	BURNT	0.14176323584147862	0.3368169367313385
61386	BURNT	0.13739307863371714	0.39162732447896687
61641	BURNT	0.1729644856282643	0.38033961824008394
61771	BURNT	0.12240297879491534	0.3283651811735971
98330	BURNT	0.3654140276568277	0.6569704839161464
444539	BURNT	0.1585924391235624	0.41828159775052753
637563	BURNT	0.1644587367773056	0.44312376209667753
637776	BURNT	0.18753474737916673	0.48483400685446604
638024	BURNT	0.13504284407411302	0.3736265812601362
641256	BURNT	0.1348359329359872	0.37089126876422335
5367706	BURNT	0.15227299715791429	0.42744255917412893
5950	BURNT	0.14539439976215363	0.3923109131199973
7361	BURNT	0.16305987536907196	0.386323767048972
145742	BURNT	0.19763082265853882	0.4470574600355966
165675	BURNT	0.09452362465006965	0.2894896907465799
311	ACID	0.2850728652306965	0.45670723063605173
1060	ACID	0.2848663628101349	0.46780902573040556
4133	ACID	0.2307376584836415	0.4531090685299465
6184	ACID	0.2763419321605137	0.48847264477184843
7127	ACID	0.2120543590613774	0.43801115240369526
7144	ACID	0.2813833441053118	0.47503281916890827
7593	ACID	0.2532843904835837	0.4425311471734728
7601	ACID	0.19210275156157358	0.3546563046319144
7768	ACID	0.2760729512998036	0.4653793105057308
7991	ACID	0.31825914553233553	0.5101810991764069
8007	ACID	0.2575818364109312	0.44249158246176584
8452	ACID	0.2759285420179367	0.48276365654809134
9261	ACID	0.16459357099873678	0.3243052874292646
10430	ACID	0.19112629762717656	0.35443524377686636
10722	ACID	0.206539124250412	0.41124618479183744
10895	ACID	0.2523311184985297	0.4640878013202122
12097	ACID	0.20110323599406651	0.3680057738508497
12178	ACID	0.5156479563031878	0.7240394694464547
12206	ACID	0.2153219325201852	0.42504008752959116
12327	ACID	0.13402680839811051	0.30885001165526255
14228	ACID	0.21768309388841903	0.3994797595909664
24197	ACID	0.23465479058878763	0.4005838462284633
24473	ACID	0.3297461143561772	0.5551708000046867
31234	ACID	0.2241321631840297	0.4431065746716091
61024	ACID	0.13859895829643523	0.32306875927107676
61204	ACID	0.16873315615313395	0.34751848237855093
61386	ACID	0.17700339640889848	0.3443529392991747
61641	ACID	0.2589700073003769	0.45495374287877766
61771	ACID	0.31249152762549265	0.5161049578871045
98330	ACID	0.25511907253946575	0.4847935991627829
444539	ACID	0.15035939748798097	0.35545220971107483
637563	ACID	0.23941217150006974	0.43851397718702045
637776	ACID	0.1948805728128978	0.4318215421267918
638024	ACID	0.2202620506286621	0.4115085984979357
641256	ACID	0.24543278132166182	0.4341613394873483
5367706	ACID	0.33525021161351887	0.5154717607157571
5950	ACID	0.2312835156917572	0.42039903146880014
7361	ACID	0.23809044914586203	0.4218299559184483
145742	ACID	0.2106255143880844	0.37798244186810087
165675	ACID	0.442026104245867	0.6760458775929042
311	WARM	0.29603879366602215	0.4840191432407924
1060	WARM	0.3401245815413339	0.5203128457069397
4133	WARM	0.2722536985363279	0.4766495100089482
6184	WARM	0.26146518545491354	0.4418916872569493
7127	WARM	0.40274302874292645	0.5828411153384617
7144	WARM	0.37354685579027447	0.5707835725375584
7593	WARM	0.35850644963128225	0.5588962606021336
7601	WARM	0.36262112855911255	0.567525497504643
7768	WARM	0.3198049025876181	0.5010123252868652
7991	WARM	0.3254707711083548	0.5272196275847298
8007	WARM	0.23491071164608002	0.4103758590562003
8452	WARM	0.2555297144821712	0.44065748367990765
9261	WARM	0.3159797659942082	0.4980243572166988
10430	WARM	0.29341620206832886	0.4795357031481607
10722	WARM	0.3466779334204538	0.5445962292807442
10895	WARM	0.2976484085832323	0.5118286950247628
12097	WARM	0.37543438587869915	0.5486948064395359
12178	WARM	0.24037468220506394	0.42432537249156405
12206	WARM	0.2946918415171759	0.5102592025484357
12327	WARM	0.3116547763347626	0.4957074693271092
14228	WARM	0.257653717483793	0.433586197240012
24197	WARM	0.32631134561129976	0.5288518284048352
24473	WARM	0.2641892305442265	0.47236635429518564
31234	WARM	0.3491154100213732	0.552580999476569
61024	WARM	0.3039032093116215	0.49817207029887606
61204	WARM	0.3529308353151594	0.5445157034056527
61386	WARM	0.2992827764579228	0.48044692618506296
61641	WARM	0.2677893851484571	0.5114222041198185
61771	WARM	0.29610561047281536	0.4965320995875767
98330	WARM	0.43119496958596365	0.6402210167476109
444539	WARM	0.31541665537016733	0.5167283884116581
637563	WARM	0.33893389786992756	0.5235086594309125
637776	WARM	0.4365172045571463	0.6201356564249311
638024	WARM	0.2822520562580654	0.46553358861378263
641256	WARM	0.2751911623137338	0.45515991534505573
5367706	WARM	0.2632313753877367	0.42297073347227915
5950	WARM	0.26771101355552673	0.459199777671269
7361	WARM	0.2749550747019904	0.44727737988744465
145742	WARM	0.34913467509405954	0.5081395890031543
165675	WARM	0.2818087041378021	0.45875352195331026
311	MUSKY	0.3283607406275613	0.5404019781521389
1060	MUSKY	0.4142297761780875	0.6705850277628217
4133	MUSKY	0.13095128855534963	0.3340692562716348
6184	MUSKY	0.2970662180866514	0.5319526365825108
7127	MUSKY	0.24058734944888524	0.508382784468787
7144	MUSKY	0.2293367236852646	0.4725007585116795
7593	MUSKY	0.40692965047700064	0.656451233795711
7601	MUSKY	0.27410462711538586	0.5417941297803607
7768	MUSKY	0.20910149599824632	0.4540396588189261
7991	MUSKY	0.69001852614539	0.921193812574659
8007	MUSKY	0.298637649842671	0.5303709932735988
8452	MUSKY	0.1843745176281248	0.40657355529921396
9261	MUSKY	0.2637934216431209	0.501226897750582
10430	MUSKY	0.31444029935768675	0.5339332052639553
10722	MUSKY	0.15711687079497746	0.3722593997206007
10895	MUSKY	0.08432827144861221	0.2598931299788611
12097	MUSKY	0.22051062541348593	0.4605122719492231
12178	MUSKY	0.16454698784010752	0.3943859509059361
12206	MUSKY	0.08483073966843742	0.2750429915530341
12327	MUSKY	0.19706147696290696	0.4130855756146567
14228	MUSKY	0.22724684647151402	0.4620365159852164
24197	MUSKY	0.21862309106758662	0.4323475658893585
24473	MUSKY	0.14612474398953573	0.3671647012233734
31234	MUSKY	0.3428408333233425	0.6189455730574471
61024	MUSKY	0.1825056118624551	0.3837581532342093
61204	MUSKY	0.2136874943971634	0.44331781353269306
61386	MUSKY	0.24428993037768773	0.482270142861775
61641	MUSKY	0.35233608313969206	0.5825931515012469
61771	MUSKY	0.20637191193444387	0.43944160427365986
98330	MUSKY	0.4049996478216989	0.7052691323416573
444539	MUSKY	0.34477140435150694	0.6134039206164223
637563	MUSKY	0.20660951094967978	0.4487092580114092
637776	MUSKY	0.22392357460090093	0.48949732525008066
638024	MUSKY	0.23891818736280715	0.4742007851600647
641256	MUSKY	0.271176951272147	0.5085630289145878
5367706	MUSKY	0.24021695980003901	0.499163738318852
5950	MUSKY	0.3770393260887691	0.5941082409449986
7361	MUSKY	0.21888635413987295	0.4536401161125728
145742	MUSKY	0.29062766688210623	0.5300650426319667
165675	MUSKY	0.10442717692681722	0.33459477765219553
311	SWEATY	0.2060209321124213	0.3969748488494328
1060	SWEATY	0.29837330750056673	0.5359377094677517
4133	SWEATY	0.05428511809025492	0.13159810432365962
6184	SWEATY	0.19587538497788565	0.3947519745145525
7127	SWEATY	0.09917833868946348	0.26226123528821127
7144	SWEATY	0.09611301124095917	0.24356597661972046
7593	SWEATY	0.2533547707966396	0.4735209218093327
7601	SWEATY	0.1543286559837205	0.3512372842856816
7768	SWEATY	0.1125487397824015	0.27216552410806927
7991	SWEATY	0.5985591326441083	0.8091169255120414
8007	SWEATY	0.2107659876346588	0.4176514020987919
8452	SWEATY	0.10437638685107231	0.24287232543740953
9261	SWEATY	0.1635732203722	0.35728957823344637
10430	SWEATY	0.20671040458338602	0.4009844022137778
10722	SWEATY	0.04887984533395086	0.1547273589032037
10895	SWEATY	0.041300244097198756	0.1281097839985575
12097	SWEATY	0.09630034118890762	0.25882079132965635
12178	SWEATY	0.09863696992397308	0.25993322474615915
12206	SWEATY	0.044525175754513056	0.14850579308612005
12327	SWEATY	0.09836072261844363	0.24495902444635118
14228	SWEATY	0.14068048234496797	0.3237938327448709
24197	SWEATY	0.16479569034917013	0.3284532981259482
24473	SWEATY	0.08463835663029126	0.19357660625662124
31234	SWEATY	0.20445884338447026	0.4254026242664882
61024	SWEATY	0.0950131927217756	0.23458290525845119
61204	SWEATY	0.10195399927241462	0.23908912071159907
61386	SWEATY	0.14661102529082978	0.341130439724241
61641	SWEATY	0.2471588466848646	0.48390463846070425
61771	SWEATY	0.10050036971058164	0.23690551945141383
98330	SWEATY	0.26626455570970264	0.522427077804293
444539	SWEATY	0.2161086584840502	0.44071983865329195
637563	SWEATY	0.0926390066742897	0.25111669089112965
637776	SWEATY	0.08065421826073102	0.22368030675819942
638024	SWEATY	0.1120471613747733	0.2768564692565373
641256	SWEATY	0.1780582538672856	0.36870528544698444
5367706	SWEATY	0.13818951909031188	0.3391866854258946
5950	SWEATY	0.26534588422094074	0.4818245087351118
7361	SWEATY	0.10858130348580224	0.2674395165273121
145742	SWEATY	0.15708970384938375	0.36986436588423593
165675	SWEATY	0.03008433697479112	0.09322363563946315
311	AMMONIA/URINOUS	0.2238863855600357	0.33380609325000216
1060	AMMONIA/URINOUS	0.2884618043899536	0.41651773027011324
4133	AMMONIA/URINOUS	0.12367762571999005	0.22140137638364518
6184	AMMONIA/URINOUS	0.24103706862245286	0.36339026263781954
7127	AMMONIA/URINOUS	0.25897505453654696	0.3969405804361616
7144	AMMONIA/URINOUS	0.2865810479436602	0.4190079058919634
7593	AMMONIA/URINOUS	0.38176548906735014	0.49571870480264935
7601	AMMONIA/URINOUS	0.33206962049007416	0.45015545402254376
7768	AMMONIA/URINOUS	0.2609390105519976	0.3748509671006884
7991	AMMONIA/URINOUS	0.4816107962812696	0.6172803555216108
8007	AMMONIA/URINOUS	0.24634086234228952	0.3944475608212607
8452	AMMONIA/URINOUS	0.254231333732605	0.3825426570006779
9261	AMMONIA/URINOUS	0.15644903693880355	0.29931823909282684
10430	AMMONIA/URINOUS	0.17683242900030954	0.29694802846227375
10722	AMMONIA/URINOUS	0.21400830788271769	0.31534673486437115
10895	AMMONIA/URINOUS	0.16566680797508784	0.26537090965679716
12097	AMMONIA/URINOUS	0.21573407735143388	0.3514126879828317
12178	AMMONIA/URINOUS	0.49593500580106464	0.581287009375436
12206	AMMONIA/URINOUS	0.12632085063627788	0.22210506669112615
12327	AMMONIA/URINOUS	0.08411850141627449	0.17739512664931162
14228	AMMONIA/URINOUS	0.17567120918205806	0.30051121967179434
24197	AMMONIA/URINOUS	0.14306732692888804	0.2449705536876406
24473	AMMONIA/URINOUS	0.2558272310665676	0.3802524634769985
31234	AMMONIA/URINOUS	0.3867490589618683	0.4964929861681802
61024	AMMONIA/URINOUS	0.09639781181301389	0.1861042550631932
61204	AMMONIA/URINOUS	0.10425242143017906	0.16968861009393418
61386	AMMONIA/URINOUS	0.1327569399561201	0.23398685881069728
61641	AMMONIA/URINOUS	0.26386505578245434	0.4172231810433524
61771	AMMONIA/URINOUS	0.2763658549104418	0.39894647683416096
98330	AMMONIA/URINOUS	0.37272859471184866	0.5268828698566982
444539	AMMONIA/URINOUS	0.22412786526339395	0.35326442548206877
637563	AMMONIA/URINOUS	0.22591532979692733	0.3550935047013419
637776	AMMONIA/URINOUS	0.2555618648018156	0.379810814346586
638024	AMMONIA/URINOUS	0.1653508927140917	0.294620190347944
641256	AMMONIA/URINOUS	0.21789643594196864	0.35366213747433256
5367706	AMMONIA/URINOUS	0.3143958364214216	0.43536716273852755
5950	AMMONIA/URINOUS	0.2128407976457051	0.33927607962063383
7361	AMMONIA/URINOUS	0.18488912922995432	0.3158944185291018
145742	AMMONIA/URINOUS	0.143792524933815	0.25519571134022306
165675	AMMONIA/URINOUS	0.3945954144001007	0.4941540701048715
311	DECAYED	0.09465213332857404	0.2870185800961086
1060	DECAYED	0.16500758911882127	0.43506360054016113
4133	DECAYED	0.043183534273079464	0.18557692851339067
6184	DECAYED	0.13226518779993057	0.36165583559444975
7127	DECAYED	0.09719418095690864	0.29790967277118136
7144	DECAYED	0.09106087258883885	0.29876087605953217
7593	DECAYED	0.128323355955737	0.37270584276744295
7601	DECAYED	0.06741673978311676	0.22295165487698146
7768	DECAYED	0.0760227654661451	0.27854713797569275
7991	DECAYED	0.3840077136244093	0.6795234935624259
8007	DECAYED	0.11037018150091171	0.37091675826481413
8452	DECAYED	0.06498577392527036	0.2804420462676457
9261	DECAYED	0.0878213250211307	0.2883165159395763
10430	DECAYED	0.11792708401169096	0.3309492639132908
10722	DECAYED	0.05539105140737125	0.18986421184880392
10895	DECAYED	0.05363095711384501	0.24664996564388275
12097	DECAYED	0.05884515813418797	0.23998412702764785
12178	DECAYED	0.08426325768232346	0.33840884481157574
12206	DECAYED	0.05757013814789908	0.26331681651728495
12327	DECAYED	0.056718857160636356	0.2145172655582428
14228	DECAYED	0.08241084324462074	0.2583919571978705
24197	DECAYED	0.08229223638772964	0.2550709481750216
24473	DECAYED	0.038989629064287455	0.22305709975106375
31234	DECAYED	0.12557426201445715	0.36775110023362295
61024	DECAYED	0.06776928103395871	0.23694504584584916
61204	DECAYED	0.08511673446212496	0.2358390518597194
61386	DECAYED	0.06534349971583911	0.2230179991040911
61641	DECAYED	0.2046425619295665	0.5119533113070897
61771	DECAYED	0.07793653862816947	0.29242369532585144
98330	DECAYED	0.28829709121159147	0.6463306886809213
444539	DECAYED	0.13523306591170176	0.4114143933568682
637563	DECAYED	0.06779163171138082	0.26435987438474384
637776	DECAYED	0.09866889033998762	0.2799619883298874
638024	DECAYED	0.06182977823274476	0.24745229525225504
641256	DECAYED	0.10650069692305156	0.3148422454084669
5367706	DECAYED	0.09999531081744603	0.3027862310409546
5950	DECAYED	0.1371655868632453	0.39422682779175894
7361	DECAYED	0.0675337506192071	0.25716378007616314
145742	DECAYED	0.08386288902589253	0.2689317635127476
165675	DECAYED	0.05877186357975006	0.2638746861900602
311	WOOD	0.34743474211011616	0.5615937837532589
1060	WOOD	0.2752369727407183	0.48777343545641216
4133	WOOD	0.217152829681124	0.43239410860197885
6184	WOOD	0.23430506246430532	0.43211160813059124
7127	WOOD	0.38606840797833036	0.6315625309944153
7144	WOOD	0.35670696411814007	0.5702866997037616
7593	WOOD	0.3099269228322165	0.5234646839754922
7601	WOOD	0.20805468729564122	0.38372170073645456
7768	WOOD	0.21038576109068735	0.4175871227468763
7991	WOOD	0.13777801926646913	0.3548342372689928
8007	WOOD	0.17217424086162023	0.3388646628175463
8452	WOOD	0.21273183396884374	0.4023466237953731
9261	WOOD	0.2698625475168228	0.45555353590420317
10430	WOOD	0.2205394698040826	0.4023964490209307
10722	WOOD	0.11685837166649955	0.262961996453149
10895	WOOD	0.07603202707001142	0.17822578123637609
12097	WOOD	0.20046409325940268	0.4086806901863643
12178	WOOD	0.16128668827669962	0.3082581545625414
12206	WOOD	0.06672839022108487	0.17003813811710902
12327	WOOD	0.28288485748427256	0.5059830078056881
14228	WOOD	0.2843018216746194	0.510026582649776
24197	WOOD	0.18213957973888942	0.31126432759421213
24473	WOOD	0.27543725073337555	0.5051925735814231
31234	WOOD	0.19165760278701782	0.3918756289141519
61024	WOOD	0.2460825890302658	0.4417828449181148
61204	WOOD	0.21118614290441787	0.39658452783312115
61386	WOOD	0.3099232614040375	0.5274068244865963
61641	WOOD	0.1328656364764486	0.26725499757698606
61771	WOOD	0.36782792636326384	0.5667382649012974
98330	WOOD	0.22044316572802408	0.3989693522453308
444539	WOOD	0.20185033977031708	0.4076827721936362
637563	WOOD	0.23641381519181387	0.47191855737141203
637776	WOOD	0.3650818169116974	0.6226962889943805
638024	WOOD	0.30301927242960247	0.511798083782196
641256	WOOD	0.2176940824304308	0.41767810923712595
5367706	WOOD	0.22494910870279586	0.4252267735345023
5950	WOOD	0.28435670903750826	0.4632636734417507
7361	WOOD	0.21989590568201883	0.42118511881147114
145742	WOOD	0.3529563418456486	0.549992961542947
165675	WOOD	0.2682612070015499	0.4523506930896214
311	GRASS	0.1010963459100042	0.22816419175692967
1060	GRASS	0.06976541610700744	0.16209661960601807
4133	GRASS	0.10613669880798884	0.2798250509159906
6184	GRASS	0.09408642032316752	0.24850907070296152
7127	GRASS	0.09456263801881246	0.2694570358310427
7144	GRASS	0.09366296551057271	0.2384543823344367
7593	GRASS	0.11042344570159912	0.2912726104259491
7601	GRASS	0.1674192867108754	0.3622612399714334
7768	GRASS	0.05061043479612896	0.17732094866888864
7991	GRASS	0.02827602199145726	0.14947489755494253
8007	GRASS	0.06443296000361443	0.1610257944890431
8452	GRASS	0.09324399275439126	0.25054824565138134
9261	GRASS	0.08443813771009445	0.21951819956302643
10430	GRASS	0.09199859201908112	0.21899635664054326
10722	GRASS	0.0722682774066925	0.1857989238841193
10895	GRASS	0.06622165015765599	0.1920590592282159
12097	GRASS	0.0660499105496066	0.1961493811437062
12178	GRASS	0.060489721596241	0.19459411821195058
12206	GRASS	0.07116422323243958	0.19863333872386388
12327	GRASS	0.06227558106184006	0.21494592087609427
14228	GRASS	0.1842800655535289	0.3761314494269235
24197	GRASS	0.0629967956670693	0.18284968393189566
24473	GRASS	0.21809369112764085	0.4889888380255018
31234	GRASS	0.14327826244490488	0.31945592164993286
61024	GRASS	0.08206932353121894	0.25192406134946005
61204	GRASS	0.07380507034914834	0.1897299247128623
61386	GRASS	0.08386704964297158	0.24411554847444808
61641	GRASS	0.039825448500258584	0.15757387663636888
61771	GRASS	0.16102338475840433	0.3614989731992994
98330	GRASS	0.050897080185157914	0.15506537897246225
444539	GRASS	0.06854645375694547	0.17436181221689498
637563	GRASS	0.08827137734208788	0.2279780911547797
637776	GRASS	0.119332383785929	0.2935065243925367
638024	GRASS	0.09253711998462677	0.25369606273514883
641256	GRASS	0.1504572651215962	0.31897349442754475
5367706	GRASS	0.2472214890377862	0.4400782457419804
5950	GRASS	0.08292795238750321	0.17682993624891555
7361	GRASS	0.08358414364712578	0.22235821187496185
145742	GRASS	0.0869612353188651	0.18995732707636698
165675	GRASS	0.15471182763576508	0.396346458366939
311	FLOWER	0.09282033038990838	0.2626748276608331
1060	FLOWER	0.04978327453136444	0.15731327874319895
4133	FLOWER	0.328310353415353	0.5711374155112675
6184	FLOWER	0.1243126711675099	0.3008061157805579
7127	FLOWER	0.2000846607344491	0.38958253605025156
7144	FLOWER	0.15829548984766006	0.3486438010420118
7593	FLOWER	0.26559795652117046	0.46543626700128826
7601	FLOWER	0.47836266670908245	0.7568007622446332
7768	FLOWER	0.10429085684674126	0.277388864329883
7991	FLOWER	0.050324330372469764	0.18117345869541168
8007	FLOWER	0.10267151147127151	0.2415195873805455
8452	FLOWER	0.14485629328659602	0.3544691119875227
9261	FLOWER	0.11870036167757851	0.2946220891816275
10430	FLOWER	0.14569352673632757	0.3399002764906202
10722	FLOWER	0.3407206450189863	0.5808594908033099
10895	FLOWER	0.2713113342012678	0.5007987192698887
12097	FLOWER	0.19236587626593454	0.38204326374190195
12178	FLOWER	0.08550928107329778	0.2765170122895922
12206	FLOWER	0.3038409011704581	0.5329675674438477
12327	FLOWER	0.25659629915441784	0.48680209262030466
14228	FLOWER	0.21890425469194139	0.47259711793490816
24197	FLOWER	0.20588170204843795	0.41508039832115173
24473	FLOWER	0.2404643361057554	0.49847945145198275
31234	FLOWER	0.36043434483664377	0.6507848501205444
61024	FLOWER	0.27280618250370026	0.5154307016304561
61204	FLOWER	0.28960446800504414	0.49661667006356375
61386	FLOWER	0.1968888427530016	0.4222070404461452
61641	FLOWER	0.11432333503450666	0.306486257484981
61771	FLOWER	0.18052480476243155	0.4339629794870104
98330	FLOWER	0.03917515224644116	0.10214282252958842
444539	FLOWER	0.20594012098652975	0.44176696453775677
637563	FLOWER	0.21086102085454123	0.4126928874424526
637776	FLOWER	0.28837837491716656	0.5056926522936139
638024	FLOWER	0.19827428460121155	0.4065711498260498
641256	FLOWER	0.15385461279324122	0.36589180145944866
5367706	FLOWER	0.18307955988815852	0.363779217004776
5950	FLOWER	0.09044597085033144	0.2446905289377485
7361	FLOWER	0.1448198471750532	0.3486867334161486
145742	FLOWER	0.10338334313460759	0.2711772322654724
165675	FLOWER	0.22596201726368495	0.47000514609473093
311	CHEMICAL	0.29760982734816416	0.5457978078297206
1060	CHEMICAL	0.2640113128083093	0.5231983576502118
4133	CHEMICAL	0.30589269740240915	0.5841224363871983
6184	CHEMICAL	0.33063497287886484	0.6042369093213763
7127	CHEMICAL	0.27261070907115936	0.564397258417947
7144	CHEMICAL	0.33201443936143604	0.5813034474849701
7593	CHEMICAL	0.2574026095015662	0.5051930035863604
7601	CHEMICAL	0.23258358878748758	0.4987928697041103
7768	CHEMICAL	0.3568165217127119	0.5932843174253192
7991	CHEMICAL	0.24973840372903006	0.5140935778617859
8007	CHEMICAL	0.2513751132147653	0.5061188510486058
8452	CHEMICAL	0.35269269560064587	0.5959288265023913
9261	CHEMICAL	0.15712253749370575	0.40169697999954224
10430	CHEMICAL	0.20177423102515085	0.4511544108390808
10722	CHEMICAL	0.36113653012684416	0.5841452990259443
10895	CHEMICAL	0.36251077481678556	0.6427881973130363
12097	CHEMICAL	0.27092401683330536	0.5311269164085388
12178	CHEMICAL	0.7157744935580662	0.8874707392283848
12206	CHEMICAL	0.31225618720054626	0.6145784258842468
12327	CHEMICAL	0.16559741752488272	0.4217931926250458
14228	CHEMICAL	0.25118487647601534	0.5097746423312596
24197	CHEMICAL	0.25813421607017517	0.49816471338272095
24473	CHEMICAL	0.4056536214692252	0.691498441355569
31234	CHEMICAL	0.2704685926437378	0.5571017776216779
61024	CHEMICAL	0.1832819985491889	0.435355863400868
61204	CHEMICAL	0.21749265491962433	0.4475845439093454
61386	CHEMICAL	0.20462508286748612	0.44738002334322247
61641	CHEMICAL	0.26408434339932035	0.5267367618424552
61771	CHEMICAL	0.3919713795185089	0.6532468029430935
98330	CHEMICAL	0.1974052893263953	0.5275724147047315
444539	CHEMICAL	0.21254572485174453	0.497803909437997
637563	CHEMICAL	0.29491702147892546	0.5819689035415649
637776	CHEMICAL	0.28251317356313976	0.584823761667524
638024	CHEMICAL	0.27358257344790865	0.5346493721008301
641256	CHEMICAL	0.2626509155545916	0.5385538935661316
5367706	CHEMICAL	0.3831133416720799	0.6623948642185756
5950	CHEMICAL	0.21669502343450273	0.4734424480370113
7361	CHEMICAL	0.28500485845974516	0.553614752633231
145742	CHEMICAL	0.22530712613037654	0.4626788709844862
165675	CHEMICAL	0.6200104015214103	0.8273787498474121
