oID	descriptor	value	sigma
180	INTENSITY/STRENGTH	0.2496506848505565	0.49809034381593975
264	INTENSITY/STRENGTH	0.25599018590790884	0.5182796759264809
702	INTENSITY/STRENGTH	0.18670074215957097	0.4280945786408016
1031	INTENSITY/STRENGTH	0.16887073857443674	0.41753282291548593
3102	INTENSITY/STRENGTH	0.3007678048951285	0.5433973840304783
3314	INTENSITY/STRENGTH	0.4595121954168592	0.6736628072602409
6506	INTENSITY/STRENGTH	0.3667842873505184	0.5705853615488324
6544	INTENSITY/STRENGTH	0.523301899433136	0.6334275773593357
6561	INTENSITY/STRENGTH	0.27415359020233154	0.5127725090299334
7092	INTENSITY/STRENGTH	0.5847779427255902	0.6379963755607605
7302	INTENSITY/STRENGTH	0.2620507521288736	0.5136981308460236
7476	INTENSITY/STRENGTH	0.5170032892908368	0.6861588273729596
7559	INTENSITY/STRENGTH	0.5500863747937339	0.7436056477682931
7657	INTENSITY/STRENGTH	0.3966730109282902	0.601846056325095
7770	INTENSITY/STRENGTH	0.6356188229152134	0.782454856804439
7793	INTENSITY/STRENGTH	0.44569763115474154	0.5890488369124276
7797	INTENSITY/STRENGTH	0.5476064000810895	0.6450804897717067
8025	INTENSITY/STRENGTH	0.2934627618108477	0.5252344821180616
8049	INTENSITY/STRENGTH	0.24487735969679697	0.4783599717276437
8094	INTENSITY/STRENGTH	0.5784306951931545	0.6684620806149074
8419	INTENSITY/STRENGTH	0.5858387180737087	0.6771812183516366
8438	INTENSITY/STRENGTH	0.5524235197475978	0.6469692928450448
8468	INTENSITY/STRENGTH	0.27944556730134146	0.5720016700880868
8815	INTENSITY/STRENGTH	0.43545624188014437	0.600391720022474
8878	INTENSITY/STRENGTH	0.6117999042783465	0.6249170643942696
9012	INTENSITY/STRENGTH	0.5021182256085532	0.6065459506852287
10886	INTENSITY/STRENGTH	0.4782234515462603	0.6475796188626971
11567	INTENSITY/STRENGTH	0.6390827553612846	0.6209812419755119
12020	INTENSITY/STRENGTH	0.2747175842523575	0.5065039268561772
12265	INTENSITY/STRENGTH	0.24665608363492147	0.5281682184764317
12377	INTENSITY/STRENGTH	0.5094250653471265	0.5133394641535622
16537	INTENSITY/STRENGTH	0.4689818833555494	0.7392505237034389
17898	INTENSITY/STRENGTH	0.569692999124527	0.6018355148179191
18467	INTENSITY/STRENGTH	0.4337924633707319	0.567080557346344
21363	INTENSITY/STRENGTH	0.48725333384105135	0.6539903112820217
27440	INTENSITY/STRENGTH	0.6220867250646863	0.66304463999612
31219	INTENSITY/STRENGTH	0.5196795548711505	0.73315977198737
31276	INTENSITY/STRENGTH	0.5392876437732151	0.7033729297774178
31283	INTENSITY/STRENGTH	0.2527028386081968	0.4954944508416312
60998	INTENSITY/STRENGTH	0.48364647371428354	0.7163569842066083
61523	INTENSITY/STRENGTH	0.5884269986833844	0.7495866077286857
62351	INTENSITY/STRENGTH	0.49149289301463533	0.6250158037458148
62465	INTENSITY/STRENGTH	0.46738070249557495	0.6056015917233059
251531	INTENSITY/STRENGTH	0.2072567641735077	0.4933039290564401
440917	INTENSITY/STRENGTH	0.5008392376559121	0.7243304933820452
637758	INTENSITY/STRENGTH	0.522660276719502	0.7905509216444833
1549025	INTENSITY/STRENGTH	0.24366265748228347	0.5622918009757996
2733294	INTENSITY/STRENGTH	0.7110816240310669	0.723495466368539
5281167	INTENSITY/STRENGTH	0.5479969382286072	0.7135791863713946
5281168	INTENSITY/STRENGTH	0.6355327878679548	0.6843829495566232
5318599	INTENSITY/STRENGTH	0.6699277588299343	0.6452379737581525
5352837	INTENSITY/STRENGTH	0.5371321269444057	0.6417521323476519
5364231	INTENSITY/STRENGTH	0.7773675237383161	0.746155823980059
262	INTENSITY/STRENGTH	0.17058764610971724	0.46351899419512066
323	INTENSITY/STRENGTH	0.6618104151317051	0.6457198006766183
750	INTENSITY/STRENGTH	0.166713970048087	0.4730726182460785
753	INTENSITY/STRENGTH	0.20747082574026926	0.49649125763348173
962	INTENSITY/STRENGTH	0.1593139512198312	0.47998708486557007
5862	INTENSITY/STRENGTH	0.2731942321572985	0.5078613332339695
5962	INTENSITY/STRENGTH	0.342506685427257	0.6105123332568577
6274	INTENSITY/STRENGTH	0.22038320771285466	0.5027212287698474
6322	INTENSITY/STRENGTH	0.21721729636192322	0.5027387823377337
6669	INTENSITY/STRENGTH	0.21242242838655198	0.46738131982939585
7137	INTENSITY/STRENGTH	0.6896466527666364	0.8001064743314471
15654	INTENSITY/STRENGTH	0.3987254926136562	0.5768375056130546
62089	INTENSITY/STRENGTH	0.5465251590524401	0.6709768090929303
853433	INTENSITY/STRENGTH	0.5812310491289411	0.7293154426983425
5371102	INTENSITY/STRENGTH	0.5103225026811872	0.6360391122954232
10857465	INTENSITY/STRENGTH	0.582031284059797	0.7435271569660732
180	VALENCE/PLEASANTNESS	0.4036650402205331	0.5374155300004142
264	VALENCE/PLEASANTNESS	0.4312934194292341	0.5573729787554059
702	VALENCE/PLEASANTNESS	0.45272193210465567	0.5250145665236882
1031	VALENCE/PLEASANTNESS	0.431866066796439	0.5209034511021206
3102	VALENCE/PLEASANTNESS	0.4493663396154131	0.5720544712884086
3314	VALENCE/PLEASANTNESS	0.5849857245172773	0.6264816182000297
6506	VALENCE/PLEASANTNESS	0.431644822869982	0.5352468320301601
6544	VALENCE/PLEASANTNESS	0.5367179768426078	0.6324942452566964
6561	VALENCE/PLEASANTNESS	0.39002252902303425	0.5389189635004316
7092	VALENCE/PLEASANTNESS	0.5404137543269566	0.6366521630968366
7302	VALENCE/PLEASANTNESS	0.4563317767211369	0.5709027477673122
7476	VALENCE/PLEASANTNESS	0.604864742074694	0.575132531779153
7559	VALENCE/PLEASANTNESS	0.5928839445114136	0.6480956418173653
7657	VALENCE/PLEASANTNESS	0.40877518909318106	0.5860174383435931
7770	VALENCE/PLEASANTNESS	0.620173522404262	0.7291406648499625
7793	VALENCE/PLEASANTNESS	0.6680440306663513	0.5722141521317619
7797	VALENCE/PLEASANTNESS	0.693745996270861	0.5983497755868095
8025	VALENCE/PLEASANTNESS	0.42577039343970163	0.5831978831972394
8049	VALENCE/PLEASANTNESS	0.515048589025225	0.5159169903823307
8094	VALENCE/PLEASANTNESS	0.3198340024266924	0.5107383940901075
8419	VALENCE/PLEASANTNESS	0.686708893094744	0.5682094522884914
8438	VALENCE/PLEASANTNESS	0.6261462824685233	0.5590282934052604
8468	VALENCE/PLEASANTNESS	0.5097103416919708	0.5576504298618862
8815	VALENCE/PLEASANTNESS	0.39865561042513165	0.5844525609697614
8878	VALENCE/PLEASANTNESS	0.7019038200378418	0.5539027537618365
9012	VALENCE/PLEASANTNESS	0.24498301531587327	0.5287517011165619
10886	VALENCE/PLEASANTNESS	0.6032636421067374	0.6112750342914036
11567	VALENCE/PLEASANTNESS	0.40984396849359783	0.5980796899114337
12020	VALENCE/PLEASANTNESS	0.4292830697127751	0.5279430661882673
12265	VALENCE/PLEASANTNESS	0.4170707719666617	0.5465513808386666
12377	VALENCE/PLEASANTNESS	0.292916544846126	0.5616088083812169
16537	VALENCE/PLEASANTNESS	0.5725235598427909	0.6201956953321185
17898	VALENCE/PLEASANTNESS	0.357180940253394	0.6275310601506915
18467	VALENCE/PLEASANTNESS	0.393879417862211	0.6049507941518512
21363	VALENCE/PLEASANTNESS	0.3191787600517273	0.5443618978772845
27440	VALENCE/PLEASANTNESS	0.2901785033089774	0.6039358973503113
31219	VALENCE/PLEASANTNESS	0.6099404692649841	0.6304292934281486
31276	VALENCE/PLEASANTNESS	0.6452978508813041	0.6770168457712445
31283	VALENCE/PLEASANTNESS	0.5350799773420606	0.5095988214015961
60998	VALENCE/PLEASANTNESS	0.47648543970925467	0.6887893165860858
61523	VALENCE/PLEASANTNESS	0.48072683811187744	0.6766488552093506
62351	VALENCE/PLEASANTNESS	0.2630618725504194	0.5612882971763611
62465	VALENCE/PLEASANTNESS	0.4467955912862505	0.6374270830835614
251531	VALENCE/PLEASANTNESS	0.5500862428120205	0.5091792685644967
440917	VALENCE/PLEASANTNESS	0.5871941021510533	0.5673940777778625
637758	VALENCE/PLEASANTNESS	0.556383124419621	0.6807833654539925
1549025	VALENCE/PLEASANTNESS	0.6023205603872027	0.4605972298554012
2733294	VALENCE/PLEASANTNESS	0.6980539390019008	0.6255213873726981
5281167	VALENCE/PLEASANTNESS	0.45999228954315186	0.6502975821495056
5281168	VALENCE/PLEASANTNESS	0.3832076575074877	0.5882906317710876
5318599	VALENCE/PLEASANTNESS	0.39435875841549467	0.5755869150161743
5352837	VALENCE/PLEASANTNESS	0.45328260745321003	0.6051146558352879
5364231	VALENCE/PLEASANTNESS	0.5101852757590157	0.6575656873839242
262	VALENCE/PLEASANTNESS	0.4461909021650042	0.5071264292512622
323	VALENCE/PLEASANTNESS	0.5704681362424578	0.623442998954228
750	VALENCE/PLEASANTNESS	0.3995276689529419	0.5125409534999302
753	VALENCE/PLEASANTNESS	0.44873680812971933	0.5229501596518925
962	VALENCE/PLEASANTNESS	0.535403677395412	0.5140350716454642
5862	VALENCE/PLEASANTNESS	0.3377681204250881	0.5383673480578831
5962	VALENCE/PLEASANTNESS	0.35036889144352507	0.5447831153869629
6274	VALENCE/PLEASANTNESS	0.4580107501574925	0.5339811955179486
6322	VALENCE/PLEASANTNESS	0.44760515860148836	0.5178097401346479
6669	VALENCE/PLEASANTNESS	0.6539043528693063	0.47806973116738455
7137	VALENCE/PLEASANTNESS	0.6754746522222247	0.6245684112821307
15654	VALENCE/PLEASANTNESS	0.3709954704557146	0.5837533473968506
62089	VALENCE/PLEASANTNESS	0.26222099576677593	0.47512749263218473
853433	VALENCE/PLEASANTNESS	0.5615277716091701	0.6646146859441485
5371102	VALENCE/PLEASANTNESS	0.4375192182404654	0.6108735884938922
10857465	VALENCE/PLEASANTNESS	0.3739554371152605	0.5813308869089399
180	BAKERY	0.05772660779101508	0.2671576908656529
264	BAKERY	0.06367545255592891	0.27748431265354156
702	BAKERY	0.05886098476392882	0.29864073012556347
1031	BAKERY	0.04575426025050027	0.26393128080027445
3102	BAKERY	0.04556081337588174	0.18355324864387512
3314	BAKERY	0.2171241832630975	0.5167901856558663
6506	BAKERY	0.09820111840963364	0.318355313369206
6544	BAKERY	0.04917345515319279	0.19413172560078756
6561	BAKERY	0.059837029980761666	0.2701034801346915
7092	BAKERY	0.0879109799861908	0.2811135926416942
7302	BAKERY	0.07056482881307602	0.3239342314856393
7476	BAKERY	0.1327980969633375	0.3250678607395717
7559	BAKERY	0.0815651464675154	0.31194225592272623
7657	BAKERY	0.03264129348099232	0.15382692430700576
7770	BAKERY	0.09009484201669693	0.3589244101728712
7793	BAKERY	0.08809746482542583	0.29845020174980164
7797	BAKERY	0.08124993315764836	0.3498907813004085
8025	BAKERY	0.07942307634013039	0.3168407210281917
8049	BAKERY	0.08536246685045105	0.32217104520116535
8094	BAKERY	0.04026668492172446	0.14994136137621744
8419	BAKERY	0.32739988395145964	0.6102031554494586
8438	BAKERY	0.24205552680151804	0.5130315252712795
8468	BAKERY	0.13105882917131698	0.32176545688084196
8815	BAKERY	0.04328083832349096	0.21658385864325932
8878	BAKERY	0.1199773805482047	0.3879281154700688
9012	BAKERY	0.027196285713996207	0.17281576778207505
10886	BAKERY	0.055391665548086166	0.2944947864328112
11567	BAKERY	0.0659086714897837	0.29664837036814007
12020	BAKERY	0.046753951481410434	0.2262936042887824
12265	BAKERY	0.05614706581192357	0.2558073912348066
12377	BAKERY	0.04160618409514427	0.16113038467509405
16537	BAKERY	0.021996663085051944	0.16747550666332245
17898	BAKERY	0.1656027478831155	0.5153645277023315
18467	BAKERY	0.14589219433920725	0.4605633318424225
21363	BAKERY	0.054869797346847396	0.16161995381116867
27440	BAKERY	0.10059035143681935	0.40365550986358095
31219	BAKERY	0.0525732623147113	0.26392389621053425
31276	BAKERY	0.08293789625167847	0.33066482629094807
31283	BAKERY	0.07956268957683019	0.3013367291007723
60998	BAKERY	0.08327879756689072	0.3196774891444615
61523	BAKERY	0.05007026663848332	0.10899772282157626
62351	BAKERY	0.059573595012937276	0.26781004667282104
62465	BAKERY	0.08813818065183503	0.28833069120134625
251531	BAKERY	0.06272598409226962	0.22903317425932204
440917	BAKERY	0.02934560552239418	0.19482257536479405
637758	BAKERY	0.091177941433021	0.2863549781697137
1549025	BAKERY	0.10794613084622792	0.3646757900714874
2733294	BAKERY	0.08705702051520348	0.3580441730363028
5281167	BAKERY	0.03894912478114877	0.19018966385296412
5281168	BAKERY	0.04243454576603004	0.1732334132705416
5318599	BAKERY	0.02661187095301492	0.14015888635601317
5352837	BAKERY	0.02471343693988664	0.1665520348719188
5364231	BAKERY	0.05397401563823223	0.22420484253338405
262	BAKERY	0.02957039645739964	0.1995024276631219
323	BAKERY	0.1322996403489794	0.3573696144989559
750	BAKERY	0.05160764338714736	0.2402772115809577
753	BAKERY	0.07591095407094274	0.2644744749580111
962	BAKERY	0.029913880729249546	0.2138373362166541
5862	BAKERY	0.06685145146080426	0.29277331062725614
5962	BAKERY	0.07624627170818192	0.255330496600696
6274	BAKERY	0.10247514450124331	0.3030753433704376
6322	BAKERY	0.08224824124148913	0.2609415756804602
6669	BAKERY	0.13099789406572068	0.38603719217436655
7137	BAKERY	0.2968858374016626	0.6115220529692513
15654	BAKERY	0.1585052822317396	0.5262285130364555
62089	BAKERY	0.02692565162267004	0.10741442761250905
853433	BAKERY	0.19679580203124455	0.47139394709042143
5371102	BAKERY	0.02198842992740018	0.09336939241204943
10857465	BAKERY	0.041865717087473185	0.10686270999056953
180	SWEET	0.1072981698172433	0.38931475792612347
264	SWEET	0.1397564709186554	0.45486970032964436
702	SWEET	0.12039337839399065	0.3896806367806026
1031	SWEET	0.1000441632100514	0.3449094934122903
3102	SWEET	0.1434908871139799	0.4447169474193028
3314	SWEET	0.305407498564039	0.6525803889547076
6506	SWEET	0.16306888099227632	0.4772427124636514
6544	SWEET	0.2463133122239794	0.6412645322935921
6561	SWEET	0.11350867684398379	0.38116288610867094
7092	SWEET	0.25496857506888254	0.6258482251848493
7302	SWEET	0.14487530503954207	0.45514945472989765
7476	SWEET	0.3356131059782846	0.7259093863623483
7559	SWEET	0.3745567372867039	0.7901788098471505
7657	SWEET	0.12501889254365647	0.4334388332707541
7770	SWEET	0.529852854354041	0.9036264930452619
7793	SWEET	0.3240810079233987	0.703007025378091
7797	SWEET	0.5143938447747912	0.8426028660365513
8025	SWEET	0.15984007290431432	0.4667022781712668
8049	SWEET	0.2129346068416323	0.524991682597569
8094	SWEET	0.08433674116219793	0.3472305195672171
8419	SWEET	0.4716296281133379	0.8135701417922974
8438	SWEET	0.4039986346449171	0.7681960378374372
8468	SWEET	0.19640037204538072	0.5037026703357697
8815	SWEET	0.1229116256747927	0.39291402271815706
8878	SWEET	0.5545332942690168	0.8179931810923985
9012	SWEET	0.034258208104542325	0.19109768526894705
10886	SWEET	0.3940500702176775	0.7413603152547564
11567	SWEET	0.15576099285057612	0.5133181469781058
12020	SWEET	0.12770082162959234	0.3970849982329777
12265	SWEET	0.12635610465492522	0.3928126394748688
12377	SWEET	0.04798071139625141	0.1870898785335677
16537	SWEET	0.19213805666991643	0.5856095041547503
17898	SWEET	0.13853335593427932	0.5211836440222604
18467	SWEET	0.14465493389538356	0.49203111018453327
21363	SWEET	0.09862272654260908	0.3652527332305908
27440	SWEET	0.09063863434961864	0.4168599843978882
31219	SWEET	0.37451436689921785	0.7899918556213379
31276	SWEET	0.4811722253050123	0.8842365230832782
31283	SWEET	0.20594215818813869	0.5234354095799583
60998	SWEET	0.23560848832130432	0.6431947989123208
61523	SWEET	0.13960080700261251	0.514982636485781
62351	SWEET	0.034022681415081024	0.24578124497617995
62465	SWEET	0.11527307331562042	0.40841313345091684
251531	SWEET	0.20568943875176565	0.5268666105610984
440917	SWEET	0.17594455182552338	0.5474674233368465
637758	SWEET	0.33983122025217327	0.7639781492097037
1549025	SWEET	0.2722292776618685	0.6140749454498291
2733294	SWEET	0.5329485152448926	0.8508626137460981
5281167	SWEET	0.1737513882773263	0.5531535489218575
5281168	SWEET	0.14680917348180497	0.45961554987089975
5318599	SWEET	0.13647126406431198	0.3955864778586796
5352837	SWEET	0.16319678085190908	0.4757785754544394
5364231	SWEET	0.2594230792352131	0.61196311882564
262	SWEET	0.10420967212745122	0.36101506863321575
323	SWEET	0.3151387359414782	0.7282907281603131
750	SWEET	0.0869340907250132	0.34025411520685467
753	SWEET	0.12142022911991392	0.40017828345298767
962	SWEET	0.1585698425769806	0.45191919803619385
5862	SWEET	0.07809198168771607	0.3069332880633218
5962	SWEET	0.0789245313831738	0.36248786960329327
6274	SWEET	0.12320480282817568	0.41862197858946665
6322	SWEET	0.1160599599991526	0.39193545494760784
6669	SWEET	0.3083555911268507	0.6518718344824654
7137	SWEET	0.4846102978502001	0.8703769275120327
15654	SWEET	0.13248070861612046	0.46161508560180664
62089	SWEET	0.03654151037335396	0.2604586524622781
853433	SWEET	0.30129154665129526	0.6781586578914097
5371102	SWEET	0.13726236245461873	0.4445499564920153
10857465	SWEET	0.1329075683440481	0.35716067467417034
180	FRUIT	0.047772300828780444	0.1334789821079799
264	FRUIT	0.07447519259793418	0.1917260459491185
702	FRUIT	0.04496644251048565	0.10918568926198143
1031	FRUIT	0.03641115741005966	0.09312526881694794
3102	FRUIT	0.07718480538044657	0.22691754145281656
3314	FRUIT	0.07657632817115102	0.25404966941901613
6506	FRUIT	0.07082066418869155	0.22310838741915567
6544	FRUIT	0.139067747763225	0.4042089283466339
6561	FRUIT	0.0787035801580974	0.174465007015637
7092	FRUIT	0.12959599494934082	0.3509178672518049
7302	FRUIT	0.06657441545810018	0.15569521061011724
7476	FRUIT	0.14382970758846828	0.3762373626232147
7559	FRUIT	0.3013274201325008	0.582990437746048
7657	FRUIT	0.07046149671077728	0.23100064482007707
7770	FRUIT	0.5067683926650456	0.7821096777915955
7793	FRUIT	0.2021504236119134	0.3797858016831534
7797	FRUIT	0.5377607303006309	0.7406000239508492
8025	FRUIT	0.07544867694377899	0.19638080256325857
8049	FRUIT	0.11327434650489263	0.251814284494945
8094	FRUIT	0.08606648604784693	0.20662001413958414
8419	FRUIT	0.12312694426093783	0.3398302708353315
8438	FRUIT	0.13658265343734197	0.3781749520983015
8468	FRUIT	0.054291809243815284	0.18118241003581456
8815	FRUIT	0.06760837616665023	0.17023008529629027
8878	FRUIT	0.5837990045547485	0.7145538415227618
9012	FRUIT	0.05516835142459188	0.08855486501540456
10886	FRUIT	0.40721997192927767	0.6238394039017814
11567	FRUIT	0.08064704814127513	0.24925275998456137
12020	FRUIT	0.06211780650275094	0.1627711866583143
12265	FRUIT	0.07608290761709213	0.19405006085123336
12377	FRUIT	0.052893362407173426	0.09630179405212402
16537	FRUIT	0.1724181707416262	0.41006041850362507
17898	FRUIT	0.05526743323675224	0.11858779617718287
18467	FRUIT	0.04791758129639285	0.12188897281885147
21363	FRUIT	0.0415627903171948	0.15308941262108938
27440	FRUIT	0.07657960216913905	0.15421707928180695
31219	FRUIT	0.3129119277000427	0.6114986879484994
31276	FRUIT	0.44657473053250996	0.6688315272331238
31283	FRUIT	0.13915152209145681	0.27781430951186586
60998	FRUIT	0.14222149976662227	0.394173617873873
61523	FRUIT	0.08902424627116748	0.3258611389568874
62351	FRUIT	0.05864918178745678	0.1199545328106199
62465	FRUIT	0.02977884534214224	0.12361705409629005
251531	FRUIT	0.09015196774687086	0.19768032218728745
440917	FRUIT	0.1956185804946082	0.37977077279772076
637758	FRUIT	0.21040689945220947	0.5055500183786664
1549025	FRUIT	0.1909280674798148	0.45158361962863375
2733294	FRUIT	0.5829966153417315	0.8172573958124433
5281167	FRUIT	0.14980190034423554	0.38843647497040884
5281168	FRUIT	0.13363763370684215	0.33994562711034504
5318599	FRUIT	0.13558899611234665	0.2844705155917576
5352837	FRUIT	0.15972423127719335	0.35407908047948566
5364231	FRUIT	0.23966104643685476	0.49584862164088656
262	FRUIT	0.05065146141818592	0.13568093308380672
323	FRUIT	0.12835126050880977	0.3779649223600115
750	FRUIT	0.032086249707000594	0.07931812799402646
753	FRUIT	0.04187806296561446	0.1221388727426529
962	FRUIT	0.07957010290452413	0.1894116529396602
5862	FRUIT	0.02962850672858102	0.09176869158233915
5962	FRUIT	0.03545408243579524	0.10316991699593407
6274	FRUIT	0.016088074605379785	0.08604041965944427
6322	FRUIT	0.034024705844266076	0.10256176282252584
6669	FRUIT	0.08416243908660752	0.2509107014962605
7137	FRUIT	0.24158802841390883	0.49213868379592896
15654	FRUIT	0.06721375669751849	0.1459000621523176
62089	FRUIT	0.05252630742532866	0.14047676005533763
853433	FRUIT	0.08123190222041947	0.2681732731206076
5371102	FRUIT	0.09590708890131541	0.2986150575535638
10857465	FRUIT	0.059888853026287894	0.20560366128172194
180	FISH	0.09924130567482539	0.23845396510192327
264	FISH	0.08610477937119347	0.22328671387263707
702	FISH	0.09290606209209987	0.21912911108561925
1031	FISH	0.09505156640495573	0.22088722033160074
3102	FISH	0.03270809033087322	0.07804180575268609
3314	FISH	0.035775859973260334	0.10050841527325767
6506	FISH	0.08998397631304604	0.22365998370306833
6544	FISH	0.05893400205033166	0.1301011751805033
6561	FISH	0.12929299686636245	0.2823961909328188
7092	FISH	0.032946757706148286	0.10339369411979403
7302	FISH	0.09300025446074349	0.21933878532477788
7476	FISH	0.03541904927364418	0.08841696913753237
7559	FISH	0.037339775423918455	0.07294539255755288
7657	FISH	0.08213158590453011	0.1984683402947017
7770	FISH	0.02491737050669534	0.05287867997373853
7793	FISH	0.04968539385923317	0.11331651998417717
7797	FISH	0.04555773309298924	0.08367160494838442
8025	FISH	0.0904560387134552	0.23460543581417628
8049	FISH	0.045788800077778954	0.14425509529454367
8094	FISH	0.0929455789072173	0.21782622805663518
8419	FISH	0.012859966339809554	0.07723346299358777
8438	FISH	0.015910255323563303	0.06642543098756246
8468	FISH	0.016874886517013823	0.056900396943092346
8815	FISH	0.09406392808471407	0.22122140654495784
8878	FISH	0.04915217203753335	0.07832406035491399
9012	FISH	0.20713135600090027	0.3864110921110426
10886	FISH	0.04637852630444935	0.09592190491301673
11567	FISH	0.04463886842131615	0.12297146980251585
12020	FISH	0.06674859566347939	0.16659946952547347
12265	FISH	0.09079285391739436	0.21286140169416154
12377	FISH	0.2695507811648505	0.4389513305255345
16537	FISH	0.05136528238654137	0.10431339591741562
17898	FISH	0.0882758040513311	0.2248814574309758
18467	FISH	0.0813375072819846	0.2122734593493598
21363	FISH	0.07928435557654925	0.20111653634480067
27440	FISH	0.1523759812116623	0.3350883296557835
31219	FISH	0.026494005961077555	0.045097021119935174
31276	FISH	0.017471657001546452	0.034177595749497414
31283	FISH	0.03443786661539759	0.09507509853158679
60998	FISH	0.0962745047041348	0.21674583426543645
61523	FISH	0.07962012823138918	0.15000625593321665
62351	FISH	0.26488809074674335	0.5064289740153721
62465	FISH	0.033652335671441894	0.10624123577560697
251531	FISH	0.052026218069451194	0.126931437424251
440917	FISH	0.03373169020882675	0.1181972718664578
637758	FISH	0.024140503257513046	0.06657012019838605
1549025	FISH	0.060050464634384425	0.14170471685273306
2733294	FISH	0.05882204483662333	0.1077626815864018
5281167	FISH	0.07962421381047793	0.18344119829790934
5281168	FISH	0.0988851466349193	0.21790906999792373
5318599	FISH	0.06510203438145774	0.13856299221515656
5352837	FISH	0.07121617666312627	0.1393615880182811
5364231	FISH	0.0527097721185003	0.12543163235698426
262	FISH	0.04443260229059628	0.11129490605422429
323	FISH	0.016101549246481488	0.06368875876069069
750	FISH	0.06864415960652488	0.16598656560693467
753	FISH	0.06329744734934398	0.13895029255322047
962	FISH	0.03143354185989925	0.0669623576104641
5862	FISH	0.16406377937112535	0.3206062912940979
5962	FISH	0.1068645321897098	0.24120512391839707
6274	FISH	0.02819438119019781	0.09139106050133705
6322	FISH	0.03985334586884294	0.09938149899244308
6669	FISH	0.005287768851433482	0.01969325914978981
7137	FISH	0.015617366880178452	0.08448449469038419
15654	FISH	0.1342068953173501	0.31448286346026827
62089	FISH	0.0901267124073846	0.2197889664343425
853433	FISH	0.021971817261406353	0.09157871082425117
5371102	FISH	0.04302976120795522	0.09544223121234349
10857465	FISH	0.03403878903814724	0.10730230063199997
180	GARLIC	0.144486665725708	0.3663064752306257
264	GARLIC	0.12446003194366183	0.35197560702051434
702	GARLIC	0.15552399626799993	0.3815917670726776
1031	GARLIC	0.1622189496244703	0.3859088846615383
3102	GARLIC	0.0578435334776129	0.20079839868204935
3314	GARLIC	0.05792030745318958	0.22797703742980957
6506	GARLIC	0.11688597819634847	0.3367018401622772
6544	GARLIC	0.04649840907326767	0.19819581082889012
6561	GARLIC	0.14369481482676097	0.3707299828529358
7092	GARLIC	0.06443852931261063	0.2253202689545495
7302	GARLIC	0.13368873936789377	0.3580917205129351
7476	GARLIC	0.00203542916902474	0.11438198387622833
7559	GARLIC	0.03150981159082481	0.14012931713036128
7657	GARLIC	0.05820824445358345	0.2330039760896138
7770	GARLIC	0.033017486333847046	0.15635160037449428
7793	GARLIC	0.030585696122476032	0.18731688175882613
7797	GARLIC	0.02643724238233907	0.10261884331703186
8025	GARLIC	0.1334810938153948	0.3825311873640333
8049	GARLIC	0.1087458963905062	0.299677631684712
8094	GARLIC	0.08177725119250161	0.3231064336640494
8419	GARLIC	0.001050485298037529	0.11943703889846802
8438	GARLIC	0.01123043748417071	0.12942044969115937
8468	GARLIC	0.04090431239455938	0.20978226406233652
8815	GARLIC	0.07745305714862687	0.2689140864780971
8878	GARLIC	0.039724014699459076	0.11165176331996918
9012	GARLIC	0.18943089885371073	0.42085549235343933
10886	GARLIC	0.038698200934699604	0.13234438321420125
11567	GARLIC	0.05854500191552298	0.20570138735430582
12020	GARLIC	0.08826672711542674	0.2806563547679356
12265	GARLIC	0.08086327623043742	0.2830645207847868
12377	GARLIC	0.4493199714592525	0.6004498175212315
16537	GARLIC	0.05116733190204416	0.18714817932673863
17898	GARLIC	0.10296691315514701	0.31156778761318754
18467	GARLIC	0.09952935576438904	0.3198475113936833
21363	GARLIC	0.07029569361891065	0.28266802430152893
27440	GARLIC	0.1372142540557044	0.3791257526193346
31219	GARLIC	0.023144949227571487	0.13070061057806015
31276	GARLIC	0.02813656854310206	0.11283287618841444
31283	GARLIC	0.06754449275987488	0.2421847347702299
60998	GARLIC	0.06559552465166364	0.27322628029755186
61523	GARLIC	0.04838843696883747	0.19736076891422272
62351	GARLIC	0.2717470611844744	0.5394031362874168
62465	GARLIC	0.06300886667200498	0.24018166746412004
251531	GARLIC	0.05170265239264284	0.214850515127182
440917	GARLIC	0.0604909248650074	0.2764830546719687
637758	GARLIC	0.033428561474595754	0.1442320038165365
1549025	GARLIC	0.04963728093675205	0.2127623430320195
2733294	GARLIC	0.01468317982341562	0.10140475524323327
5281167	GARLIC	0.056051697582006454	0.22383478922503336
5281168	GARLIC	0.05980401539376804	0.2542670177561896
5318599	GARLIC	0.06577626296452113	0.23857638452734267
5352837	GARLIC	0.05732475008283343	0.20671448750155313
5364231	GARLIC	0.04886429969753538	0.16626965999603271
262	GARLIC	0.08055050351790019	0.24955146440437861
323	GARLIC	0.03523936096046652	0.16603180127484457
750	GARLIC	0.12143348689590182	0.3345582442624228
753	GARLIC	0.09382573515176773	0.29083146367754253
962	GARLIC	0.042201216997844834	0.21708481865269796
5862	GARLIC	0.2335639957870756	0.4526709318161011
5962	GARLIC	0.10154817253351212	0.31132466878209797
6274	GARLIC	0.06414378221545901	0.25387957266398836
6322	GARLIC	0.06347989663481712	0.24711092029299056
6669	GARLIC	0.020317396681223596	0.15663776120969228
7137	GARLIC	0.031812104263475964	0.1567066695008959
15654	GARLIC	0.16073113467012132	0.40884386215891155
62089	GARLIC	0.08597642396177564	0.3417284403528486
853433	GARLIC	0.040900139404194694	0.1894303091934749
5371102	GARLIC	0.06231737296496119	0.18064077198505402
10857465	GARLIC	0.03378362235214029	0.16670970831598556
180	SPICES	0.16498138436249324	0.37061528648648945
264	SPICES	0.15905195687498366	0.3590214593069894
702	SPICES	0.22268580751759665	0.43764066270419527
1031	SPICES	0.20861666117395675	0.4250212737492153
3102	SPICES	0.1350597952093397	0.3388897819178445
3314	SPICES	0.3998167259352548	0.642827706677573
6506	SPICES	0.17466722854546138	0.38023981877735685
6544	SPICES	0.22453768764223372	0.4522280480180468
6561	SPICES	0.18375987453120096	0.40353958095823017
7092	SPICES	0.3615226575306484	0.6184796946389335
7302	SPICES	0.2409085269485201	0.47427952715328764
7476	SPICES	0.17634804546833038	0.39913097875458853
7559	SPICES	0.13743343949317932	0.39895531960896086
7657	SPICES	0.1442326945917947	0.32498220460755484
7770	SPICES	0.10569973928587777	0.3170050467763628
7793	SPICES	0.1351374164223671	0.34425762721470426
7797	SPICES	0.124591235603605	0.3698764996869223
8025	SPICES	0.19202370515891484	0.40758006487573895
8049	SPICES	0.12761830857821874	0.3409032268183572
8094	SPICES	0.14638430093015944	0.32538517458098276
8419	SPICES	0.22133695866380418	0.4712730859007154
8438	SPICES	0.2037228558744703	0.46736409834453035
8468	SPICES	0.21230328508785792	0.43524390033313204
8815	SPICES	0.335020444222859	0.5569316106183189
8878	SPICES	0.10540782553809029	0.3474250648702894
9012	SPICES	0.197103779230799	0.43037597622190205
10886	SPICES	0.11941168989453997	0.3553089456898825
11567	SPICES	0.16027202776500157	0.39243194460868835
12020	SPICES	0.14331101519720896	0.349674859217235
12265	SPICES	0.13492664056164877	0.32645462666239056
12377	SPICES	0.31078165769577026	0.5333790353366307
16537	SPICES	0.19919310084411077	0.4176074947629656
17898	SPICES	0.18104696912424906	0.40745451194899424
18467	SPICES	0.19052498042583466	0.4061939035143171
21363	SPICES	0.12617894049201692	0.33057330761637005
27440	SPICES	0.18838068630014146	0.4218389647347586
31219	SPICES	0.1238812410405704	0.3642916466508593
31276	SPICES	0.1143354858670916	0.3383804261684418
31283	SPICES	0.08936418699366706	0.29496069465364727
60998	SPICES	0.1817440880196435	0.4342514915125711
61523	SPICES	0.15750231061662948	0.3648465360913958
62351	SPICES	0.27311502184186665	0.511961464371
62465	SPICES	0.37670976349285673	0.601154020854405
251531	SPICES	0.1346194041626794	0.34132336718695505
440917	SPICES	0.16879996870245254	0.4208523758820125
637758	SPICES	0.1910137321267809	0.38567801458495005
1549025	SPICES	0.11751104997737068	0.3342774936131069
2733294	SPICES	0.13979308626481465	0.37657242161887033
5281167	SPICES	0.1377700035061155	0.350261070898601
5281168	SPICES	0.14165295554058893	0.3342846419130053
5318599	SPICES	0.11245698162487575	0.3026661532265799
5352837	SPICES	0.11959420357431684	0.322063079902104
5364231	SPICES	0.14989417365619115	0.3692229262420109
262	SPICES	0.1267348676919937	0.32955525176865713
323	SPICES	0.2659982315131596	0.526855047260012
750	SPICES	0.16307691165379115	0.3684806525707245
753	SPICES	0.1746835240295955	0.38249145235334125
962	SPICES	0.16316560762269156	0.37651693395205904
5862	SPICES	0.19453359288828714	0.40981534123420715
5962	SPICES	0.112477288714477	0.32042229175567627
6274	SPICES	0.16429390438965388	0.38552784068243845
6322	SPICES	0.13565303704568318	0.35374368940080914
6669	SPICES	0.10356333426066808	0.3247994567666735
7137	SPICES	0.37968404803957256	0.6592519623892648
15654	SPICES	0.2289726244551795	0.4530203640460968
62089	SPICES	0.1326276127781187	0.3445125264780862
853433	SPICES	0.38954553433826994	0.6351631113461086
5371102	SPICES	0.25156342344624655	0.46273839473724365
10857465	SPICES	0.16065695456096105	0.4205766362803323
180	COLD	0.21778500080108643	0.35203649742262705
264	COLD	0.20747279907975877	0.3485548496246338
702	COLD	0.22503615702901567	0.36672272000994
1031	COLD	0.23066037893295288	0.3735437137739999
3102	COLD	0.30228779571396963	0.47571599909237455
3314	COLD	0.21860891793455398	0.409488673721041
6506	COLD	0.1783159566777093	0.3397952488490513
6544	COLD	0.3678782710007259	0.531841333423342
6561	COLD	0.1958054623433522	0.32521449668066843
7092	COLD	0.3526823137487684	0.5448467220578875
7302	COLD	0.24432275763579778	0.39781777773584637
7476	COLD	0.2768834573881967	0.4825567177363804
7559	COLD	0.267814325434821	0.4609287849494389
7657	COLD	0.2567121833562851	0.4048458933830261
7770	COLD	0.23711044873510087	0.4753154047897884
7793	COLD	0.21828033668654306	0.4043084851333073
7797	COLD	0.248103923031262	0.46291281495775494
8025	COLD	0.1917198406798499	0.35107945118631634
8049	COLD	0.19084280942167556	0.3563737528664725
8094	COLD	0.18473204331738607	0.3489454048020499
8419	COLD	0.23311619247709	0.418033025094441
8438	COLD	0.2787887305021286	0.4751349517277309
8468	COLD	0.2547333687543869	0.4579163747174399
8815	COLD	0.23473658519131796	0.39609760897500174
8878	COLD	0.1945819194827761	0.4132281414100102
9012	COLD	0.169422481741224	0.3052442840167454
10886	COLD	0.2561790474823543	0.4380790335791452
11567	COLD	0.3415203222206661	0.48147990448134287
12020	COLD	0.2832019031047821	0.42783341237476896
12265	COLD	0.28711447758334024	0.41659611463546753
12377	COLD	0.19298829776900156	0.35968685150146484
16537	COLD	0.320278206041881	0.5329166650772095
17898	COLD	0.12517467034714563	0.2872351620878492
18467	COLD	0.1522987506219319	0.2988050239426749
21363	COLD	0.19123889931610652	0.3372652956417629
27440	COLD	0.12604319091354096	0.28582413281713215
31219	COLD	0.31533515453338623	0.5303338595799038
31276	COLD	0.28667114887918743	0.49829022373471943
31283	COLD	0.18401019700935908	0.3594322417463575
60998	COLD	0.15491208859852382	0.2971815764904022
61523	COLD	0.2157469711133412	0.3946108860628946
62351	COLD	0.12363679387739726	0.2660555626664843
62465	COLD	0.25310151278972626	0.42932539752551485
251531	COLD	0.19469242649418966	0.37928072043827604
440917	COLD	0.4613630175590515	0.6319201248032706
637758	COLD	0.23115321568080358	0.42094285573278156
1549025	COLD	0.12996809823172434	0.28084899697984966
2733294	COLD	0.2447922421353204	0.4329956940242222
5281167	COLD	0.21585471289498465	0.3971596487930843
5281168	COLD	0.20467928051948547	0.3839910498687199
5318599	COLD	0.2593421978609903	0.4379349308354514
5352837	COLD	0.25459475602422443	0.44965003643717083
5364231	COLD	0.25200605179582325	0.4309228701250894
262	COLD	0.29790727155549185	0.4455745816230774
323	COLD	0.3685248919895717	0.5547818286078317
750	COLD	0.22106375225952693	0.3717505122934069
753	COLD	0.24639717170170375	0.41398473722594126
962	COLD	0.29870541180883137	0.4770042725971767
5862	COLD	0.16308072422231948	0.302827741418566
5962	COLD	0.1921420842409134	0.35560995766094755
6274	COLD	0.24319597440106527	0.4141193117414202
6322	COLD	0.24840754057679856	0.4198827828679766
6669	COLD	0.2411604651382991	0.4239472619124821
7137	COLD	0.19737167869295394	0.3727466804640634
15654	COLD	0.09842977779252189	0.21366354610238755
62089	COLD	0.20122048684528895	0.3379389728818621
853433	COLD	0.2284960470029286	0.44102681960378376
5371102	COLD	0.3149233247552599	0.5082860546452659
10857465	COLD	0.26981715645108906	0.47327581473759245
180	SOUR	0.38692571009908405	0.582430899143219
264	SOUR	0.390212744474411	0.5847932270595005
702	SOUR	0.32607453210013254	0.5319979957171849
1031	SOUR	0.32126969524792265	0.5326177988733564
3102	SOUR	0.2244506733758109	0.421885860817773
3314	SOUR	0.1560151678110872	0.36289653182029724
6506	SOUR	0.4219719682421003	0.6036193541118077
6544	SOUR	0.20634266521249497	0.42762155192238943
6561	SOUR	0.3719684864793505	0.577624499797821
7092	SOUR	0.1912747940846852	0.4088602534362248
7302	SOUR	0.2603600706372942	0.48762381076812744
7476	SOUR	0.16869008328233445	0.3558852757726397
7559	SOUR	0.21689131004469736	0.4086580915110452
7657	SOUR	0.28089599311351776	0.5034204210553851
7770	SOUR	0.32528744425092426	0.5888661997658866
7793	SOUR	0.19160041638783046	0.3818394499165671
7797	SOUR	0.169983728655747	0.39359520588602337
8025	SOUR	0.36331879666873385	0.587906002998352
8049	SOUR	0.3282750142472131	0.509341938155038
8094	SOUR	0.4851201261792864	0.6538544637816293
8419	SOUR	0.1286617528115	0.3134918638638088
8438	SOUR	0.14389139733144216	0.3092619776725769
8468	SOUR	0.2107859126159123	0.42105962548937115
8815	SOUR	0.26723386347293854	0.4888920273099627
8878	SOUR	0.1857015330876623	0.39230975934437345
9012	SOUR	0.4366894917828696	0.669502752167838
10886	SOUR	0.2169784243617739	0.42868933933121817
11567	SOUR	0.2038238091128213	0.4124846373285566
12020	SOUR	0.2422944584063121	0.44826105662754606
12265	SOUR	0.22744975132601603	0.4496657933507647
12377	SOUR	0.39210199884005953	0.6441637703350612
16537	SOUR	0.2363376851592745	0.4516925258295877
17898	SOUR	0.2888153727565493	0.5247702045100076
18467	SOUR	0.27050022993768963	0.507623199905668
21363	SOUR	0.5026149536882129	0.6826453804969788
27440	SOUR	0.33061627405030386	0.5966160297393799
31219	SOUR	0.1928927664245878	0.39164668321609497
31276	SOUR	0.2022141750369753	0.43213118825639996
31283	SOUR	0.2097627477986472	0.3810531071254185
60998	SOUR	0.30781868951661245	0.546596212046487
61523	SOUR	0.3246682584285736	0.5387420058250427
62351	SOUR	0.44428348541259766	0.7116620114871434
62465	SOUR	0.20812186385904038	0.43088720526014057
251531	SOUR	0.2005964858191354	0.4086140011038099
440917	SOUR	0.231423910175051	0.4933880737849644
637758	SOUR	0.24635910987854004	0.46450359906469074
1549025	SOUR	0.25666123415742603	0.4429034675870623
2733294	SOUR	0.22757804606642043	0.443143082516534
5281167	SOUR	0.3258423038891384	0.5517647777284894
5281168	SOUR	0.38091555663517546	0.5895087037767682
5318599	SOUR	0.2759631446429661	0.47348277483667645
5352837	SOUR	0.25637433784348623	0.4534136312348502
5364231	SOUR	0.27733232719557627	0.48756716932569233
262	SOUR	0.22775888442993164	0.424022661788123
323	SOUR	0.157562289919172	0.3617916192327227
750	SOUR	0.355663537979126	0.5490770595414298
753	SOUR	0.26724604623658316	0.47865526591028484
962	SOUR	0.1773684642144612	0.39159741146223886
5862	SOUR	0.37502822279930115	0.606603068964822
5962	SOUR	0.5036718164171491	0.6889407123838153
6274	SOUR	0.2975682020187378	0.48818864141191753
6322	SOUR	0.3074603740658079	0.49411541649273466
6669	SOUR	0.1789157869560378	0.3284634756190436
7137	SOUR	0.1834841881479536	0.3742589056491852
15654	SOUR	0.30383829133851187	0.5507828678403582
62089	SOUR	0.5155950444085258	0.7072940043040684
853433	SOUR	0.1712303842817034	0.37421499831335886
5371102	SOUR	0.24369704723358154	0.45531791022845675
10857465	SOUR	0.335297235420772	0.5562144007001605
180	BURNT	0.11492457666567393	0.35450913650648935
264	BURNT	0.1139350203531129	0.33482527307101656
702	BURNT	0.11218638292380742	0.3422324444566454
1031	BURNT	0.12470424813883645	0.3479855571474348
3102	BURNT	0.14148919710091182	0.3699442871979305
3314	BURNT	0.17978051517690932	0.48447270478521076
6506	BURNT	0.14237444315637862	0.3697825159345354
6544	BURNT	0.07851241422551018	0.2642197332211903
6561	BURNT	0.14135205639260157	0.3742637847151075
7092	BURNT	0.12350653111934662	0.3513067492416927
7302	BURNT	0.14379787870815822	0.3723836285727365
7476	BURNT	0.10212538178477969	0.31859896012714933
7559	BURNT	0.10717484035662242	0.3049289286136627
7657	BURNT	0.14773592352867126	0.3950289232390268
7770	BURNT	0.06132739037275314	0.21861566390310014
7793	BURNT	0.0735860573393958	0.24772706414972032
7797	BURNT	0.05153499703322138	0.22069692824568068
8025	BURNT	0.10670014257941927	0.3479441063744681
8049	BURNT	0.11728445866278239	0.3231656977108547
8094	BURNT	0.17382012520517623	0.4482886152608054
8419	BURNT	0.13267097089971816	0.37646234035491943
8438	BURNT	0.11640178305762154	0.31990007417542593
8468	BURNT	0.1623977976185935	0.4197708708899362
8815	BURNT	0.18267291358539037	0.48353706087384907
8878	BURNT	0.08123627677559853	0.2661545617239816
9012	BURNT	0.28256608971527647	0.5913907034056527
10886	BURNT	0.08485213134969984	0.26457400407109943
11567	BURNT	0.21973914972373418	0.43492756145341055
12020	BURNT	0.12696227644171035	0.3355512959616525
12265	BURNT	0.15188958176544734	0.39043025033814566
12377	BURNT	0.22204054679189408	0.4957151583262852
16537	BURNT	0.09711978371654238	0.310250814471926
17898	BURNT	0.3278024217912129	0.6403464249202183
18467	BURNT	0.27109651054654804	0.5560143760272435
21363	BURNT	0.1479167171886989	0.3966806190354483
27440	BURNT	0.3523097740752356	0.6755452752113342
31219	BURNT	0.09858145990542003	0.29089366112436565
31276	BURNT	0.054605990914361816	0.19044687279633113
31283	BURNT	0.14568764184202468	0.38852047068732126
60998	BURNT	0.14220736495086125	0.3683659476893289
61523	BURNT	0.12515668783869063	0.3703543416091374
62351	BURNT	0.25638796176229206	0.5623608572142464
62465	BURNT	0.23394137833799636	0.5710143787520272
251531	BURNT	0.11277742683887482	0.31108524969645907
440917	BURNT	0.08461878661598478	0.2981410665171487
637758	BURNT	0.10896563636405128	0.3121279350348881
1549025	BURNT	0.10826721361705235	0.38285177520343233
2733294	BURNT	0.07466349910412516	0.27201833043779644
5281167	BURNT	0.1273519407425608	0.33132785132953096
5281168	BURNT	0.14618087240627833	0.3732485132558005
5318599	BURNT	0.19919680058956146	0.46870841298784527
5352837	BURNT	0.13894254182066237	0.360471031495503
5364231	BURNT	0.13502816217286245	0.3741222321987152
262	BURNT	0.12928609549999237	0.34410277009010315
323	BURNT	0.14198042345898493	0.3277783308710371
750	BURNT	0.13693262849535262	0.3783467241695949
753	BURNT	0.14796276816299983	0.39050223571913584
962	BURNT	0.1168874204158783	0.33007289256368366
5862	BURNT	0.21476766679968154	0.47343105503490995
5962	BURNT	0.1539766320160457	0.4372032199587141
6274	BURNT	0.15740816188710077	0.42174406562532696
6322	BURNT	0.14630543972764695	0.39470716033663067
6669	BURNT	0.09622123837471008	0.26186932410512653
7137	BURNT	0.1526260780436652	0.41621423619134085
15654	BURNT	0.2674706471817834	0.5886212246758598
62089	BURNT	0.1885441882269723	0.496461991752897
853433	BURNT	0.1862863451242447	0.49902743101119995
5371102	BURNT	0.1531100571155548	0.3978543111256191
10857465	BURNT	0.1608475915023259	0.4059392809867859
180	ACID	0.2456389537879399	0.4257333448954991
264	ACID	0.18565105753285543	0.35280647448131014
702	ACID	0.20948068158967154	0.38504795942987713
1031	ACID	0.22657985985279083	0.41361392395836966
3102	ACID	0.32127187507493155	0.4960946227822985
3314	ACID	0.13149130025080272	0.3318804161889212
6506	ACID	0.21026336508137838	0.36566460132598877
6544	ACID	0.2359349706343242	0.45495506269591196
6561	ACID	0.2366317425455366	0.43143393312181744
7092	ACID	0.2582414448261261	0.46246535011700224
7302	ACID	0.2049819358757564	0.38421217032841276
7476	ACID	0.1701665861266	0.39446254287447247
7559	ACID	0.2618887573480606	0.45895708884511677
7657	ACID	0.3197563418320247	0.5043310735906873
7770	ACID	0.20701703429222107	0.42796771441187176
7793	ACID	0.11122075148991176	0.26045590213366915
7797	ACID	0.16695884508746012	0.36905619502067566
8025	ACID	0.21807942858764104	0.38681760430336
8049	ACID	0.16718204532350814	0.33179966041019987
8094	ACID	0.29160127895218985	0.4853481352329254
8419	ACID	0.09554646909236908	0.28108836923326763
8438	ACID	0.16781357675790787	0.34911072679928373
8468	ACID	0.2006226863179888	0.39209324972970144
8815	ACID	0.3127648617540087	0.5002834967204502
8878	ACID	0.13007942267826625	0.3048185961587088
9012	ACID	0.38154912420681547	0.577918359211513
10886	ACID	0.19496848114899226	0.39195660182407926
11567	ACID	0.3652491739818028	0.5545721564974103
12020	ACID	0.3065939503056662	0.49865502970559256
12265	ACID	0.3295578190258571	0.5202117902891976
12377	ACID	0.289191940001079	0.5023845647062574
16537	ACID	0.2418864028794425	0.4464820240225111
17898	ACID	0.22342217607157572	0.4282620293753488
18467	ACID	0.2113033618245806	0.4029173765863691
21363	ACID	0.28027247531073435	0.47920597876821247
27440	ACID	0.2999570518732071	0.5248803836958749
31219	ACID	0.2539971555982317	0.4638643392494747
31276	ACID	0.25557110565049307	0.46632929359163555
31283	ACID	0.13469540008476802	0.29282612034252714
60998	ACID	0.21058178799492971	0.3771836246762957
61523	ACID	0.2942208307129996	0.49846177441733225
62351	ACID	0.25193104999405996	0.45664994205747333
62465	ACID	0.2842066160270146	0.4979903825691768
251531	ACID	0.13801389719758714	0.29259095021656584
440917	ACID	0.3368451850754874	0.5237841520990644
637758	ACID	0.15439824334212712	0.3676879746573312
1549025	ACID	0.08309427861656461	0.18053200947386877
2733294	ACID	0.15677052523408616	0.33867357884134563
5281167	ACID	0.22107452367033278	0.4224619950566973
5281168	ACID	0.269254024539675	0.4784376876694815
5318599	ACID	0.30130293113844736	0.5208941442625863
5352837	ACID	0.24711671897343226	0.45733133384159635
5364231	ACID	0.20215855751718795	0.3874500095844269
262	ACID	0.3071393242904118	0.5087564034121377
323	ACID	0.23414705055100576	0.43574169278144836
750	ACID	0.24707050621509552	0.4404834508895874
753	ACID	0.24777867751462118	0.43766980937549044
962	ACID	0.2352153126682554	0.43439549633434843
5862	ACID	0.21065454185009003	0.40810544575963703
5962	ACID	0.24194587979997909	0.4369744871343885
6274	ACID	0.2210863253899983	0.4004273329462324
6322	ACID	0.24802552163600922	0.43033877440861296
6669	ACID	0.1288409350173814	0.3245871237346104
7137	ACID	0.13172438314982823	0.3225713499954769
15654	ACID	0.17795934634549276	0.3628761512892587
62089	ACID	0.37338233845574514	0.5565815567970276
853433	ACID	0.14389578253030777	0.36948310477393015
5371102	ACID	0.3543387140546526	0.5458902035440717
10857465	ACID	0.3580601853983743	0.5847326687404087
180	WARM	0.24785434773990087	0.437179901770183
264	WARM	0.2653331884316036	0.4564319210393088
702	WARM	0.26939151542527334	0.4615543356963566
1031	WARM	0.2570779685463224	0.44270470312663485
3102	WARM	0.2441743974174772	0.44176102536065237
3314	WARM	0.4865260124206543	0.6788582972117833
6506	WARM	0.31364111389432636	0.4990073953356062
6544	WARM	0.29964313336781095	0.5076505712100438
6561	WARM	0.27328785828181673	0.4542788139411381
7092	WARM	0.3238659586225237	0.5138270003455025
7302	WARM	0.28323014080524445	0.4756219855376652
7476	WARM	0.3384065755775997	0.5105743493352618
7559	WARM	0.3595697454043797	0.5755531106676374
7657	WARM	0.24296976625919342	0.448125673191888
7770	WARM	0.3004443517753056	0.549916786806924
7793	WARM	0.37771704367228914	0.5714445795331683
7797	WARM	0.3106033759457724	0.5437457306044442
8025	WARM	0.25191367524010794	0.44756617716380526
8049	WARM	0.3111900431769235	0.49866494962147306
8094	WARM	0.3052022286823818	0.513185977935791
8419	WARM	0.5080368178231376	0.6442607896668571
8438	WARM	0.3995147688048227	0.5420787504741124
8468	WARM	0.33719045775277273	0.5001163056918553
8815	WARM	0.32676565647125244	0.5226055213383266
8878	WARM	0.3596692511013576	0.5936394163540432
9012	WARM	0.29582769104412626	0.5225306366171155
10886	WARM	0.27550870180130005	0.5007510355540684
11567	WARM	0.3053992050034659	0.5022805503436497
12020	WARM	0.21843322685786656	0.3897793080125536
12265	WARM	0.23423705995082855	0.43665196214403423
12377	WARM	0.26537392820630756	0.4983948085989271
16537	WARM	0.25924419292381834	0.45873717750821796
17898	WARM	0.4242460514817919	0.6308542915752956
18467	WARM	0.3906441926956177	0.5800529633249555
21363	WARM	0.3157673861299242	0.5194142205374581
27440	WARM	0.3742677739688328	0.6080466168267387
31219	WARM	0.29144258158547537	0.5083322312150683
31276	WARM	0.28028577140399386	0.5057270101138523
31283	WARM	0.3357549863202231	0.5265087400163923
60998	WARM	0.413882063967841	0.6451825669833592
61523	WARM	0.3322614814553942	0.5115792921611241
62351	WARM	0.3244967077459608	0.5579178077833993
62465	WARM	0.3919132820197514	0.5862870471818107
251531	WARM	0.28411916536944254	0.4682478521551405
440917	WARM	0.2629632715667997	0.5096834983144488
637758	WARM	0.3415896126202175	0.5484900985445295
1549025	WARM	0.35488548023360117	0.5284891469138009
2733294	WARM	0.32112049204962595	0.5812295930726188
5281167	WARM	0.2503105380705425	0.4492459510053907
5281168	WARM	0.27216465558324543	0.471459367445537
5318599	WARM	0.2868216463497707	0.49292234012058805
5352837	WARM	0.248373310480799	0.4526079552514212
5364231	WARM	0.2979213446378708	0.5028955851282392
262	WARM	0.22516570772443498	0.40599489212036133
323	WARM	0.34112952436719624	0.5388681973729815
750	WARM	0.25968509912490845	0.4496872339929853
753	WARM	0.28463259765080046	0.4628846389906747
962	WARM	0.2587888709136418	0.43817231484821867
5862	WARM	0.28945314458438326	0.5033360762255532
5962	WARM	0.2832991395677839	0.4872336302484785
6274	WARM	0.3111463018826076	0.4983087735516684
6322	WARM	0.28209042123385836	0.4608896715300424
6669	WARM	0.3628011303288596	0.5454681600843158
7137	WARM	0.5728196331432888	0.7452610390526908
15654	WARM	0.4070467948913574	0.6152171662875584
62089	WARM	0.3003473494734083	0.5151159039565495
853433	WARM	0.4743452710764749	0.669052677495139
5371102	WARM	0.25080378353595734	0.43106326035090853
10857465	WARM	0.33817865593092783	0.5204804795128959
180	MUSKY	0.3192120577607836	0.5515914814812797
264	MUSKY	0.33374837040901184	0.5643208537782941
702	MUSKY	0.28020189915384563	0.5162111095019749
1031	MUSKY	0.28327069112232756	0.518225222826004
3102	MUSKY	0.24130297771521977	0.45222202794892447
3314	MUSKY	0.18580983579158783	0.4194921169962202
6506	MUSKY	0.31348579057625364	0.5379846096038818
6544	MUSKY	0.18791839906147548	0.41863771847316195
6561	MUSKY	0.3221639565059117	0.5539770339216504
7092	MUSKY	0.16352405931268418	0.41333838020052227
7302	MUSKY	0.24424851153578078	0.4973592758178711
7476	MUSKY	0.2005393909556525	0.42892479470797945
7559	MUSKY	0.17870895564556122	0.39430224895477295
7657	MUSKY	0.27561940039907185	0.5113346534115928
7770	MUSKY	0.16964876864637649	0.39737293124198914
7793	MUSKY	0.19180011536393846	0.40240809321403503
7797	MUSKY	0.1003096013196877	0.29840455310685293
8025	MUSKY	0.2727100764002119	0.5192463227680751
8049	MUSKY	0.2571322683777128	0.4775163616452898
8094	MUSKY	0.46738810198647635	0.7040776695523944
8419	MUSKY	0.1937854971204485	0.40743199842316763
8438	MUSKY	0.17570914966719492	0.38662630319595337
8468	MUSKY	0.2355588355234691	0.4704845760549818
8815	MUSKY	0.25908649393490385	0.5045553914138249
8878	MUSKY	0.12199008730905396	0.3088996836117336
9012	MUSKY	0.4192894399166107	0.6821860074996948
10886	MUSKY	0.13978354100670135	0.34768821937697275
11567	MUSKY	0.19540003154959	0.43406079496656147
12020	MUSKY	0.20289228217942373	0.4346815986292703
12265	MUSKY	0.22752061911991664	0.4563165817941938
12377	MUSKY	0.3169835422720228	0.5882894567080906
16537	MUSKY	0.14960685904536927	0.3626462093421391
17898	MUSKY	0.33612110359328135	0.6369992239134652
18467	MUSKY	0.30963858536311556	0.5914395877293178
21363	MUSKY	0.4986832993371146	0.7499181032180786
27440	MUSKY	0.34058367354529245	0.648628967148917
31219	MUSKY	0.15316485400710786	0.3752227851322719
31276	MUSKY	0.09114214139325279	0.2891526222229004
31283	MUSKY	0.26172343109335217	0.4985396947179522
60998	MUSKY	0.303401380777359	0.5696305291993278
61523	MUSKY	0.27647699202810017	0.5461629969733102
62351	MUSKY	0.39939108916691374	0.6787588170596531
62465	MUSKY	0.22664728973593032	0.498150429555348
251531	MUSKY	0.21966853312083653	0.4306811605181013
440917	MUSKY	0.16193856937544687	0.3366500054086958
637758	MUSKY	0.24111978709697723	0.5029478584017072
1549025	MUSKY	0.19110253240380967	0.3483259550162724
2733294	MUSKY	0.11506221656288419	0.31348870056016104
5281167	MUSKY	0.25857667199202944	0.5083486991269248
5281168	MUSKY	0.3232650245938982	0.5593701090131488
5318599	MUSKY	0.2934415468147823	0.5511065551212856
5352837	MUSKY	0.2348320037126541	0.47287191663469585
5364231	MUSKY	0.18309610869203294	0.4116127874170031
262	MUSKY	0.22600376393113816	0.4374405656542097
323	MUSKY	0.18574038999421255	0.42294574635369436
750	MUSKY	0.33067460145269123	0.5477685587746757
753	MUSKY	0.2679498408521925	0.4890152301107134
962	MUSKY	0.21939288079738617	0.43526835100991385
5862	MUSKY	0.3608744314738682	0.6076551760946002
5962	MUSKY	0.46749569688524517	0.7213212932859149
6274	MUSKY	0.337066256574222	0.5608628732817513
6322	MUSKY	0.33892305408205303	0.5568844079971313
6669	MUSKY	0.24938458842890604	0.4622150659561157
7137	MUSKY	0.1824043925319399	0.3877019201006208
15654	MUSKY	0.3195140191486904	0.5960239001682827
62089	MUSKY	0.5209246959005084	0.7742855208260673
853433	MUSKY	0.21079698843615396	0.4629902499062674
5371102	MUSKY	0.20246102128710067	0.4510256052017212
10857465	MUSKY	0.37674279298101154	0.6829173309462411
180	SWEATY	0.23513778831277574	0.4479960799217224
264	SWEATY	0.2428311833313533	0.4488558769226074
702	SWEATY	0.19365485864026205	0.4076412490436009
1031	SWEATY	0.19574602161134994	0.412785713161741
3102	SWEATY	0.12561258780104773	0.28165375334875925
3314	SWEATY	0.07048397777335984	0.19772849125521524
6506	SWEATY	0.2365806805235999	0.4512696010725839
6544	SWEATY	0.09598620874541146	0.23221117683819362
6561	SWEATY	0.23244399470942362	0.4402804672718048
7092	SWEATY	0.06381267096315112	0.20351671321051462
7302	SWEATY	0.1387449332645961	0.31854671239852905
7476	SWEATY	0.093184480709689	0.22449275638375962
7559	SWEATY	0.08496895432472229	0.2275259452206748
7657	SWEATY	0.16408956689493998	0.3625122479030064
7770	SWEATY	0.13587383979133197	0.2835176821265902
7793	SWEATY	0.09688962463821683	0.19585573886122024
7797	SWEATY	0.04851527139544487	0.16938249553952897
8025	SWEATY	0.19631100126675197	0.4049323541777475
8049	SWEATY	0.172664218715259	0.3746348023414612
8094	SWEATY	0.3237432965210506	0.5510113920484271
8419	SWEATY	0.06272884032555989	0.18509126880339213
8438	SWEATY	0.06814694830349513	0.16895910033157893
8468	SWEATY	0.11349530198744365	0.27423164887087687
8815	SWEATY	0.14259962631123407	0.3276928322655814
8878	SWEATY	0.04976056356515203	0.1709179122533117
9012	SWEATY	0.2757518376622881	0.542623255934034
10886	SWEATY	0.09265688327806336	0.2334831484726497
11567	SWEATY	0.09358322088207517	0.2496858047587531
12020	SWEATY	0.1335553377866745	0.30356275183813913
12265	SWEATY	0.12562176691634314	0.2942604848316738
12377	SWEATY	0.19255123606749944	0.45017890845026287
16537	SWEATY	0.1066948760833059	0.22459763501371657
17898	SWEATY	0.15630310773849487	0.3977962689740317
18467	SWEATY	0.15496820424284255	0.37627326590674265
21363	SWEATY	0.36387674723352703	0.5887020230293274
27440	SWEATY	0.18490378558635712	0.4233279355934688
31219	SWEATY	0.06807389961821693	0.19004848173686437
31276	SWEATY	0.05382030776568821	0.17419990684304917
31283	SWEATY	0.12538680327790125	0.326234438589641
60998	SWEATY	0.18065683543682098	0.4068318946020944
61523	SWEATY	0.17733531764575414	0.3704010077885219
62351	SWEATY	0.26977203147751944	0.5483233502932957
62465	SWEATY	0.08565176970192365	0.2515567072800228
251531	SWEATY	0.11326889800173896	0.26123426641736713
440917	SWEATY	0.0951073265501431	0.20143316686153412
637758	SWEATY	0.12543963747365133	0.3183783675943102
1549025	SWEATY	0.1191064114017146	0.2747524359396526
2733294	SWEATY	0.08461971900292806	0.2165282964706421
5281167	SWEATY	0.1766613849571773	0.37068656938416616
5281168	SWEATY	0.22252915373870305	0.4337133935519627
5318599	SWEATY	0.15580226055213384	0.3463853597640991
5352837	SWEATY	0.1376662084034511	0.2949249914714268
5364231	SWEATY	0.1186133644410542	0.28335116165024893
262	SWEATY	0.13521031077419007	0.3069822703089033
323	SWEATY	0.063480622534241	0.17868521170956747
750	SWEATY	0.23229374204363143	0.4335490252290453
753	SWEATY	0.15392388509852545	0.3350631126335689
962	SWEATY	0.08852949419191905	0.2539619079657963
5862	SWEATY	0.24607121518680028	0.48062548892838614
5962	SWEATY	0.34597404088292805	0.6140039137431553
6274	SWEATY	0.19813845200198038	0.40114412137440275
6322	SWEATY	0.2018966025539807	0.4066613231386457
6669	SWEATY	0.09311163531882423	0.26955087057181765
7137	SWEATY	0.0703713484108448	0.18847279463495528
15654	SWEATY	0.1837774089404515	0.40507892625672476
62089	SWEATY	0.36084979346820284	0.5906463946614947
853433	SWEATY	0.08210850187710353	0.2251650584595544
5371102	SWEATY	0.10007358608501297	0.2716137298515865
10857465	SWEATY	0.20233930434499467	0.4410797655582428
180	AMMONIA/URINOUS	0.23504424095153809	0.3701174855232239
264	AMMONIA/URINOUS	0.18701687242303575	0.32983796511377605
702	AMMONIA/URINOUS	0.17196289130619594	0.33006263204983305
1031	AMMONIA/URINOUS	0.19104429653712682	0.356723461832319
3102	AMMONIA/URINOUS	0.29326067864894867	0.40545294114521574
3314	AMMONIA/URINOUS	0.15697383135557175	0.28666241679872784
6506	AMMONIA/URINOUS	0.20119160626615798	0.30083552854401724
6544	AMMONIA/URINOUS	0.22315004893711635	0.33505135774612427
6561	AMMONIA/URINOUS	0.26657392723219736	0.41960555740765165
7092	AMMONIA/URINOUS	0.18429359580789292	0.32174529135227203
7302	AMMONIA/URINOUS	0.17884711495467595	0.3326537311077118
7476	AMMONIA/URINOUS	0.16136448936803	0.25334405047552927
7559	AMMONIA/URINOUS	0.2656501680612564	0.39101592557770865
7657	AMMONIA/URINOUS	0.35259308559553965	0.49676684822355
7770	AMMONIA/URINOUS	0.15700721740722656	0.3045251263039453
7793	AMMONIA/URINOUS	0.18306929085935866	0.26971650762217386
7797	AMMONIA/URINOUS	0.07409335247107915	0.16605028722967421
8025	AMMONIA/URINOUS	0.20379101591450827	0.35625982710293363
8049	AMMONIA/URINOUS	0.09475082904100418	0.20223237574100494
8094	AMMONIA/URINOUS	0.28061901671545847	0.40922009093420847
8419	AMMONIA/URINOUS	0.1376091901745115	0.21994287201336452
8438	AMMONIA/URINOUS	0.14666595948593958	0.23719701170921326
8468	AMMONIA/URINOUS	0.14810141601732799	0.2693864575454167
8815	AMMONIA/URINOUS	0.3228816177163805	0.4733289267335619
8878	AMMONIA/URINOUS	0.04784523908581052	0.11281417629548482
9012	AMMONIA/URINOUS	0.43299474460738047	0.5989404831613813
10886	AMMONIA/URINOUS	0.12377418790544782	0.22343473987919943
11567	AMMONIA/URINOUS	0.3430570193699428	0.44146386640412466
12020	AMMONIA/URINOUS	0.27807520968573435	0.404103411095483
12265	AMMONIA/URINOUS	0.32469324128968374	0.4527574011257717
12377	AMMONIA/URINOUS	0.288366505077907	0.45609853523118155
16537	AMMONIA/URINOUS	0.1640173899275916	0.29091564246586393
17898	AMMONIA/URINOUS	0.2605054889406477	0.4143986829689571
18467	AMMONIA/URINOUS	0.2467596573489053	0.40431967803410124
21363	AMMONIA/URINOUS	0.36783197947910856	0.4927057794162205
27440	AMMONIA/URINOUS	0.29352268150874544	0.47188944050243925
31219	AMMONIA/URINOUS	0.16232052658285415	0.29859693135534016
31276	AMMONIA/URINOUS	0.18047269327299936	0.29022333877427237
31283	AMMONIA/URINOUS	0.06681389255183083	0.15847433464867727
60998	AMMONIA/URINOUS	0.3643011323043278	0.49533026984759737
61523	AMMONIA/URINOUS	0.40006574988365173	0.5135439506598881
62351	AMMONIA/URINOUS	0.3147408025605338	0.48782903807503836
62465	AMMONIA/URINOUS	0.27432174129145487	0.4351942368916103
251531	AMMONIA/URINOUS	0.09408561087080411	0.20955242003713334
440917	AMMONIA/URINOUS	0.2794141492673329	0.3948346418993814
637758	AMMONIA/URINOUS	0.2023139957870756	0.33115836552211214
1549025	AMMONIA/URINOUS	0.0708281940647534	0.15639715322426387
2733294	AMMONIA/URINOUS	0.058149147246565135	0.12528334238699504
5281167	AMMONIA/URINOUS	0.18483382889202662	0.3161622498716627
5281168	AMMONIA/URINOUS	0.2596220544406346	0.3852103778294155
5318599	AMMONIA/URINOUS	0.24554558098316193	0.3647442970957075
5352837	AMMONIA/URINOUS	0.21841534759317124	0.3523700663021633
5364231	AMMONIA/URINOUS	0.11751613659518105	0.2284709449325289
262	AMMONIA/URINOUS	0.2366480337721961	0.36323537145342144
323	AMMONIA/URINOUS	0.2043350785970688	0.31644468222345623
750	AMMONIA/URINOUS	0.206825709768704	0.34412260566438946
753	AMMONIA/URINOUS	0.18889743089675903	0.31216220344815937
962	AMMONIA/URINOUS	0.1373591965862683	0.2691717658724104
5862	AMMONIA/URINOUS	0.22975228513990129	0.37785821301596506
5962	AMMONIA/URINOUS	0.2744107586996896	0.4004976153373718
6274	AMMONIA/URINOUS	0.16155209924493516	0.27302317534174236
6322	AMMONIA/URINOUS	0.19269543886184692	0.30650433897972107
6669	AMMONIA/URINOUS	0.07726063845413071	0.14218218624591827
7137	AMMONIA/URINOUS	0.15007344952651433	0.22530137853963034
15654	AMMONIA/URINOUS	0.25442734360694885	0.39885957751955303
62089	AMMONIA/URINOUS	0.377788564988545	0.5131867911134448
853433	AMMONIA/URINOUS	0.1938194249357496	0.32185755244323183
5371102	AMMONIA/URINOUS	0.3019402580601828	0.41183099150657654
10857465	AMMONIA/URINOUS	0.4442363253661564	0.52261968595641
180	DECAYED	0.11853932695729393	0.3677800978933062
264	DECAYED	0.12802531038011825	0.3618785653795515
702	DECAYED	0.09416301016296659	0.33215326922280447
1031	DECAYED	0.10018204578331538	0.3573582172393799
3102	DECAYED	0.07220492990953582	0.2540754867451532
3314	DECAYED	0.07271484072719302	0.2448186171906335
6506	DECAYED	0.11682335925953728	0.3163729395185198
6544	DECAYED	0.08918692065136773	0.2973219794886453
6561	DECAYED	0.1461342860545431	0.41929937260491507
7092	DECAYED	0.049741974898747036	0.24329847736018045
7302	DECAYED	0.08840608064617429	0.3171406090259552
7476	DECAYED	0.07158089109829494	0.2408890426158905
7559	DECAYED	0.06564261444977351	0.2638352406876428
7657	DECAYED	0.10071486553975514	0.32590186170169283
7770	DECAYED	0.1178237082702773	0.3708626287324088
7793	DECAYED	0.03835367225110531	0.14078346001250402
7797	DECAYED	0.07049595032419477	0.27805843523570467
8025	DECAYED	0.10442351975611278	0.3474506948675428
8049	DECAYED	0.07742805778980255	0.25909686727183207
8094	DECAYED	0.19831882842949458	0.4404881979737963
8419	DECAYED	0.057996783405542374	0.21873741916247777
8438	DECAYED	0.04479691120130675	0.19926177816731588
8468	DECAYED	0.06879552081227303	0.2446975644145693
8815	DECAYED	0.09328784687178475	0.34086258922304424
8878	DECAYED	0.06387787631579808	0.2274388074874878
9012	DECAYED	0.19540541725499289	0.5095751498426709
10886	DECAYED	0.08466792000191552	0.2853919693401882
11567	DECAYED	0.07167822974068778	0.2863440726484571
12020	DECAYED	0.08026787212916783	0.31128891025270733
12265	DECAYED	0.0912016789828028	0.34025771277291433
12377	DECAYED	0.22088476164000376	0.5143586610044751
16537	DECAYED	0.027528525995356695	0.17608543591839926
17898	DECAYED	0.14968072942325047	0.4391774662903377
18467	DECAYED	0.12422402522393636	0.39020435724939617
21363	DECAYED	0.22291258616106852	0.5124707221984863
27440	DECAYED	0.17795588288988387	0.4668075910636357
31219	DECAYED	0.0539608895778656	0.2613220853464944
31276	DECAYED	0.06556167879274913	0.2833156543118613
31283	DECAYED	0.06298526482922691	0.22388402904782975
60998	DECAYED	0.11038075068167277	0.3393698249544416
61523	DECAYED	0.10110175183841161	0.2778900329555784
62351	DECAYED	0.21143049214567458	0.5126188056809562
62465	DECAYED	0.09862462963376727	0.3412319677216666
251531	DECAYED	0.04972941508250577	0.18094806373119354
440917	DECAYED	-0.0012862110244376318	0.14329875367028372
637758	DECAYED	0.10512798385960716	0.3518809676170349
1549025	DECAYED	0.06730783970228263	0.18472786673477717
2733294	DECAYED	0.08303905544536454	0.27065066141741617
5281167	DECAYED	0.11198618156569344	0.3275564398084368
5281168	DECAYED	0.1520616433450154	0.38565273370061603
5318599	DECAYED	0.1041571285043444	0.30638544474329266
5352837	DECAYED	0.09462824357407433	0.2846477585179465
5364231	DECAYED	0.07157339634639877	0.2441767794745309
262	DECAYED	0.06863520720175334	0.29380795785358976
323	DECAYED	0.0596477101956095	0.2472828051873616
750	DECAYED	0.11430617634739194	0.3632103034428188
753	DECAYED	0.08056524608816419	0.28676154570920126
962	DECAYED	0.05259723163076809	0.23843133449554443
5862	DECAYED	0.16681627290589468	0.4616478213242122
5962	DECAYED	0.20320681376116617	0.492369328226362
6274	DECAYED	0.0994758637888091	0.3037875358547483
6322	DECAYED	0.10138626183782305	0.3133534959384373
6669	DECAYED	0.07663386953728539	0.23393050474779947
7137	DECAYED	0.07705147990158626	0.22763186054570334
15654	DECAYED	0.14457240913595473	0.425950220652989
62089	DECAYED	0.21669016565595353	0.47630789450236727
853433	DECAYED	0.08848559430667333	0.2817929301943098
5371102	DECAYED	0.07634681037494115	0.2568822886262621
10857465	DECAYED	0.15825244997228896	0.44218715599605013
180	WOOD	0.1795444573674883	0.34816795587539673
264	WOOD	0.18600359984806605	0.3413585765021188
702	WOOD	0.21586936925138747	0.3815236134188516
1031	WOOD	0.20667810950960433	0.36319010172571453
3102	WOOD	0.24579786402838572	0.4395849406719208
3314	WOOD	0.30667188337871004	0.5413116259234292
6506	WOOD	0.1997787207365036	0.35962999718529837
6544	WOOD	0.2334098560469491	0.43613279717309134
6561	WOOD	0.15196268260478973	0.3203158123152597
7092	WOOD	0.23891099010195052	0.4588804543018341
7302	WOOD	0.23788960065160478	0.4261308397565569
7476	WOOD	0.2387190226997648	0.44286067145211355
7559	WOOD	0.09776769205927849	0.253769834126745
7657	WOOD	0.17666440989289964	0.36277624538966585
7770	WOOD	0.023735657334327698	0.08493467739650182
7793	WOOD	0.155918117080416	0.3269426354340145
7797	WOOD	0.1054166778922081	0.259411232812064
8025	WOOD	0.1354152262210846	0.2830825788634164
8049	WOOD	0.250057903783662	0.40947205679757254
8094	WOOD	0.298755692584174	0.5444037445953914
8419	WOOD	0.24490714286054885	0.4416494369506836
8438	WOOD	0.1807367546217782	0.35652860573359896
8468	WOOD	0.35128171529088703	0.55985974414008
8815	WOOD	0.2297999837568828	0.46137918319020954
8878	WOOD	0.16554884612560272	0.3161568215915135
9012	WOOD	0.23753045073577336	0.41116778339658466
10886	WOOD	0.11597480412040438	0.2643074222973415
11567	WOOD	0.23508148959704808	0.4496690205165318
12020	WOOD	0.16414311528205872	0.3327436660017286
12265	WOOD	0.19424012303352356	0.39172325815473286
12377	WOOD	0.1925278561455863	0.3248301787035806
16537	WOOD	0.2806524251188551	0.5052967582430158
17898	WOOD	0.43438554661614553	0.6529697690691266
18467	WOOD	0.36022565620286123	0.5628913044929504
21363	WOOD	0.24458321290356771	0.4600688474518912
27440	WOOD	0.38887982283319744	0.6365865383829389
31219	WOOD	0.11273512776408877	0.26540617857660564
31276	WOOD	0.039623207811798365	0.15284909733704158
31283	WOOD	0.3372917558465685	0.5493797319275993
60998	WOOD	0.13091681259019033	0.32797588195119587
61523	WOOD	0.20291255627359664	0.38013744354248047
62351	WOOD	0.1993796761546816	0.4113173484802246
62465	WOOD	0.43627916489328655	0.6543178984097072
251531	WOOD	0.21487633671079362	0.3872779778071812
440917	WOOD	0.29215824604034424	0.4680996409484318
637758	WOOD	0.10604102377380643	0.26875580634389606
1549025	WOOD	0.24021188276154654	0.4342057534626552
2733294	WOOD	0.10875808341162545	0.2722552184547697
5281167	WOOD	0.2217316882950919	0.4204453613076891
5281168	WOOD	0.23025506947721755	0.4266882836818695
5318599	WOOD	0.3706140092441014	0.5714011107172284
5352837	WOOD	0.2409054594380515	0.4296831020287105
5364231	WOOD	0.21977693693978445	0.4238993227481842
262	WOOD	0.24054901727608272	0.4288567985807146
323	WOOD	0.22716816195419856	0.4211288264819554
750	WOOD	0.25019529461860657	0.43251587237630573
753	WOOD	0.2841480927807944	0.479953225169863
962	WOOD	0.2796617107731955	0.48601849164281574
5862	WOOD	0.22950323351791926	0.3934194530759539
5962	WOOD	0.30804623450551716	0.5330549648829869
6274	WOOD	0.41372773477009367	0.6110515339033944
6322	WOOD	0.372914582490921	0.5700369647571019
6669	WOOD	0.29159813693591524	0.4873141816684178
7137	WOOD	0.2704937905073166	0.5023796473230634
15654	WOOD	0.28279351336615427	0.5221485410417829
62089	WOOD	0.30776093687329975	0.5461496668202537
853433	WOOD	0.3056003749370575	0.5580963492393494
5371102	WOOD	0.2513815867049353	0.47585296630859375
10857465	WOOD	0.38218320267541067	0.642410125051226
180	GRASS	0.07073877911482539	0.18560896600995744
264	GRASS	0.07611639850905963	0.18378528101103647
702	GRASS	0.07531139733535903	0.19629083360944474
1031	GRASS	0.07432901486754417	0.1863597950765065
3102	GRASS	0.11752835022551673	0.2663260293858392
3314	GRASS	0.06775937655142375	0.19888708208288466
6506	GRASS	0.06902096633400236	0.1987353754895074
6544	GRASS	0.16838452645710536	0.363616943359375
6561	GRASS	0.06056155264377594	0.18100192717143468
7092	GRASS	0.07087239410196032	0.23398840640272414
7302	GRASS	0.09377548843622208	0.22858341889722006
7476	GRASS	0.13974314076559885	0.3054105384009225
7559	GRASS	0.07342644940529551	0.22770140426499502
7657	GRASS	0.13864571175404958	0.3124628450189318
7770	GRASS	0.02757051294403417	0.11974034458398819
7793	GRASS	0.09726391413382121	0.27116729957716806
7797	GRASS	0.10307681347642626	0.2599280902317592
8025	GRASS	0.05572324725134032	0.1651028139250619
8049	GRASS	0.058285491807120185	0.195386175598417
8094	GRASS	0.06960750956620489	0.21786990123135702
8419	GRASS	0.08202175476721354	0.2149185517004558
8438	GRASS	0.06570375763944217	0.1838709648166384
8468	GRASS	0.0999263556940215	0.24167563446930476
8815	GRASS	0.08348273485898972	0.2235541684286935
8878	GRASS	0.07022178173065186	0.17538517926420485
9012	GRASS	0.11024754494428635	0.27092018723487854
10886	GRASS	0.1593310215643474	0.3094523421355656
11567	GRASS	0.05809433811477253	0.19191851786204747
12020	GRASS	0.08050286024808884	0.2032038335289274
12265	GRASS	0.08697769578014101	0.22304792063576834
12377	GRASS	0.07547194883227348	0.18982244389397757
16537	GRASS	0.33434183256966726	0.578962402684348
17898	GRASS	0.09247603799615588	0.24108463738645827
18467	GRASS	0.08297304170472282	0.21562389603682927
21363	GRASS	0.07107503073556083	0.21197858452796936
27440	GRASS	0.1533281377383641	0.364502842937197
31219	GRASS	0.05069842455642564	0.17610700002738408
31276	GRASS	0.06315153517893382	0.19050789305141994
31283	GRASS	0.06428768379347664	0.18729270994663239
60998	GRASS	0.09469749831727572	0.2977427840232849
61523	GRASS	0.305115065404347	0.51314720085689
62351	GRASS	0.0936400858419282	0.2629448047706059
62465	GRASS	0.09348102658987045	0.24689785497529165
251531	GRASS	0.06401569822004863	0.2170629756791251
440917	GRASS	0.10317207766430718	0.3796154260635376
637758	GRASS	0.03920782836420195	0.15217322324003493
1549025	GRASS	0.0713722753737654	0.19404222071170807
2733294	GRASS	0.2535527284656252	0.3984013625553676
5281167	GRASS	0.32859921029635836	0.5248516883168902
5281168	GRASS	0.20043707745415823	0.400766270501273
5318599	GRASS	0.1454965802175658	0.31459212728909086
5352837	GRASS	0.2180294735091073	0.4066920748778752
5364231	GRASS	0.37742447427340914	0.5490617411477225
262	GRASS	0.09333960179771696	0.23144206617559707
323	GRASS	0.07480678388050624	0.22144592446940287
750	GRASS	0.08063065100993429	0.17743474032197679
753	GRASS	0.09249859516109739	0.21544229345662252
962	GRASS	0.10307307860680989	0.26404463819095064
5862	GRASS	0.07448561915329524	0.17897929676941463
5962	GRASS	0.09867328192506518	0.2102093334708895
6274	GRASS	0.10827997433287757	0.2274956234863826
6322	GRASS	0.10838569274970464	0.2282587949718748
6669	GRASS	0.08113856666854449	0.18628479966095515
7137	GRASS	0.07065509632229805	0.20660636467593058
15654	GRASS	0.06338319288832801	0.19504910707473755
62089	GRASS	0.03484749714178698	0.17380016829286302
853433	GRASS	0.07999216445854732	0.21100737367357528
5371102	GRASS	0.17257796653679439	0.3409669356686728
10857465	GRASS	0.1379561158163207	0.32393272859709604
180	FLOWER	0.10077167940991265	0.24691161726202285
264	FLOWER	0.13377015824828828	0.3125250424657549
702	FLOWER	0.12004059340272631	0.27443122225148336
1031	FLOWER	0.11022682062217168	0.2627610628093992
3102	FLOWER	0.16816799555506026	0.3788831276553018
3314	FLOWER	0.21709961337702616	0.44471435035978046
6506	FLOWER	0.15325870577778136	0.3383700507027762
6544	FLOWER	0.27930633085114615	0.5557336636951992
6561	FLOWER	0.09746520540543965	0.247903796178954
7092	FLOWER	0.20754499733448029	0.42826625279017855
7302	FLOWER	0.1211108650479998	0.30768129229545593
7476	FLOWER	0.412830718926021	0.6639044284820557
7559	FLOWER	0.36535833137375967	0.6417919056756156
7657	FLOWER	0.20961182883807591	0.4155252277851105
7770	FLOWER	0.24246494259153092	0.504082475389753
7793	FLOWER	0.5461306827408927	0.8204545038087028
7797	FLOWER	0.33395648428371977	0.5739350829805646
8025	FLOWER	0.11470444287572588	0.2601083538361958
8049	FLOWER	0.2121348295892988	0.39558648637362887
8094	FLOWER	0.07465054307665143	0.21461482558931624
8419	FLOWER	0.36864330087389263	0.61214131968362
8438	FLOWER	0.2980556573186602	0.525460456098829
8468	FLOWER	0.16205529549292155	0.3713339737483433
8815	FLOWER	0.15542540379932948	0.32937881350517273
8878	FLOWER	0.29210810150418964	0.4810867266995566
9012	FLOWER	0.0786855508174215	0.2016081895147051
10886	FLOWER	0.2859384460108621	0.5334555932453701
11567	FLOWER	0.09199270925351552	0.2701683874641146
12020	FLOWER	0.1131524390407971	0.28353248110839296
12265	FLOWER	0.09403339134795326	0.2741397001913616
12377	FLOWER	0.078071548470429	0.20043863781860896
16537	FLOWER	0.32711824774742126	0.623552313872746
17898	FLOWER	0.06366128048726491	0.16991787190948213
18467	FLOWER	0.090097505067076	0.21665861776896886
21363	FLOWER	0.13505455745118006	0.3171685678618295
27440	FLOWER	0.07245475000568799	0.18327767508370535
31219	FLOWER	0.34808383669172016	0.6195932882172721
31276	FLOWER	0.2659309208393097	0.5121786892414093
31283	FLOWER	0.22717092079775675	0.43709064381463186
60998	FLOWER	0.3468587441103799	0.6378857748849052
61523	FLOWER	0.39191514253616333	0.6619899272918701
62351	FLOWER	0.08036833256483078	0.19734101848942892
62465	FLOWER	0.11115145896162305	0.28116502719266073
251531	FLOWER	0.3251190781593323	0.5727410657065255
440917	FLOWER	0.18571241945028305	0.46668454153197153
637758	FLOWER	0.33438293422971455	0.6431782160486493
1549025	FLOWER	0.29598356570516315	0.5373483513082776
2733294	FLOWER	0.3737435553755079	0.6273530295916966
5281167	FLOWER	0.24314414177622115	0.49604875275066923
5281168	FLOWER	0.1561843061021396	0.34856466736112324
5318599	FLOWER	0.12079104674713952	0.31980916431971956
5352837	FLOWER	0.21624344800199782	0.4365625126021249
5364231	FLOWER	0.24314260908535548	0.48885265418461393
262	FLOWER	0.1211680823138782	0.3208265219415937
323	FLOWER	0.25373166160924093	0.4836547630173819
750	FLOWER	0.0975573297057833	0.25647038008485523
753	FLOWER	0.10997048978294645	0.3041726691382272
962	FLOWER	0.2520283843789782	0.4456600248813629
5862	FLOWER	0.08173532358237676	0.19974559119769505
5962	FLOWER	0.06162901648453304	0.22023745945521764
6274	FLOWER	0.10169272444077901	0.2819764273507254
6322	FLOWER	0.1221507266163826	0.2941494094473975
6669	FLOWER	0.4707904926368168	0.5840025288718087
7137	FLOWER	0.33734076789447237	0.6183964354651315
15654	FLOWER	0.058815847017935345	0.15800010306494577
62089	FLOWER	0.051319158502987454	0.17627255831445968
853433	FLOWER	0.26250092898096355	0.4952636020524161
5371102	FLOWER	0.20930436892168863	0.4128897913864681
10857465	FLOWER	0.2004604765347072	0.3410626585994448
180	CHEMICAL	0.23325125447341374	0.48557170374052866
264	CHEMICAL	0.17577081280095236	0.43586485726492746
702	CHEMICAL	0.19238378959042685	0.4394366443157196
1031	CHEMICAL	0.21293900907039642	0.4660872220993042
3102	CHEMICAL	0.3757504735674177	0.6134797164372036
3314	CHEMICAL	0.187068372964859	0.4372593547616686
6506	CHEMICAL	0.1810062655380794	0.41188569579805645
6544	CHEMICAL	0.3180596019540514	0.5963327458926609
6561	CHEMICAL	0.23958991255078996	0.5002005994319916
7092	CHEMICAL	0.3108213884489877	0.5961487293243408
7302	CHEMICAL	0.21739519919667924	0.4801769810063498
7476	CHEMICAL	0.2525238905634199	0.5206305129187447
7559	CHEMICAL	0.3417889305523464	0.6047746113368443
7657	CHEMICAL	0.3648646814482553	0.6072161538260323
7770	CHEMICAL	0.28555535418646677	0.5854353478976658
7793	CHEMICAL	0.22766119880335672	0.4632680458681924
7797	CHEMICAL	0.20623997492449625	0.5056212076119014
8025	CHEMICAL	0.218943076474326	0.4821395107678005
8049	CHEMICAL	0.17305529969079153	0.40796595386096407
8094	CHEMICAL	0.2918402467455183	0.5557676894324166
8419	CHEMICAL	0.15475565727267945	0.3790929062025888
8438	CHEMICAL	0.2403065711259842	0.4822829876627241
8468	CHEMICAL	0.2389835353408541	0.4982672802039555
8815	CHEMICAL	0.33930387667247225	0.6014930520738874
8878	CHEMICAL	0.16499229414122446	0.43872664655957905
9012	CHEMICAL	0.34319699662072317	0.6152340684618268
10886	CHEMICAL	0.23627292684146337	0.5289175936153957
11567	CHEMICAL	0.4878946415015629	0.693873473576137
12020	CHEMICAL	0.3655173565660204	0.6101248094013759
12265	CHEMICAL	0.3820991516113281	0.6270814367703029
12377	CHEMICAL	0.26615288853645325	0.5643924134118217
16537	CHEMICAL	0.27093183994293213	0.5984951938901629
17898	CHEMICAL	0.21910528200013296	0.4945086581366403
18467	CHEMICAL	0.21332121321133204	0.4770930750029428
21363	CHEMICAL	0.277781469481332	0.5578134826251439
27440	CHEMICAL	0.2805460606302534	0.5668107696941921
31219	CHEMICAL	0.3465155746255602	0.6271522726331439
31276	CHEMICAL	0.36664452297346933	0.6685451524598258
31283	CHEMICAL	0.15467708983591624	0.3868881378855024
60998	CHEMICAL	0.2357343158551625	0.4691206089087895
61523	CHEMICAL	0.34505790897778105	0.617628914969308
62351	CHEMICAL	0.18719387480190822	0.47473669052124023
62465	CHEMICAL	0.3258163162640163	0.5976822376251221
251531	CHEMICAL	0.19778864298548018	0.4688971255506788
440917	CHEMICAL	0.3941355858530317	0.6576748064586094
637758	CHEMICAL	0.2589321370635714	0.5563881822994777
1549025	CHEMICAL	0.11599938039268766	0.29753488515104565
2733294	CHEMICAL	0.18089712730475835	0.4544967881270817
5281167	CHEMICAL	0.23810180595942906	0.5276373539652143
5281168	CHEMICAL	0.2859914132526943	0.5660334740366254
5318599	CHEMICAL	0.3690544537135533	0.6367374317986625
5352837	CHEMICAL	0.2984775049345834	0.5871117285319737
5364231	CHEMICAL	0.25869629851409365	0.5428265844072614
262	CHEMICAL	0.3538561080183302	0.5961806178092957
323	CHEMICAL	0.34729570150375366	0.5991104074886867
750	CHEMICAL	0.24059876586709703	0.4958658048084804
753	CHEMICAL	0.25929129123687744	0.5083215194089072
962	CHEMICAL	0.2948880067893437	0.5569712349346706
5862	CHEMICAL	0.1779824197292328	0.4508052979196821
5962	CHEMICAL	0.2082735640662057	0.47979546019009184
6274	CHEMICAL	0.22909638498510634	0.4768182039260864
6322	CHEMICAL	0.2620266526937485	0.5105895953519004
6669	CHEMICAL	0.17544740651335036	0.41370644313948496
7137	CHEMICAL	0.17919093051127025	0.4293818473815918
15654	CHEMICAL	0.14652175349848612	0.4000870670591082
62089	CHEMICAL	0.3612006221498762	0.619482295853751
853433	CHEMICAL	0.22796667047909328	0.5085787986006055
5371102	CHEMICAL	0.4154804859842573	0.6862867389406476
10857465	CHEMICAL	0.42579957842826843	0.727164626121521
