oID	descriptor	value	sigma
263	INTENSITY/STRENGTH	0.33828744292259216	0.6955756715365818
1001	INTENSITY/STRENGTH	0.4325860185282571	0.6100119692938668
6569	INTENSITY/STRENGTH	0.3700919577053615	0.7486711910792759
6584	INTENSITY/STRENGTH	0.37735382999692646	0.7449045266423907
6997	INTENSITY/STRENGTH	0.6243640525000436	0.5677283491407122
6998	INTENSITY/STRENGTH	0.5790101970945086	0.611279811177935
7151	INTENSITY/STRENGTH	0.20111946974481856	0.558903055531638
7360	INTENSITY/STRENGTH	0.4027281275817326	0.5980943441390991
7632	INTENSITY/STRENGTH	0.5578609279223851	0.7159297892025539
7761	INTENSITY/STRENGTH	0.28554450614111765	0.6408107621329171
7826	INTENSITY/STRENGTH	0.41448775785309927	0.692504380430494
7894	INTENSITY/STRENGTH	0.26346135778086527	0.5586123594215938
7969	INTENSITY/STRENGTH	0.4195392557552883	0.6652937190873283
8077	INTENSITY/STRENGTH	0.42426284296172007	0.7136313319206238
8137	INTENSITY/STRENGTH	0.4364901866231646	0.6882282154900687
8375	INTENSITY/STRENGTH	0.7544409462383815	0.6258690868105207
8658	INTENSITY/STRENGTH	0.6481206885405949	0.6653699960027423
8908	INTENSITY/STRENGTH	0.43585850085530964	0.719643941947392
9256	INTENSITY/STRENGTH	0.31520832010677885	0.6648930736950466
11569	INTENSITY/STRENGTH	0.6892021639006478	0.66010981798172
12180	INTENSITY/STRENGTH	0.3889797968523843	0.792601900441306
14514	INTENSITY/STRENGTH	0.44695239833423067	0.57863507100514
21057	INTENSITY/STRENGTH	0.348136910370418	0.6216928277696881
21648	INTENSITY/STRENGTH	0.4283579247338431	0.6357633726937431
22310	INTENSITY/STRENGTH	0.5462412323270526	0.6924960017204285
23642	INTENSITY/STRENGTH	0.43663184131894794	0.6630889858518328
31249	INTENSITY/STRENGTH	0.35577842593193054	0.6883316550936017
60999	INTENSITY/STRENGTH	0.4484220232282366	0.6443777254649571
61005	INTENSITY/STRENGTH	0.30450553553445	0.6379218527248928
61130	INTENSITY/STRENGTH	0.4725234806537628	0.7612927045140948
61408	INTENSITY/STRENGTH	0.5040972105094365	0.7679715497153146
61653	INTENSITY/STRENGTH	0.46665880509785246	0.7211973241397313
62835	INTENSITY/STRENGTH	0.5396026032311576	0.6267217738287789
641423	INTENSITY/STRENGTH	0.3696160784789494	0.7556591374533517
1550470	INTENSITY/STRENGTH	0.5002086928912571	0.6896222233772278
5280450	INTENSITY/STRENGTH	0.3062967572893415	0.5856339931488037
5365027	INTENSITY/STRENGTH	0.5580024634088788	0.6993987815720695
8615	INTENSITY/STRENGTH	0.42469948530197144	0.6218042373657227
31404	INTENSITY/STRENGTH	0.23533349164894649	0.5441480534417289
3578033	INTENSITY/STRENGTH	0.5025349387100765	0.6623540776116508
5315892	INTENSITY/STRENGTH	0.5562938536916461	0.7609096765518188
263	VALENCE/PLEASANTNESS	0.43215579220226835	0.6373689004353115
1001	VALENCE/PLEASANTNESS	0.5042770675250462	0.6884849752698626
6569	VALENCE/PLEASANTNESS	0.4221895635128021	0.6061403325625828
6584	VALENCE/PLEASANTNESS	0.4494003483227321	0.6584242922919137
6997	VALENCE/PLEASANTNESS	0.48296218684741427	0.6612414802823748
6998	VALENCE/PLEASANTNESS	0.6986842666353498	0.6445021288735526
7151	VALENCE/PLEASANTNESS	0.5210197227341788	0.6282340458461216
7360	VALENCE/PLEASANTNESS	0.5295610683304923	0.6100617051124573
7632	VALENCE/PLEASANTNESS	0.5622706583568028	0.7292326007570539
7761	VALENCE/PLEASANTNESS	0.5204965387071881	0.6773860795157296
7826	VALENCE/PLEASANTNESS	0.678351742880685	0.6964233432497297
7894	VALENCE/PLEASANTNESS	0.5656370265143258	0.6099906052861895
7969	VALENCE/PLEASANTNESS	0.27806424668857027	0.5965968455587115
8077	VALENCE/PLEASANTNESS	0.28382440337112974	0.6130859511239188
8137	VALENCE/PLEASANTNESS	0.47233775683811735	0.6454118490219116
8375	VALENCE/PLEASANTNESS	0.6471014193126133	0.6895224366869245
8658	VALENCE/PLEASANTNESS	0.6984522683279855	0.6583891340664455
8908	VALENCE/PLEASANTNESS	0.5854623573166984	0.7538381048611232
9256	VALENCE/PLEASANTNESS	0.31146383711269926	0.5624137946537563
11569	VALENCE/PLEASANTNESS	0.8172400764056614	0.596075211252485
12180	VALENCE/PLEASANTNESS	0.4248609117099217	0.6798189197267804
14514	VALENCE/PLEASANTNESS	0.45545641013554167	0.5941533361162458
21057	VALENCE/PLEASANTNESS	0.48200523853302	0.632721449647631
21648	VALENCE/PLEASANTNESS	0.6050800255366734	0.6302987933158875
22310	VALENCE/PLEASANTNESS	0.6019892351967948	0.675232470035553
23642	VALENCE/PLEASANTNESS	0.3136031116758074	0.6147724219730922
31249	VALENCE/PLEASANTNESS	0.4859112671443394	0.6776264650481088
60999	VALENCE/PLEASANTNESS	0.5248400100639888	0.6578310983521598
61005	VALENCE/PLEASANTNESS	0.4759633924279894	0.621074208191463
61130	VALENCE/PLEASANTNESS	0.5003089989934649	0.6823321410587856
61408	VALENCE/PLEASANTNESS	0.4439286930220468	0.7114323973655701
61653	VALENCE/PLEASANTNESS	0.34015397088868277	0.6779128909111023
62835	VALENCE/PLEASANTNESS	0.5933785353388105	0.6668301395007542
641423	VALENCE/PLEASANTNESS	0.5742158889770508	0.7065488014902387
1550470	VALENCE/PLEASANTNESS	0.5891960433551243	0.6659635986600604
5280450	VALENCE/PLEASANTNESS	0.40125307015010286	0.533037292105811
5365027	VALENCE/PLEASANTNESS	0.4801466039248875	0.6288979990141732
8615	VALENCE/PLEASANTNESS	0.6916315129825047	0.6273878301892962
31404	VALENCE/PLEASANTNESS	0.5933856453214373	0.5936704788889203
3578033	VALENCE/PLEASANTNESS	0.5087396885667529	0.6708487016814095
5315892	VALENCE/PLEASANTNESS	0.6331451875822884	0.7658915519714355
263	BAKERY	0.03691464103758335	0.20238290514264787
1001	BAKERY	0.007013096074972834	0.1524385501231466
6569	BAKERY	0.016621261835098267	0.13207974710634776
6584	BAKERY	0.0316912763352905	0.1959787905216217
6997	BAKERY	0.05883538616555078	0.22086026625973837
6998	BAKERY	0.24032482930592128	0.5208421008927482
7151	BAKERY	0.06126435101032257	0.27587944694927763
7360	BAKERY	0.10679262663636889	0.3348106358732496
7632	BAKERY	0.009146542687501227	0.15366444417408534
7761	BAKERY	0.042344014293381145	0.23786035180091858
7826	BAKERY	0.0896907454090459	0.34528485792023794
7894	BAKERY	0.099925055035523	0.33197135584695
7969	BAKERY	0.05557180568575859	0.2945595937115805
8077	BAKERY	0.042100166635853906	0.1946147424834115
8137	BAKERY	0.010030292772821017	0.1517456876380103
8375	BAKERY	0.15373748328004563	0.3834459270749773
8658	BAKERY	0.19148303781236922	0.4524999814374106
8908	BAKERY	0.02771871829671519	0.19229975981371744
9256	BAKERY	0.04192376136779785	0.2185459222112383
11569	BAKERY	0.42659483211381094	0.6855915018490383
12180	BAKERY	0.024213053552167758	0.1578354069164821
14514	BAKERY	0.11935634804623467	0.3478649684361049
21057	BAKERY	0.029869666589157923	0.1730598658323288
21648	BAKERY	0.13586309658629553	0.3462520752634321
22310	BAKERY	0.07572897257549423	0.2518928838627679
23642	BAKERY	0.06822232582739421	0.2968852307115282
31249	BAKERY	0.03323248268238136	0.20643123984336853
60999	BAKERY	0.04780767858028412	0.1957011946610042
61005	BAKERY	0.03751492207603795	0.19357043291841233
61130	BAKERY	0.022338059597781727	0.10999851993152074
61408	BAKERY	0.038004478705780845	0.2245116446699415
61653	BAKERY	0.11754136319671359	0.39826829518590656
62835	BAKERY	0.27406505814620424	0.6015373979296003
641423	BAKERY	0.08848934407745089	0.31801298686436247
1550470	BAKERY	0.05189174387071814	0.24637202279908316
5280450	BAKERY	0.03432691842317581	0.1441063391310828
5365027	BAKERY	0.016735680401325226	0.10413351655006409
8615	BAKERY	0.024589928931423595	0.165672382073743
31404	BAKERY	0.030516591455255235	0.18242605882031576
3578033	BAKERY	0.14609021374157496	0.3760360947677067
5315892	BAKERY	0.14314336755446025	0.3988067976066044
263	SWEET	0.15556304795401438	0.538238661629813
1001	SWEET	0.17586802584784372	0.569069675036839
6569	SWEET	0.11143236075128828	0.4244471660682133
6584	SWEET	0.16718417086771556	0.5758639659200396
6997	SWEET	0.17220272762434824	0.499511969941003
6998	SWEET	0.45320044245038715	0.8494400637490409
7151	SWEET	0.1786515521151679	0.5626196265220642
7360	SWEET	0.23108515356268203	0.6089159250259399
7632	SWEET	0.24249399772712163	0.6570504307746887
7761	SWEET	0.24337285331317357	0.6516718779291425
7826	SWEET	0.479259192943573	0.8864361473492214
7894	SWEET	0.25786821969917845	0.6356126666069031
7969	SWEET	0.0526336245238781	0.2960058493273599
8077	SWEET	0.08150979237897056	0.2506210676261357
8137	SWEET	0.15219925876174653	0.4908105305262974
8375	SWEET	0.3921238822596414	0.7815702557563782
8658	SWEET	0.47593119740486145	0.8608905247279576
8908	SWEET	0.33798388498170034	0.8026807733944484
9256	SWEET	0.05123006924986839	0.2600395658186504
11569	SWEET	0.6282084499086652	0.9215159927095685
12180	SWEET	0.1928340026310512	0.6196271947452
14514	SWEET	0.19443721430642263	0.5550321851457868
21057	SWEET	0.1490840379680906	0.5104888464723315
21648	SWEET	0.2932554568563189	0.6651033077921186
22310	SWEET	0.28985546103545595	0.677422319139753
23642	SWEET	0.07930163027984756	0.33926678555352346
31249	SWEET	0.2257730918271201	0.6258691719600132
60999	SWEET	0.2541086120264871	0.652177631855011
61005	SWEET	0.18966280349663325	0.5889392154557365
61130	SWEET	0.15406624972820282	0.4810086190700531
61408	SWEET	0.2936753375189645	0.6943283591951642
61653	SWEET	0.13855195471218654	0.4776304704802377
62835	SWEET	0.3253515235015324	0.7488408514431545
641423	SWEET	0.3319594051156725	0.7847136514527457
1550470	SWEET	0.33122113772800993	0.7022997311183384
5280450	SWEET	0.09727042328034129	0.3680234806878226
5365027	SWEET	0.1844408937862941	0.5039724494729724
8615	SWEET	0.35299264958926607	0.7471184645380292
31404	SWEET	0.21735349084649766	0.5706597183431897
3578033	SWEET	0.2199104470866067	0.5871120350701469
5315892	SWEET	0.40585336089134216	0.85938903263637
263	FRUIT	0.12001652802739825	0.343501763684409
1001	FRUIT	0.09778245112725667	0.3101008491856711
6569	FRUIT	0.048860986317907064	0.22853398323059082
6584	FRUIT	0.1513210183807782	0.37463076199804035
6997	FRUIT	0.08654476436121124	0.30071733253342764
6998	FRUIT	0.2423629696880068	0.5233880877494812
7151	FRUIT	0.10408962624413627	0.3091168446200235
7360	FRUIT	0.1251849510840007	0.3203901435647692
7632	FRUIT	0.22715600047792708	0.5501580664089748
7761	FRUIT	0.23077802785805293	0.4816984917436327
7826	FRUIT	0.47034247858183725	0.7579612306186131
7894	FRUIT	0.15405538252421788	0.3513425205435072
7969	FRUIT	0.05436795470970018	0.14283548721245357
8077	FRUIT	0.08170098651732717	0.18790856429508754
8137	FRUIT	0.16714268497058324	0.4385514642511095
8375	FRUIT	0.20955036580562592	0.4951277715819223
8658	FRUIT	0.29903492757252287	0.5957383172852653
8908	FRUIT	0.3657635194914682	0.720036336353847
9256	FRUIT	0.03453500010073185	0.1423084576215063
11569	FRUIT	0.31740361877850126	0.6311104467936924
12180	FRUIT	0.20004922577313014	0.4756143433707101
14514	FRUIT	0.08426795953086444	0.27334579825401306
21057	FRUIT	0.07982959225773811	0.2800561657973698
21648	FRUIT	0.16858759309564317	0.3885209219796317
22310	FRUIT	0.20532448589801788	0.48858369674001423
23642	FRUIT	0.06477148884109088	0.18754277059010097
31249	FRUIT	0.25730328474725994	0.5261230851922717
60999	FRUIT	0.19029491714068822	0.45178128140313284
61005	FRUIT	0.18333102549825395	0.4685418052332742
61130	FRUIT	0.0897557522569384	0.2877002273287092
61408	FRUIT	0.33779738204819815	0.6439640436853681
61653	FRUIT	0.11021509660141808	0.27146015422684805
62835	FRUIT	0.1407724278313773	0.35229132430894033
641423	FRUIT	0.23639837120260512	0.5234731180327279
1550470	FRUIT	0.3791650746549879	0.6350163306508746
5280450	FRUIT	0.08462046193225044	0.19858238526753016
5365027	FRUIT	0.17527314807687486	0.40885187472615925
8615	FRUIT	0.23285232484340668	0.47928001625197275
31404	FRUIT	0.08201739351664271	0.27368578740528654
3578033	FRUIT	0.1622977735740798	0.347434972013746
5315892	FRUIT	0.17660380048411234	0.4641497773783548
263	FISH	0.06133957313639777	0.18659277260303497
1001	FISH	0.03854031328644071	0.14488357518400466
6569	FISH	0.040511111595800946	0.16651365160942078
6584	FISH	0.06831209840519088	0.192138495189803
6997	FISH	0.06829548733575004	0.1623393531356539
6998	FISH	0.016236339030521258	0.06372961561594691
7151	FISH	0.04587300840233054	0.15891860319035395
7360	FISH	0.03360048548451492	0.12420521037919181
7632	FISH	0.05069539616150515	0.15089302616459982
7761	FISH	0.054946783397878916	0.15875349300248282
7826	FISH	0.02638017146715096	0.1113281739609582
7894	FISH	0.0315271219504731	0.12464455834456853
7969	FISH	0.21680344215461186	0.4466108126299722
8077	FISH	0.307940947157996	0.565158737557275
8137	FISH	0.10831906433616366	0.2778562286070415
8375	FISH	0.04387633901621614	0.11927356145211629
8658	FISH	0.020779316978795186	0.07085953865732465
8908	FISH	0.020272938667663505	0.07491318508982658
9256	FISH	0.23368305606501444	0.4886887754712786
11569	FISH	0.016431538122040883	0.05144324712455273
12180	FISH	0.05789967253804207	0.18191715010574885
14514	FISH	0.04398514037685735	0.14594864206654684
21057	FISH	0.031183229493243352	0.14697758427688054
21648	FISH	0.012303202812160765	0.10485541501215526
22310	FISH	0.030222074394779547	0.1126176512667111
23642	FISH	0.20255483048302786	0.40658257263047354
31249	FISH	0.0842105011854853	0.21884380280971527
60999	FISH	0.027232566848397255	0.12049105337687901
61005	FISH	0.03508442600390741	0.15232137803520476
61130	FISH	-0.007897052647812026	0.058233331622821946
61408	FISH	0.10844405314752034	0.24320041494710104
61653	FISH	0.16166474563734873	0.34395648751940044
62835	FISH	0.03386365542454379	0.10377143216984612
641423	FISH	0.04148035150553499	0.15178482873099192
1550470	FISH	0.06933106694902692	0.18319335792745864
5280450	FISH	0.06210111400910786	0.18023854068347386
5365027	FISH	0.061809275299310684	0.15568821132183075
8615	FISH	0.01156781188079289	0.06321978888341359
31404	FISH	0.024927424266934395	0.1359709714140211
3578033	FISH	0.07801506455455508	0.19727772900036403
5315892	FISH	0.028665264403181418	0.12695280888250896
263	GARLIC	0.09044595062732697	0.29318249225616455
1001	GARLIC	0.07210101985505649	0.2399343784366335
6569	GARLIC	0.09224258576120649	0.2794225641659328
6584	GARLIC	0.10909614179815565	0.29597514654908863
6997	GARLIC	0.06907432100602559	0.19019180536270142
6998	GARLIC	0.04695106510605131	0.15231722167560033
7151	GARLIC	0.09951357756342206	0.29552910157612394
7360	GARLIC	0.07675671630672046	0.2524945948805128
7632	GARLIC	0.07902333672557559	0.2148646797452654
7761	GARLIC	0.1075940728187561	0.2967438186917986
7826	GARLIC	0.06205163523554802	0.190966363464083
7894	GARLIC	0.08454685338905879	0.2650786851133619
7969	GARLIC	0.26313820268426624	0.5307270969663348
8077	GARLIC	0.4271268674305507	0.6630069783755711
8137	GARLIC	0.1075127688901765	0.3027771157877786
8375	GARLIC	0.07510492258838244	0.16312769055366516
8658	GARLIC	0.04793824069201946	0.13674385845661163
8908	GARLIC	0.049237394971506934	0.16200788744858333
9256	GARLIC	0.29178253029073986	0.5498260983398983
11569	GARLIC	0.04527665222329753	0.13438972511461802
12180	GARLIC	0.07737574194158826	0.276935692344393
14514	GARLIC	0.06884956040552684	0.2449744599206107
21057	GARLIC	0.08219410159758159	0.26156926580837797
21648	GARLIC	0.06039858503001077	0.23011879410062516
22310	GARLIC	0.06722731622202056	0.1821494655949729
23642	GARLIC	0.25289892085960936	0.49129747067178997
31249	GARLIC	0.10945144508566175	0.3025202027388981
60999	GARLIC	0.059728462249040604	0.2146565020084381
61005	GARLIC	0.05969501978584698	0.2356110747371401
61130	GARLIC	0.03641729522496462	0.16653393528291158
61408	GARLIC	0.10659567053828921	0.2983089898313795
61653	GARLIC	0.16657630673476628	0.38862318652016775
62835	GARLIC	0.07398301948394094	0.2617331530366625
641423	GARLIC	0.06357105608497347	0.21740530644144332
1550470	GARLIC	0.08960272371768951	0.2391389331647328
5280450	GARLIC	0.1255135823573385	0.3234702731881823
5365027	GARLIC	0.08637309819459915	0.24172342887946538
8615	GARLIC	0.05712956562638283	0.15113065711089543
31404	GARLIC	0.06989048314946038	0.23752163563455855
3578033	GARLIC	0.10615321780954089	0.29206036244119915
5315892	GARLIC	0.0590237770229578	0.1735462290900094
263	SPICES	0.15036268958023616	0.3529907890728542
1001	SPICES	0.16945511102676392	0.3741051810128348
6569	SPICES	0.1625917043004717	0.35252515758786884
6584	SPICES	0.1522538959980011	0.33966350129672457
6997	SPICES	0.24117557065827505	0.47367216859545025
6998	SPICES	0.26422407797404696	0.5128328417028699
7151	SPICES	0.20616130317960465	0.42161729506083895
7360	SPICES	0.1838088525193078	0.4209320970943996
7632	SPICES	0.23163436566080367	0.45009879555021015
7761	SPICES	0.12557276976960047	0.3171191854136331
7826	SPICES	0.13950427728039877	0.36273275528635296
7894	SPICES	0.19317822371210372	0.4140502299581255
7969	SPICES	0.20725564658641815	0.44879756229264395
8077	SPICES	0.32168974195207867	0.5866479277610779
8137	SPICES	0.22097461777073996	0.43863093852996826
8375	SPICES	0.2594512722321919	0.48932743072509766
8658	SPICES	0.22746839267866953	0.4603112297398703
8908	SPICES	0.10399770310946874	0.3047650839601244
9256	SPICES	0.29008099011012484	0.5388384120804923
11569	SPICES	0.29212468011038645	0.5433249047824315
12180	SPICES	0.11318350583314896	0.2937022490160806
14514	SPICES	0.16370677309376852	0.3766152390411922
21057	SPICES	0.20410279503890447	0.4307254936013903
21648	SPICES	0.24783973821571895	0.46442154901368277
22310	SPICES	0.24118645276342118	0.46129792077200754
23642	SPICES	0.2207103031022208	0.48014209951673237
31249	SPICES	0.13539203362805502	0.3224013192313058
60999	SPICES	0.1793516661439623	0.37941300868988037
61005	SPICES	0.15196083911827632	0.3427483098847525
61130	SPICES	0.2805382141045162	0.5514038630894252
61408	SPICES	0.11786328149693352	0.3270425115312849
61653	SPICES	0.17745845019817352	0.379622893674033
62835	SPICES	0.21530141362122127	0.5019533847059522
641423	SPICES	0.2231858436550413	0.4216236344405583
1550470	SPICES	0.1564019982303892	0.3539486527442932
5280450	SPICES	0.16462663880416326	0.3950648478099278
5365027	SPICES	0.14918033991541182	0.3635044481073107
8615	SPICES	0.1605041069643838	0.35830700397491455
31404	SPICES	0.18499138738427842	0.4230462355273111
3578033	SPICES	0.23265529530388968	0.45091916833605084
5315892	SPICES	0.2896539441176823	0.5044411846569606
263	COLD	0.21061113689626967	0.3963673881122044
1001	COLD	0.25334795245102476	0.44552442005702425
6569	COLD	0.3312383549554007	0.5037537174565452
6584	COLD	0.22480239825589315	0.4079797863960266
6997	COLD	0.3588188248021262	0.5204664426190513
6998	COLD	0.3262049513203757	0.49074304529598783
7151	COLD	0.22937532195023128	0.3782100762639727
7360	COLD	0.2330538226025445	0.40687558480671476
7632	COLD	0.3268661094563348	0.5044431175504412
7761	COLD	0.20591011217662267	0.3904753157070705
7826	COLD	0.2099124448640006	0.42117039220673697
7894	COLD	0.22753157998834336	0.4034425573689597
7969	COLD	0.10562749526330403	0.26016821605818613
8077	COLD	0.11369854211807251	0.28824577586991446
8137	COLD	0.27061491140297483	0.43692161781447275
8375	COLD	0.33443557790347506	0.5095768400600978
8658	COLD	0.2872969274009977	0.47948447295597624
8908	COLD	0.2732061317988804	0.48282031076295034
9256	COLD	0.1135436190026147	0.26051426785332815
11569	COLD	0.16079831974846975	0.3358743829386575
12180	COLD	0.22156888246536255	0.4084791030202593
14514	COLD	0.18944241319383895	0.3759256260735648
21057	COLD	0.33316923465047565	0.48797387736184256
21648	COLD	0.20939869540078299	0.37664111597197397
22310	COLD	0.3488096977983202	0.525153364453997
23642	COLD	0.111542566546372	0.2770742305687496
31249	COLD	0.1892363578081131	0.37702385442597525
60999	COLD	0.21598696495805467	0.39954076068741934
61005	COLD	0.19919499542031968	0.36191193546567646
61130	COLD	0.4818670153617859	0.6193691406931195
61408	COLD	0.1615845880338124	0.3581707179546356
61653	COLD	0.1453767865896225	0.30137357115745544
62835	COLD	0.15410000085830688	0.3257319671767099
641423	COLD	0.202021986246109	0.39890727400779724
1550470	COLD	0.22058128884860448	0.39488196798733305
5280450	COLD	0.17357109274183	0.35048973134585787
5365027	COLD	0.3216679777417864	0.4853062118802752
8615	COLD	0.29841833455221994	0.48777223910604206
31404	COLD	0.2194441556930542	0.4083610773086548
3578033	COLD	0.17113706043788365	0.34494341697011677
5315892	COLD	0.195046067237854	0.40135301436696735
263	SOUR	0.3571235239505768	0.57616297687803
1001	SOUR	0.2092582732439041	0.48640720333371845
6569	SOUR	0.2631463408470154	0.4895556015627725
6584	SOUR	0.331044111933027	0.5345527274268014
6997	SOUR	0.17126265806811197	0.373622511114393
6998	SOUR	0.10274102219513484	0.3154125596795763
7151	SOUR	0.26796646203313557	0.5037725567817688
7360	SOUR	0.22922041799340928	0.45938059261866976
7632	SOUR	0.23297424188682012	0.477728362594332
7761	SOUR	0.2982195360319955	0.5339500478335789
7826	SOUR	0.2225902612720217	0.47641739674976896
7894	SOUR	0.21283592922346933	0.46089033995355877
7969	SOUR	0.4223363825253078	0.7080371379852295
8077	SOUR	0.49662038683891296	0.758378233228411
8137	SOUR	0.30665989433016094	0.5422867664269039
8375	SOUR	0.12162675708532333	0.32013546994754244
8658	SOUR	0.1327690609863826	0.3495384752750397
8908	SOUR	0.24230944684573583	0.4916732226099287
9256	SOUR	0.4762239711625235	0.7487395746367318
11569	SOUR	0.13569719131503785	0.33092017258916584
12180	SOUR	0.4005363626139505	0.6062990256718227
14514	SOUR	0.25566224115235464	0.4841630458831787
21057	SOUR	0.24886455919061387	0.4767986238002777
21648	SOUR	0.18419386872223445	0.4344677116189684
22310	SOUR	0.19263541272708348	0.42583504744938444
23642	SOUR	0.3791686637060983	0.6359327350343976
31249	SOUR	0.3835106449467795	0.6121145827429635
60999	SOUR	0.2882309470857893	0.4874050830091749
61005	SOUR	0.3742302485874721	0.5934660945619855
61130	SOUR	0.1846691370010376	0.4248906799725124
61408	SOUR	0.5216802443776812	0.7345726319721767
61653	SOUR	0.3537107493196215	0.6343214086123875
62835	SOUR	0.20358638252530778	0.4150636451584952
641423	SOUR	0.2740143133061273	0.4940704916204725
1550470	SOUR	0.3192963259560721	0.5597914627620152
5280450	SOUR	0.3256825634411403	0.5367522367409298
5365027	SOUR	0.24602117921624864	0.4670510632651193
8615	SOUR	0.15148126014641353	0.3922730301107679
31404	SOUR	0.21737563397203172	0.3817212794508253
3578033	SOUR	0.2424678930214473	0.481705231325967
5315892	SOUR	0.20608366387231009	0.4054363795689174
263	BURNT	0.07444535355482783	0.2697939894029072
1001	BURNT	0.09173421029533659	0.3284618301051004
6569	BURNT	0.07929345220327377	0.2798707016876766
6584	BURNT	0.09409791124718529	0.2754208488123758
6997	BURNT	0.16975460946559906	0.4490559569426945
6998	BURNT	0.07483659791094917	0.2725479283503124
7151	BURNT	0.10713298512356621	0.34003161106790813
7360	BURNT	0.10821623142276492	0.3082262703350612
7632	BURNT	0.10656194388866425	0.3227549833910806
7761	BURNT	0.10745727164404732	0.28214838249342783
7826	BURNT	0.051357190789920945	0.20151512324810028
7894	BURNT	0.07208375366670745	0.2810852272169931
7969	BURNT	0.32681865777288166	0.6409654191562107
8077	BURNT	0.17081001826695033	0.4663082105772836
8137	BURNT	0.12567716517618724	0.3658595638615744
8375	BURNT	0.10780122131109238	0.31500606877463205
8658	BURNT	0.056324659713677	0.22039737020220077
8908	BURNT	0.07108838190989834	0.24467082747391292
9256	BURNT	0.18168769776821136	0.4646010867186955
11569	BURNT	0.05606133331145559	0.2194320112466812
12180	BURNT	0.0789664558001927	0.24599304795265198
14514	BURNT	0.17726050317287445	0.43188885705811636
21057	BURNT	0.0754908456334046	0.2759577738387244
21648	BURNT	0.12187629618815013	0.3530711361340114
22310	BURNT	0.0803362817636558	0.2679507987839835
23642	BURNT	0.2957089756216322	0.6078569207872663
31249	BURNT	0.11685843020677567	0.3016260266304016
60999	BURNT	0.08430081286600657	0.2554540250982557
61005	BURNT	0.09183580960546221	0.2831812798976898
61130	BURNT	0.08337332787258285	0.2874981697116579
61408	BURNT	0.09582733256476265	0.2694264841931207
61653	BURNT	0.24331006407737732	0.5484722469534192
62835	BURNT	0.21019304437296732	0.4524619366441454
641423	BURNT	0.060607635016952245	0.22032809257507324
1550470	BURNT	0.1098900016929422	0.2889467860971178
5280450	BURNT	0.21115981893880026	0.5374769994190761
5365027	BURNT	0.15825938539845602	0.39043361374310087
8615	BURNT	0.05950672924518585	0.22680075892380305
31404	BURNT	0.08677000179886818	0.3053749884877886
3578033	BURNT	0.19152124119656427	0.4439378040177481
5315892	BURNT	0.05921541420476777	0.24133711627551488
263	ACID	0.26732562695230755	0.4808423008237566
1001	ACID	0.23716393538883754	0.4907110631465912
6569	ACID	0.49632554394858225	0.7138304540089199
6584	ACID	0.33533057996204924	0.5483806729316711
6997	ACID	0.40899486201150076	0.642319313117436
6998	ACID	0.14485685314450944	0.3645287879875728
7151	ACID	0.25417072645255495	0.4412115386554173
7360	ACID	0.22351964243820735	0.40992036887577604
7632	ACID	0.3735208085605076	0.5962582656315395
7761	ACID	0.24648199336869375	0.4385990415300642
7826	ACID	0.1597644409963063	0.33848729729652405
7894	ACID	0.17600669179643905	0.3787636799471719
7969	ACID	0.31514981389045715	0.5614078726087298
8077	ACID	0.35459189329828533	0.597138694354466
8137	ACID	0.28095164043562754	0.5029458616461072
8375	ACID	0.2291028414453779	0.4766640365123749
8658	ACID	0.1710831512297903	0.3988401634352548
8908	ACID	0.3331856301852635	0.5469875165394374
9256	ACID	0.2805447961602892	0.5044053750378745
11569	ACID	0.0880894283098834	0.26795453258923124
12180	ACID	0.34800632085118977	0.5498716277735574
14514	ACID	0.29675554803439547	0.49774646759033203
21057	ACID	0.2939881682395935	0.5161090237753732
21648	ACID	0.17398206889629364	0.36807372740336824
22310	ACID	0.25360998937061857	0.4841236344405583
23642	ACID	0.32776056017194477	0.5590663381985256
31249	ACID	0.23801157304218837	0.4210294101919447
60999	ACID	0.24111431198460714	0.44161749737603323
61005	ACID	0.2336750328540802	0.4059508570602962
61130	ACID	0.3848006171839578	0.5958066838128226
61408	ACID	0.19434017368725368	0.37892105749675203
61653	ACID	0.3300336641924722	0.5872405767440796
62835	ACID	0.15390379939760482	0.3062494226864406
641423	ACID	0.15628590541226522	0.3788628365312304
1550470	ACID	0.19246865808963776	0.3854957904134478
5280450	ACID	0.3597929690565382	0.5455975617681231
5365027	ACID	0.31227894340242657	0.5440901006971087
8615	ACID	0.13803025228636606	0.36732305799211773
31404	ACID	0.28236669089112965	0.45323275242533
3578033	ACID	0.20293262813772475	0.4170785290854318
5315892	ACID	0.1402154415845871	0.41162908502987455
263	WARM	0.23535464065415518	0.46341265950884136
1001	WARM	0.2344748888696943	0.4476931265422276
6569	WARM	0.21559979447296687	0.43181943893432617
6584	WARM	0.2320721298456192	0.45642586265291485
6997	WARM	0.3272980110985892	0.5496821999549866
6998	WARM	0.4403842900480543	0.63783517905644
7151	WARM	0.30167441708701	0.5066786195550647
7360	WARM	0.27199683231966837	0.478138336113521
7632	WARM	0.30562880635261536	0.5497595497540065
7761	WARM	0.2443934828042984	0.47481460656438557
7826	WARM	0.2862563984734671	0.5543841634477887
7894	WARM	0.2658024792160307	0.4839818392481123
7969	WARM	0.38516601068632944	0.6219066807201931
8077	WARM	0.36199059230940683	0.6064339876174927
8137	WARM	0.27754832591329304	0.5145945378712246
8375	WARM	0.4317485306944166	0.6416359714099339
8658	WARM	0.3915110102721623	0.6092221140861511
8908	WARM	0.26117839344910215	0.509012201002666
9256	WARM	0.31892515080315725	0.5393381118774414
11569	WARM	0.5526640926088605	0.7051588807787214
12180	WARM	0.2531891678060804	0.49615148987088886
14514	WARM	0.3341852128505707	0.5412321516445705
21057	WARM	0.23758238979748317	0.45733633637428284
21648	WARM	0.36103734374046326	0.5511166964258466
22310	WARM	0.3465071661131723	0.586227434022086
23642	WARM	0.40607415778296335	0.6420385241508484
31249	WARM	0.2502592461449759	0.48356094104903086
60999	WARM	0.344760000705719	0.5624753662518093
61005	WARM	0.2827319247382028	0.5059716956956046
61130	WARM	0.38909657512392315	0.6298027208873204
61408	WARM	0.3031966303076063	0.5618883967399597
61653	WARM	0.38424860153879437	0.6516426120485578
62835	WARM	0.49714219144412447	0.6718423536845616
641423	WARM	0.34774101631981985	0.6049858331680298
1550470	WARM	0.2830176183155605	0.5116553987775531
5280450	WARM	0.37144151755741667	0.6151935117585319
5365027	WARM	0.31824678608349394	0.5384565591812134
8615	WARM	0.27631866931915283	0.4867831426007407
31404	WARM	0.32972124218940735	0.546490511723927
3578033	WARM	0.3935931069510324	0.6237551995686123
5315892	WARM	0.46077187997954233	0.6982232076781136
263	MUSKY	0.2989876866340637	0.5507289639541081
1001	MUSKY	0.2827794360263007	0.5822186810629708
6569	MUSKY	0.2109064438513347	0.4706387051514217
6584	MUSKY	0.23664447026593344	0.5012920413698468
6997	MUSKY	0.1710873884814126	0.39895098975726534
6998	MUSKY	0.1105555413024766	0.26357189459460123
7151	MUSKY	0.2341362578528268	0.4581800784383501
7360	MUSKY	0.20828127435275487	0.45533293911388945
7632	MUSKY	0.1773160078695842	0.46392446756362915
7761	MUSKY	0.19759334410939897	0.4581125591482435
7826	MUSKY	0.127361322087901	0.386588522366115
7894	MUSKY	0.22077885908739908	0.4596897874559675
7969	MUSKY	0.422139082636152	0.7242101430892944
8077	MUSKY	0.3389016432421548	0.6670405694416591
8137	MUSKY	0.23363656869956426	0.5316665257726397
8375	MUSKY	0.14928546122142247	0.3611101806163788
8658	MUSKY	0.14335298325334275	0.3430810996464321
8908	MUSKY	0.15667220311505453	0.4164991889681135
9256	MUSKY	0.37645936012268066	0.6807899134499686
11569	MUSKY	0.1109512522816658	0.27488528404917034
12180	MUSKY	0.28591421246528625	0.5197815682206836
14514	MUSKY	0.2899890286581857	0.5735830366611481
21057	MUSKY	0.2495346473796027	0.47522832666124615
21648	MUSKY	0.21575663558074407	0.4512499613421304
22310	MUSKY	0.16466081142425537	0.41834556630679537
23642	MUSKY	0.36144767488752094	0.6691323348454067
31249	MUSKY	0.24650827263082778	0.5014410657542092
60999	MUSKY	0.3120777649538858	0.5565435716084072
61005	MUSKY	0.335120895079204	0.5681851421083722
61130	MUSKY	0.21953648967402323	0.47810482127325876
61408	MUSKY	0.37537298457963125	0.6359767913818359
61653	MUSKY	0.38602172902652193	0.7237646920340401
62835	MUSKY	0.21046461164951324	0.4715136332171304
641423	MUSKY	0.2391329769577299	0.5004970218454089
1550470	MUSKY	0.2077437745673316	0.4230563427720751
5280450	MUSKY	0.3551298039300101	0.6338865842138018
5365027	MUSKY	0.25266630734716145	0.5415477582386562
8615	MUSKY	0.1690913268498012	0.3922825413090842
31404	MUSKY	0.26483299689633505	0.5275477766990662
3578033	MUSKY	0.2519258771623884	0.5373696429388863
5315892	MUSKY	0.21268725182328904	0.4747009745665959
263	SWEATY	0.23971495458057948	0.4782999115330832
1001	SWEATY	0.1565218929733549	0.3904500561101096
6569	SWEATY	0.14671961324555532	0.3637085514409201
6584	SWEATY	0.19126440158912114	0.4566954714911325
6997	SWEATY	0.08981629354613167	0.21488304436206818
6998	SWEATY	0.060252109808581214	0.1276949718594551
7151	SWEATY	0.14987586438655853	0.34090979610170635
7360	SWEATY	0.12885463450636184	0.30798990385872976
7632	SWEATY	0.11002798484904426	0.29950302839279175
7761	SWEATY	0.15446841716766357	0.3746585547924042
7826	SWEATY	0.09960347254361425	0.27826773055962156
7894	SWEATY	0.1386121085711888	0.30825120210647583
7969	SWEATY	0.2819689214229584	0.5609106506620135
8077	SWEATY	0.26755489834717344	0.5639446973800659
8137	SWEATY	0.1610398292541504	0.3837046538080488
8375	SWEATY	0.07576996354120118	0.18518266933304922
8658	SWEATY	0.08692801211561475	0.20091240746634348
8908	SWEATY	0.124334097972938	0.3166819853442056
9256	SWEATY	0.28925379259245737	0.5553046039172581
11569	SWEATY	0.06805022273744855	0.15599006840160914
12180	SWEATY	0.25351138625826153	0.49916324445179533
14514	SWEATY	0.14490763204438345	0.36648609808513094
21057	SWEATY	0.1626567393541336	0.3586945916925158
21648	SWEATY	0.10742672745670591	0.2533422176327024
22310	SWEATY	0.10336119468723025	0.2566665155547006
23642	SWEATY	0.23454791094575608	0.48383723412241253
31249	SWEATY	0.20502551325729915	0.4544018336704799
60999	SWEATY	0.2125921377113887	0.4268881252833775
61005	SWEATY	0.25993660730975016	0.48391219122069223
61130	SWEATY	0.15018643651689803	0.311909624508449
61408	SWEATY	0.34499289308275494	0.5770288705825806
61653	SWEATY	0.2560354002884456	0.5687669260161263
62835	SWEATY	0.13125025587422506	0.28444220764296396
641423	SWEATY	0.1932739977325712	0.3751645641667502
1550470	SWEATY	0.17854806567941392	0.36563390493392944
5280450	SWEATY	0.2351349996668952	0.5324790052005223
5365027	SWEATY	0.15168163286788122	0.36057959284101215
8615	SWEATY	0.08573698891060692	0.22548399014132364
31404	SWEATY	0.13564239761659078	0.3169731284890856
3578033	SWEATY	0.15134918051106588	0.3839288524218968
5315892	SWEATY	0.15540787471192224	0.3502237924507686
263	AMMONIA/URINOUS	0.33370451842035564	0.5017125947134835
1001	AMMONIA/URINOUS	0.3103445683206831	0.4653333042349134
6569	AMMONIA/URINOUS	0.530632210629327	0.6913760900497437
6584	AMMONIA/URINOUS	0.3890856291566576	0.5639947993414742
6997	AMMONIA/URINOUS	0.4056318700313568	0.5648280807903835
6998	AMMONIA/URINOUS	0.1443355189902442	0.27425168241773334
7151	AMMONIA/URINOUS	0.2233256016458784	0.3704385885170528
7360	AMMONIA/URINOUS	0.22366985465799058	0.3707861304283142
7632	AMMONIA/URINOUS	0.3812765734536307	0.556359086717878
7761	AMMONIA/URINOUS	0.2498304226568767	0.4063328887735094
7826	AMMONIA/URINOUS	0.14438554112400329	0.28049781705651966
7894	AMMONIA/URINOUS	0.17053479169096267	0.31363122378076824
7969	AMMONIA/URINOUS	0.43236791236060007	0.6109816091401237
8077	AMMONIA/URINOUS	0.45031396406037466	0.6314408183097839
8137	AMMONIA/URINOUS	0.2785310872963497	0.4614226647785732
8375	AMMONIA/URINOUS	0.2735433280467987	0.41716564553124563
8658	AMMONIA/URINOUS	0.2043102788073676	0.3370871501309531
8908	AMMONIA/URINOUS	0.31503196699278696	0.49336560709135874
9256	AMMONIA/URINOUS	0.3336440069334848	0.5047875898224967
11569	AMMONIA/URINOUS	0.07281282810228211	0.15623534683670318
12180	AMMONIA/URINOUS	0.4162484748022897	0.584532652582441
14514	AMMONIA/URINOUS	0.31891233154705595	0.4646443639482771
21057	AMMONIA/URINOUS	0.3084497792380197	0.4849583974906376
21648	AMMONIA/URINOUS	0.18097198541675294	0.3163696272032602
22310	AMMONIA/URINOUS	0.2644988851887839	0.43537746582712444
23642	AMMONIA/URINOUS	0.43177724310329985	0.5983018023627145
31249	AMMONIA/URINOUS	0.24894741816180094	0.39988114152635845
60999	AMMONIA/URINOUS	0.39473065733909607	0.5497893648488181
61005	AMMONIA/URINOUS	0.26049954124859404	0.39134436420031954
61130	AMMONIA/URINOUS	0.45425115312848774	0.5644077956676483
61408	AMMONIA/URINOUS	0.3089121069226946	0.4474885378565107
61653	AMMONIA/URINOUS	0.48734551668167114	0.6670047640800476
62835	AMMONIA/URINOUS	0.16981083154678345	0.2678551546164921
641423	AMMONIA/URINOUS	0.29451678906168255	0.4398221032960074
1550470	AMMONIA/URINOUS	0.18245476697172439	0.30637459244046894
5280450	AMMONIA/URINOUS	0.28905389990125385	0.43880694678851534
5365027	AMMONIA/URINOUS	0.30814131668635775	0.46091090781348093
8615	AMMONIA/URINOUS	0.15008123538323812	0.27365731980119434
31404	AMMONIA/URINOUS	0.31209165283611845	0.4399478776114328
3578033	AMMONIA/URINOUS	0.20324403260435378	0.3576227000781468
5315892	AMMONIA/URINOUS	0.3039762335164206	0.44617168818201336
263	DECAYED	0.12498791515827179	0.40119972825050354
1001	DECAYED	0.07693377562931605	0.2957202749592917
6569	DECAYED	0.09327860283000129	0.3961873735700335
6584	DECAYED	0.11608115690095085	0.41040418829236713
6997	DECAYED	0.08427522012165614	0.32452559045382906
6998	DECAYED	0.04845544110451426	0.19424115972859518
7151	DECAYED	0.07434130353587014	0.29911570463861736
7360	DECAYED	0.062186289578676224	0.28251408679144724
7632	DECAYED	0.07172360963055066	0.29532961760248455
7761	DECAYED	0.10327498401914324	0.34379954423223225
7826	DECAYED	0.0719819324357169	0.29544284088271006
7894	DECAYED	0.06217351023639951	0.2600767931767872
7969	DECAYED	0.24050870963505336	0.6051394087927682
8077	DECAYED	0.3246342156614576	0.7094547407967704
8137	DECAYED	0.10141447292906898	0.35407974464552744
8375	DECAYED	0.07322019285389356	0.2544613182544708
8658	DECAYED	0.056008669680782726	0.21289562114647456
8908	DECAYED	0.09233440884522029	0.33689088906560627
9256	DECAYED	0.24064767147813523	0.580056539603642
11569	DECAYED	0.04386785413537707	0.2018329416002546
12180	DECAYED	0.15662905680281775	0.46605477588517324
14514	DECAYED	0.10105100274085999	0.33506506255694796
21057	DECAYED	0.09836717162813459	0.3538371537412916
21648	DECAYED	0.059685630457741876	0.26172295212745667
22310	DECAYED	0.06820645130106381	0.28013559324400766
23642	DECAYED	0.23122480085917882	0.581542330128806
31249	DECAYED	0.13294325130326407	0.4003069187913622
60999	DECAYED	0.08624877780675888	0.34530737144606455
61005	DECAYED	0.10433558481080192	0.3784211831433432
61130	DECAYED	0.07779760073338236	0.33696167383875164
61408	DECAYED	0.2079907421554838	0.5267837686198098
61653	DECAYED	0.24192570788519724	0.6421915548188346
62835	DECAYED	0.059294365612523894	0.2649772550378527
641423	DECAYED	0.10976346475737435	0.380365001303809
1550470	DECAYED	0.10849509813955852	0.34316571269716534
5280450	DECAYED	0.11511426844767161	0.3132459010396685
5365027	DECAYED	0.09231449663639069	0.3063962459564209
8615	DECAYED	0.04266516398638487	0.17627038487366267
31404	DECAYED	0.07950168315853391	0.3017240847860064
3578033	DECAYED	0.10700110878263201	0.3689010228429522
5315892	DECAYED	0.07587669364043645	0.3078274556568691
263	WOOD	0.11611860990524292	0.25733281459127155
1001	WOOD	0.21822971744196756	0.46197138939585003
6569	WOOD	0.10296906317983355	0.2328216220651354
6584	WOOD	0.06207298327769552	0.1756660086768014
6997	WOOD	0.19495398231915065	0.4187623177255903
6998	WOOD	0.1132214686700276	0.2902574496609824
7151	WOOD	0.217336077775274	0.42890732628958567
7360	WOOD	0.20712104439735413	0.40099612304142546
7632	WOOD	0.17087181976863317	0.41002184578350614
7761	WOOD	0.08260182823453631	0.21322352119854518
7826	WOOD	0.0944470124585288	0.2285451740026474
7894	WOOD	0.19331098241465433	0.3879664327417101
7969	WOOD	0.2467019749539239	0.47373148798942566
8077	WOOD	0.11901214931692396	0.32048991322517395
8137	WOOD	0.18318846183163778	0.4235417459692274
8375	WOOD	0.1149298729641097	0.3111112245491573
8658	WOOD	0.10750970776591982	0.264301312821252
8908	WOOD	0.12607657057898386	0.2816756261246545
9256	WOOD	0.20553575030394963	0.4384425367627825
11569	WOOD	0.149466050522668	0.3003532460757664
12180	WOOD	0.029876557844025747	0.11599906853267125
14514	WOOD	0.32188168593815397	0.5416220213685717
21057	WOOD	0.21935194305011205	0.4261825510433742
21648	WOOD	0.26607114502361845	0.48476357119424
22310	WOOD	0.1829329409769603	0.4111768092427935
23642	WOOD	0.21010926152978623	0.4330790766647884
31249	WOOD	0.08698430018765586	0.23885708834443772
60999	WOOD	0.12115544612918581	0.27265102522713797
61005	WOOD	0.160969862980502	0.34556631105286734
61130	WOOD	0.3132523425987789	0.5336265819413322
61408	WOOD	0.06793852682624545	0.2142603588955743
61653	WOOD	0.2905026972293854	0.5147465722901481
62835	WOOD	0.23067757061549596	0.44437005264418467
641423	WOOD	0.06805085976208959	0.19752806850842067
1550470	WOOD	0.1192986039178712	0.2913501901285989
5280450	WOOD	0.379005457673754	0.637580794947488
5365027	WOOD	0.28054713138512205	0.5020388194492885
8615	WOOD	0.11400078875677926	0.2806877110685621
31404	WOOD	0.3226720222405025	0.5264631509780884
3578033	WOOD	0.28518762971673695	0.5103144432817187
5315892	WOOD	0.0843852407165936	0.2836701401642391
263	GRASS	0.09902087811912809	0.28003915931497303
1001	GRASS	0.12059812779937472	0.34456198130335125
6569	GRASS	0.05973478938852038	0.23112440322126662
6584	GRASS	0.09428594793592181	0.3076356479099819
6997	GRASS	0.043520047196320126	0.25953001209667753
6998	GRASS	0.07032906423721995	0.2533611442361559
7151	GRASS	0.08203332445451192	0.26612144495759693
7360	GRASS	0.11353942964758192	0.31089963231767925
7632	GRASS	0.20401630018438613	0.4740614720753261
7761	GRASS	0.08404640746968133	0.27146052036966595
7826	GRASS	0.06549871233957154	0.2474784744637353
7894	GRASS	0.1007428669503757	0.28587656574589865
7969	GRASS	0.047069989144802094	0.23766177041190012
8077	GRASS	0.07974240449922425	0.31958251765796114
8137	GRASS	0.2782062760421208	0.5748268152986254
8375	GRASS	0.05527806441698756	0.23439725807734899
8658	GRASS	0.10282882515873228	0.2670973092317581
8908	GRASS	0.1457048345889364	0.37790074944496155
9256	GRASS	0.12387857053961072	0.37600252458027433
11569	GRASS	0.1331519250358854	0.2841459938458034
12180	GRASS	0.08835091228996005	0.2720792293548584
14514	GRASS	0.08653776507292475	0.29203676751681734
21057	GRASS	0.11913945206574031	0.32879883902413504
21648	GRASS	0.10399605972426278	0.31999940957341877
22310	GRASS	0.1701411008834839	0.4064414458615439
23642	GRASS	0.04617759106414659	0.21992291510105133
31249	GRASS	0.13642044152532304	0.34784633346966337
60999	GRASS	0.07246132354651179	0.264912662761552
61005	GRASS	0.10962936495031629	0.3027117763246809
61130	GRASS	0.1930689513683319	0.4568676735673632
61408	GRASS	0.08672642069203514	0.3091257001672472
61653	GRASS	0.07171371046985899	0.26871802125658306
62835	GRASS	0.042475934007338116	0.1978302640574319
641423	GRASS	0.0765720818723951	0.2804811937468393
1550470	GRASS	0.24904352107218333	0.48426668984549387
5280450	GRASS	0.03541627712547779	0.21311490876334055
5365027	GRASS	0.19169382325240544	0.40037492769105093
8615	GRASS	0.11041446083358356	0.32068472674914766
31404	GRASS	0.08088093091334615	0.2518825318132128
3578033	GRASS	0.16239571677786963	0.3958851099014282
5315892	GRASS	0.0642171683056014	0.24464622352804458
263	FLOWER	0.12942214842353547	0.3274846928460257
1001	FLOWER	0.3230470333780561	0.5536156637328011
6569	FLOWER	0.08614279329776764	0.23525695289884294
6584	FLOWER	0.12713454450879777	0.31719433835574556
6997	FLOWER	0.17642516962119512	0.38711900796209064
6998	FLOWER	0.28386547948632923	0.5506124709333692
7151	FLOWER	0.18131047913006373	0.4092323567186083
7360	FLOWER	0.1655961594411305	0.3689341630254473
7632	FLOWER	0.34332246439797537	0.5847768187522888
7761	FLOWER	0.18671080044337682	0.42638109837259563
7826	FLOWER	0.2749691243682589	0.5245453289576939
7894	FLOWER	0.20721239703042166	0.43348922048296246
7969	FLOWER	0.05568748340010643	0.16826423683336802
8077	FLOWER	0.06157333616699491	0.18724289110728673
8137	FLOWER	0.21345184530530656	0.4422549137047359
8375	FLOWER	0.34407197151865276	0.5734200392450605
8658	FLOWER	0.3597130903175899	0.6114976576396397
8908	FLOWER	0.2620188125542232	0.5265123631272998
9256	FLOWER	0.05410533291952951	0.21266603682722365
11569	FLOWER	0.2887374886444637	0.5471318108694894
12180	FLOWER	0.13864063152245112	0.3499435271535601
14514	FLOWER	0.11334750162703651	0.3105386623314449
21057	FLOWER	0.16597690539700644	0.37850177713802885
21648	FLOWER	0.273258449775832	0.4999624064990452
22310	FLOWER	0.27629401428358896	0.5183002352714539
23642	FLOWER	0.077542815889631	0.22032105922698975
31249	FLOWER	0.1657498095716749	0.4047428071498871
60999	FLOWER	0.3017562670367105	0.5556987311158862
61005	FLOWER	0.19673029226916178	0.45359367983681814
61130	FLOWER	0.19794557350022451	0.4556352453572409
61408	FLOWER	0.17507734043257578	0.42415023275784086
61653	FLOWER	0.06515177179660116	0.19029076397418976
62835	FLOWER	0.15556251789842332	0.3824820135320936
641423	FLOWER	0.3066512261118208	0.5977927872112819
1550470	FLOWER	0.26359974699360983	0.5004397460392543
5280450	FLOWER	0.08606015305433955	0.22800213524273463
5365027	FLOWER	0.21054477563926152	0.40919661096164156
8615	FLOWER	0.5229693693774087	0.7496812343597412
31404	FLOWER	0.41722552691187176	0.5027077538626534
3578033	FLOWER	0.146858135504382	0.3685640948159354
5315892	FLOWER	0.44747135043144226	0.7429347889763969
263	CHEMICAL	0.3149162530899048	0.6187167678560529
1001	CHEMICAL	0.291334582226617	0.5963254741259983
6569	CHEMICAL	0.5950789877346584	0.8611136589731488
6584	CHEMICAL	0.3730224796703884	0.6831060222217015
6997	CHEMICAL	0.5805143884250096	0.7610688464982169
6998	CHEMICAL	0.2579054002250944	0.516461546931948
7151	CHEMICAL	0.24835712356226786	0.5359162645680564
7360	CHEMICAL	0.26572596601077486	0.5590536253792899
7632	CHEMICAL	0.41139393193381174	0.6687297821044922
7761	CHEMICAL	0.27829292842320036	0.5711773250784192
7826	CHEMICAL	0.1986277380159923	0.5195079360689435
7894	CHEMICAL	0.1884930431842804	0.47073704430035185
7969	CHEMICAL	0.23374107692922866	0.5607597061565944
8077	CHEMICAL	0.21409819381577627	0.562246058668409
8137	CHEMICAL	0.2884835345404489	0.5896705303873334
8375	CHEMICAL	0.35585864526884897	0.6051759719848633
8658	CHEMICAL	0.27285743824073244	0.539202847651073
8908	CHEMICAL	0.39471955810274395	0.7053236195019313
9256	CHEMICAL	0.1322715101497514	0.47422781586647034
11569	CHEMICAL	0.1101390825850623	0.36689404930387226
12180	CHEMICAL	0.3835874923637935	0.690071335860661
14514	CHEMICAL	0.31804956070014406	0.5972320437431335
21057	CHEMICAL	0.359111841235842	0.6647427252360752
21648	CHEMICAL	0.220168941787311	0.5076507542814527
22310	CHEMICAL	0.32804431659834726	0.629160898072379
23642	CHEMICAL	0.27269746576036724	0.5768872584615435
31249	CHEMICAL	0.23058861706938064	0.5426017812320164
60999	CHEMICAL	0.27111809168543133	0.5665732451847622
61005	CHEMICAL	0.20925950791154588	0.5085898297173637
61130	CHEMICAL	0.5189547709056309	0.8000390614782061
61408	CHEMICAL	0.16867658176592418	0.4889184662273952
61653	CHEMICAL	0.30292158893176485	0.622441726071494
62835	CHEMICAL	0.16276187130383082	0.4097622675555093
641423	CHEMICAL	0.1690041178039142	0.5219410828181675
1550470	CHEMICAL	0.1960922224181039	0.4863606265613011
5280450	CHEMICAL	0.33244707754680086	0.6164266041346959
5365027	CHEMICAL	0.3803463705948421	0.6983917100088937
8615	CHEMICAL	0.24769754707813263	0.5532733542578561
31404	CHEMICAL	0.3227243253162929	0.5715857233319964
3578033	CHEMICAL	0.18746911202158248	0.4981528733457838
5315892	CHEMICAL	0.17917616878237044	0.5197985385145459
