oID	descriptor	value	sigma
180	INTENSITY/STRENGTH	0.20541702849524363	0.5926007415567126
264	INTENSITY/STRENGTH	0.3843266878809248	0.720517771584647
702	INTENSITY/STRENGTH	0.10292406699487142	0.49112604345594135
1031	INTENSITY/STRENGTH	0.165994399360248	0.5570674027715411
3102	INTENSITY/STRENGTH	0.21765032623495376	0.5616003700665065
3314	INTENSITY/STRENGTH	0.37963156189237324	0.6805010608264378
6506	INTENSITY/STRENGTH	0.18664576538971492	0.49970311352184843
6544	INTENSITY/STRENGTH	0.5667787790298462	0.6944961547851562
6561	INTENSITY/STRENGTH	0.3916627253804888	0.7779939259801593
7092	INTENSITY/STRENGTH	0.5822753735951015	0.6358943496431623
7302	INTENSITY/STRENGTH	0.27041796275547575	0.6048300010817391
7476	INTENSITY/STRENGTH	0.5151901585715157	0.668953503881182
7559	INTENSITY/STRENGTH	0.6739688004766192	0.7707854339054653
7657	INTENSITY/STRENGTH	0.33690315910748075	0.6372661760875157
7770	INTENSITY/STRENGTH	0.5341858948980059	0.7456166659082685
7793	INTENSITY/STRENGTH	0.5382356813975743	0.6739106859479632
7797	INTENSITY/STRENGTH	0.5851220062800816	0.6542562757219587
8025	INTENSITY/STRENGTH	0.32381081368241993	0.6831141114234924
8049	INTENSITY/STRENGTH	0.15127656715256826	0.5309576094150543
8094	INTENSITY/STRENGTH	0.47377255133220125	0.7138851029532296
8419	INTENSITY/STRENGTH	0.5262307907853808	0.6664164066314697
8438	INTENSITY/STRENGTH	0.4767136871814728	0.6373061197144645
8468	INTENSITY/STRENGTH	0.22538106782095774	0.5717237676892962
8815	INTENSITY/STRENGTH	0.4209619164466858	0.6548356243542263
8878	INTENSITY/STRENGTH	0.4892475519861494	0.6670405353818621
9012	INTENSITY/STRENGTH	0.6343443734305245	0.6890145284788949
10886	INTENSITY/STRENGTH	0.29232790640422274	0.6340356894901821
11567	INTENSITY/STRENGTH	0.7287761483873639	0.6400309375354222
12020	INTENSITY/STRENGTH	0.2868460587092808	0.6783113564763751
12265	INTENSITY/STRENGTH	0.30554403577532085	0.6072637013026646
12377	INTENSITY/STRENGTH	0.3858900623662131	0.6908372214862278
16537	INTENSITY/STRENGTH	0.5104676612785884	0.7444125413894653
17898	INTENSITY/STRENGTH	0.5848133563995361	0.6376990165029254
18467	INTENSITY/STRENGTH	0.4676383989197867	0.6086609278406415
21363	INTENSITY/STRENGTH	0.5587640915598188	0.7755881888525826
27440	INTENSITY/STRENGTH	0.3766919715063913	0.7026597346578326
31219	INTENSITY/STRENGTH	0.45336340580667767	0.7184748564447675
31276	INTENSITY/STRENGTH	0.526093419109072	0.7311328564371381
31283	INTENSITY/STRENGTH	0.21840282848903111	0.5605498126574925
60998	INTENSITY/STRENGTH	0.37196947847093853	0.6322277188301086
61523	INTENSITY/STRENGTH	0.4720818059785025	0.7592715620994568
62351	INTENSITY/STRENGTH	0.3861187441008432	0.7258860724312919
62465	INTENSITY/STRENGTH	0.28904981911182404	0.6234131540570941
251531	INTENSITY/STRENGTH	0.16689716492380416	0.5455295273235866
440917	INTENSITY/STRENGTH	0.479605964251927	0.6294769815036229
637758	INTENSITY/STRENGTH	0.424671288047518	0.7154631784984044
1549025	INTENSITY/STRENGTH	0.23590389106954848	0.566384664603642
2733294	INTENSITY/STRENGTH	0.6181745231151581	0.7353876062801906
5281167	INTENSITY/STRENGTH	0.5425448247364589	0.7714418598583767
5281168	INTENSITY/STRENGTH	0.42367930923189434	0.7358400395938328
5318599	INTENSITY/STRENGTH	0.6143537163734436	0.7289787701198033
5352837	INTENSITY/STRENGTH	0.5366570736680712	0.6837437067713056
5364231	INTENSITY/STRENGTH	0.5955942102840969	0.6904332637786865
262	INTENSITY/STRENGTH	0.1786602692944663	0.5524139404296875
323	INTENSITY/STRENGTH	0.6077981846673148	0.6853049993515015
750	INTENSITY/STRENGTH	0.08945133803146225	0.4413957680974688
753	INTENSITY/STRENGTH	0.1906153740627425	0.509129021848951
962	INTENSITY/STRENGTH	0.17664709900106704	0.5280494434492928
5862	INTENSITY/STRENGTH	0.3193091239248003	0.5717778716768537
5962	INTENSITY/STRENGTH	0.37402998549597605	0.6670135259628296
6274	INTENSITY/STRENGTH	0.17809232750109263	0.5084039100578853
6322	INTENSITY/STRENGTH	0.18830882970775878	0.5369315147399902
6669	INTENSITY/STRENGTH	0.16555859042065485	0.4595072439738682
7137	INTENSITY/STRENGTH	0.5041683912277222	0.6882252267428807
15654	INTENSITY/STRENGTH	0.2747060145650591	0.6106185146740505
62089	INTENSITY/STRENGTH	0.5702226800577981	0.7440607718058995
853433	INTENSITY/STRENGTH	0.40589252965790884	0.6973893301827567
5371102	INTENSITY/STRENGTH	0.44777693493025644	0.63803574017116
10857465	INTENSITY/STRENGTH	0.3668284373623984	0.7491516896656581
180	VALENCE/PLEASANTNESS	0.4729502328804561	0.5783823813710894
264	VALENCE/PLEASANTNESS	0.2668479468141283	0.5526477779660907
702	VALENCE/PLEASANTNESS	0.4890607339995248	0.6070994649614606
1031	VALENCE/PLEASANTNESS	0.4598680692059653	0.610957111631121
3102	VALENCE/PLEASANTNESS	0.5246152750083378	0.6096504671233041
3314	VALENCE/PLEASANTNESS	0.6421819584710258	0.7299571463039943
6506	VALENCE/PLEASANTNESS	0.4008677303791046	0.5596689922469003
6544	VALENCE/PLEASANTNESS	0.5108342468738556	0.6507585389273507
6561	VALENCE/PLEASANTNESS	0.3734286427497864	0.5873615741729736
7092	VALENCE/PLEASANTNESS	0.6496288435799735	0.6322305457932609
7302	VALENCE/PLEASANTNESS	0.47505164572170805	0.6052296417100089
7476	VALENCE/PLEASANTNESS	0.6563954779079982	0.6717388715062823
7559	VALENCE/PLEASANTNESS	0.6559652941567558	0.7348457149096898
7657	VALENCE/PLEASANTNESS	0.4379174028124128	0.6152892453329903
7770	VALENCE/PLEASANTNESS	0.559371999331883	0.752191960811615
7793	VALENCE/PLEASANTNESS	0.61571033511843	0.6908938799585614
7797	VALENCE/PLEASANTNESS	0.7866970215524945	0.6351536852972848
8025	VALENCE/PLEASANTNESS	0.46566033363342285	0.6419001988002232
8049	VALENCE/PLEASANTNESS	0.47920094217572895	0.5581235545022147
8094	VALENCE/PLEASANTNESS	0.35692604950496126	0.5649185521262032
8419	VALENCE/PLEASANTNESS	0.7540696007864816	0.6121830344200134
8438	VALENCE/PLEASANTNESS	0.7084091816629682	0.6038713114602225
8468	VALENCE/PLEASANTNESS	0.5791465810367039	0.6628636973244804
8815	VALENCE/PLEASANTNESS	0.5762333955083575	0.6265150649206979
8878	VALENCE/PLEASANTNESS	0.7835833515439715	0.6151030829974583
9012	VALENCE/PLEASANTNESS	0.2563070441995348	0.572675177029201
10886	VALENCE/PLEASANTNESS	0.5626186558178493	0.65779162304742
11567	VALENCE/PLEASANTNESS	0.43986656836100985	0.642278620174953
12020	VALENCE/PLEASANTNESS	0.4729884479727064	0.6049741165978568
12265	VALENCE/PLEASANTNESS	0.4300281150000436	0.5976456999778748
12377	VALENCE/PLEASANTNESS	0.28624636999198366	0.6043885094778878
16537	VALENCE/PLEASANTNESS	0.5882133415767125	0.7108493021556309
17898	VALENCE/PLEASANTNESS	0.40795978903770447	0.7045597859791347
18467	VALENCE/PLEASANTNESS	0.41378502760614666	0.6703924281256539
21363	VALENCE/PLEASANTNESS	0.31299321566309246	0.6055070332118443
27440	VALENCE/PLEASANTNESS	0.36741900869778227	0.6524585059710911
31219	VALENCE/PLEASANTNESS	0.655541718006134	0.6922610742705209
31276	VALENCE/PLEASANTNESS	0.6172127808843341	0.7401508433478219
31283	VALENCE/PLEASANTNESS	0.47692778280803133	0.5446390765053886
60998	VALENCE/PLEASANTNESS	0.490976665701185	0.6944128785814557
61523	VALENCE/PLEASANTNESS	0.48716604709625244	0.676948777266911
62351	VALENCE/PLEASANTNESS	0.3249557209866388	0.5930453368595668
62465	VALENCE/PLEASANTNESS	0.5367903539112636	0.7195630754743304
251531	VALENCE/PLEASANTNESS	0.5817715014730181	0.5737323846135821
440917	VALENCE/PLEASANTNESS	0.7201712301799229	0.6675978473254612
637758	VALENCE/PLEASANTNESS	0.6589068344661168	0.6543928384780884
1549025	VALENCE/PLEASANTNESS	0.5852984275136676	0.5538787501198905
2733294	VALENCE/PLEASANTNESS	0.648195138999394	0.7159526518412999
5281167	VALENCE/PLEASANTNESS	0.5217222103050777	0.7187654290880475
5281168	VALENCE/PLEASANTNESS	0.37998623081615995	0.5999647208622524
5318599	VALENCE/PLEASANTNESS	0.47873193451336454	0.6578018239566258
5352837	VALENCE/PLEASANTNESS	0.5183474038328443	0.6546838624136788
5364231	VALENCE/PLEASANTNESS	0.4828074276447296	0.6214028171130589
262	VALENCE/PLEASANTNESS	0.4831724464893341	0.5736115063939776
323	VALENCE/PLEASANTNESS	0.6558063796588353	0.7088662556239537
750	VALENCE/PLEASANTNESS	0.5739801100322178	0.5976103969982692
753	VALENCE/PLEASANTNESS	0.48412689566612244	0.5798373733248029
962	VALENCE/PLEASANTNESS	0.5957995653152466	0.5984724334308079
5862	VALENCE/PLEASANTNESS	0.4178410640784672	0.6071532964706421
5962	VALENCE/PLEASANTNESS	0.36968715276036945	0.588141781943185
6274	VALENCE/PLEASANTNESS	0.5440332293510437	0.6313790338379996
6322	VALENCE/PLEASANTNESS	0.46090297188077656	0.5818202154976981
6669	VALENCE/PLEASANTNESS	0.712297260761261	0.5607794097491673
7137	VALENCE/PLEASANTNESS	0.782908924988338	0.6658607380730766
15654	VALENCE/PLEASANTNESS	0.44410928232329233	0.6346832513809204
62089	VALENCE/PLEASANTNESS	0.303957998752594	0.536231300660542
853433	VALENCE/PLEASANTNESS	0.6693994658333915	0.7244548882756915
5371102	VALENCE/PLEASANTNESS	0.5277136479105268	0.5674646581922259
10857465	VALENCE/PLEASANTNESS	0.49790599942207336	0.6143987604549953
180	BAKERY	0.03351947931306703	0.17058444023132324
264	BAKERY	0.0033478433532374246	0.09995607127036367
702	BAKERY	0.05231829040816852	0.23930475115776062
1031	BAKERY	0.040969365409442356	0.20617572324616568
3102	BAKERY	0.040451766923069954	0.2104762601000922
3314	BAKERY	0.24902803983007157	0.5537323440824237
6506	BAKERY	0.029268780989306315	0.21825062377112253
6544	BAKERY	0.026564880407282283	0.17031960082905634
6561	BAKERY	0.008748393771903855	0.10245749354362488
7092	BAKERY	0.15615808750901902	0.3866844986166273
7302	BAKERY	0.05982572478907449	0.26230535762650625
7476	BAKERY	0.06277607753872871	0.25190494315964834
7559	BAKERY	0.06161572890622275	0.27825825980731417
7657	BAKERY	0.02536257595888206	0.16632702095167978
7770	BAKERY	0.06506425834127835	0.3022439352103642
7793	BAKERY	0.006223263751183238	0.11538063947643552
7797	BAKERY	0.10299706618700709	0.3804584911891392
8025	BAKERY	0.03932697166289602	0.23365537183625357
8049	BAKERY	0.04802744196993964	0.26940497756004333
8094	BAKERY	0.03897780738770962	0.12395743493522916
8419	BAKERY	0.2987350012574877	0.571379291159766
8438	BAKERY	0.2663053274154663	0.5253573868955884
8468	BAKERY	0.1464324380670275	0.41766429373196196
8815	BAKERY	0.091349296271801	0.32507884928158354
8878	BAKERY	0.06459469135318484	0.32319274118968416
9012	BAKERY	0.04576911138636725	0.2466001468045371
10886	BAKERY	0.034487436658569744	0.21536917132990702
11567	BAKERY	0.009331577590533666	0.17403231348310197
12020	BAKERY	0.03281266215656485	0.19132142194679805
12265	BAKERY	0.048981337675026486	0.2517886928149632
12377	BAKERY	0.030942771583795547	0.18281700994287217
16537	BAKERY	0.019228738067405566	0.16390523953097208
17898	BAKERY	0.14204552663224085	0.4688797337668283
18467	BAKERY	0.1256360411643982	0.4262156571660723
21363	BAKERY	0.02005199316356863	0.1263554436819894
27440	BAKERY	0.09813889009611947	0.3303902915545872
31219	BAKERY	0.06067251680152757	0.27120172551700045
31276	BAKERY	0.02079552917608193	0.21746095163481577
31283	BAKERY	0.048915556498936245	0.2461016731602805
60998	BAKERY	0.05459541295255933	0.23568308353424072
61523	BAKERY	0.013908580477748598	0.11672657089573997
62351	BAKERY	0.05117255449295044	0.24086656740733556
62465	BAKERY	0.15074844658374786	0.42755325777190073
251531	BAKERY	0.04176995078367846	0.17586785767759597
440917	BAKERY	0.045574721481118886	0.2081368671996253
637758	BAKERY	0.11401548449482236	0.3642214664391109
1549025	BAKERY	0.06335687903421265	0.22225981950759888
2733294	BAKERY	0.07179483478622777	0.2671010536806924
5281167	BAKERY	0.04182366680886064	0.1730760144335883
5281168	BAKERY	0.011101966590753623	0.09494484109537941
5318599	BAKERY	0.013567173587424415	0.07969719916582108
5352837	BAKERY	0.033796229266694615	0.1519297712615558
5364231	BAKERY	0.07834823429584503	0.2610270934445517
262	BAKERY	0.04957740753889084	0.23437274353844778
323	BAKERY	0.203301197716168	0.4702839936528887
750	BAKERY	0.10189896183354515	0.3769511878490448
753	BAKERY	0.05866732767650059	0.2613484731742314
962	BAKERY	0.10414690205029078	0.33974313735961914
5862	BAKERY	0.11641588700669152	0.40572792291641235
5962	BAKERY	0.07181859016418457	0.2930119889123099
6274	BAKERY	0.11224234104156494	0.3829653263092041
6322	BAKERY	0.052031355776957104	0.28421963112694876
6669	BAKERY	0.10388644571815218	0.3711836508342198
7137	BAKERY	0.23648022753851755	0.5409813821315765
15654	BAKERY	0.13024628162384033	0.3955507959638323
62089	BAKERY	0.005289332408990178	0.0487039860870157
853433	BAKERY	0.2207694798707962	0.526409489767892
5371102	BAKERY	0.027876704931259155	0.16855027633053915
10857465	BAKERY	0.004490171426108905	0.16302868936743056
180	SWEET	0.10778006485530309	0.40011769958904814
264	SWEET	0.059304715799433846	0.35394379070826937
702	SWEET	0.12673928907939366	0.45748025604656767
1031	SWEET	0.11387945072991508	0.4596864368234362
3102	SWEET	0.1800388310636793	0.5592113264969417
3314	SWEET	0.37653094955853056	0.7874406320708138
6506	SWEET	0.09584617401872363	0.39371542419706074
6544	SWEET	0.17921315133571625	0.5460789714540754
6561	SWEET	0.08589028992823192	0.3850087523460388
7092	SWEET	0.3614660884652819	0.7214320983205523
7302	SWEET	0.12517795605318888	0.4575399415833609
7476	SWEET	0.3504032279763903	0.7678927949496678
7559	SWEET	0.4279219721044813	0.8786795139312744
7657	SWEET	0.1427628504378455	0.4822032536779131
7770	SWEET	0.422678747347423	0.8356303487505231
7793	SWEET	0.28394252487591337	0.689627868788583
7797	SWEET	0.6150475484984261	0.9434131213596889
8025	SWEET	0.15062447424445832	0.5118820496967861
8049	SWEET	0.17079467326402664	0.5108313134738377
8094	SWEET	0.1284770124724933	0.4154936671257019
8419	SWEET	0.5228531105177743	0.8781193665095738
8438	SWEET	0.4655989110469818	0.8156172633171082
8468	SWEET	0.23039059340953827	0.6060812558446612
8815	SWEET	0.26739002764225006	0.6101360831941877
8878	SWEET	0.5739971484456744	0.9232880813734872
9012	SWEET	0.0578023408140455	0.25864493208272116
10886	SWEET	0.29367431146757944	0.6851433089801243
11567	SWEET	0.15218852566821234	0.5393307932785579
12020	SWEET	0.12193432769605092	0.4707710104329245
12265	SWEET	0.11849792833839144	0.45171059880937847
12377	SWEET	0.06572175877434867	0.22117531725338527
16537	SWEET	0.23707463911601476	0.6650345070021493
17898	SWEET	0.1300412661262921	0.5332353157656533
18467	SWEET	0.12299344688653946	0.49742281436920166
21363	SWEET	0.0956766786319869	0.37442730154309956
27440	SWEET	0.11894863418170384	0.4408444719655173
31219	SWEET	0.4002687079565866	0.8456988079207284
31276	SWEET	0.4088952328477587	0.839441580431802
31283	SWEET	0.17132130478109633	0.506236902305058
60998	SWEET	0.19549182483128139	0.5925074390002659
61523	SWEET	0.17665813863277435	0.5501893247876849
62351	SWEET	0.08690561726689339	0.33385840484074186
62465	SWEET	0.2005016803741455	0.5556014776229858
251531	SWEET	0.21132627768175943	0.5711882029260907
440917	SWEET	0.31904376830373493	0.7277934040342059
637758	SWEET	0.4163234659603664	0.8323598674365452
1549025	SWEET	0.24900433208261216	0.5895204033170428
2733294	SWEET	0.38272402967725483	0.794001715523856
5281167	SWEET	0.20158728105681284	0.6091200028147016
5281168	SWEET	0.07166239193507604	0.376852239881243
5318599	SWEET	0.1918166939701353	0.5405080914497375
5352837	SWEET	0.2151692041328975	0.571994947535651
5364231	SWEET	0.19297911013875688	0.5283399522304535
262	SWEET	0.12795205201421464	0.45317147033555166
323	SWEET	0.3870281534535544	0.793709397315979
750	SWEET	0.19468336020197188	0.5768824219703674
753	SWEET	0.1328097688300269	0.4377961882523128
962	SWEET	0.2598608583211899	0.6380372558321271
5862	SWEET	0.12571407109498978	0.43218429599489483
5962	SWEET	0.1373743372304099	0.43390912669045584
6274	SWEET	0.1783576692853655	0.5548151561192104
6322	SWEET	0.12642389855214528	0.452749707869121
6669	SWEET	0.34586875992161886	0.749599984713963
7137	SWEET	0.5357380722250257	0.8990609560694013
15654	SWEET	0.11904394945928029	0.46789340462003437
62089	SWEET	0.07681831584445067	0.2985642169203077
853433	SWEET	0.40557487096105305	0.8407391735485622
5371102	SWEET	0.19854273540633066	0.5418599758829389
10857465	SWEET	0.17836563076291764	0.5371742844581604
180	FRUIT	0.038211554288864136	0.18893098618303025
264	FRUIT	0.06737181916832924	0.24480695809636796
702	FRUIT	0.0663933732679912	0.1977097668818065
1031	FRUIT	0.055076021435005326	0.21533021117959703
3102	FRUIT	0.10402719676494598	0.3170234433242253
3314	FRUIT	0.13896197825670242	0.3639254484857832
6506	FRUIT	0.06064956582018307	0.2133534380367824
6544	FRUIT	0.10904477004493986	0.31930562002318247
6561	FRUIT	0.06556839655552592	0.2639608532190323
7092	FRUIT	0.1819086926324027	0.4232089178902762
7302	FRUIT	0.038967417020882876	0.17422497698238917
7476	FRUIT	0.22237952266420638	0.49315025976725985
7559	FRUIT	0.39515627707753864	0.7672633273260934
7657	FRUIT	0.08851835983140129	0.30487056715147837
7770	FRUIT	0.41826899562563213	0.7055264966828483
7793	FRUIT	0.18137602933815547	0.4225310683250427
7797	FRUIT	0.6314497590065002	0.8428123082433429
8025	FRUIT	0.07348152622580528	0.2560008444956371
8049	FRUIT	0.12127899484974998	0.2999472958700998
8094	FRUIT	0.11140309912817818	0.2914442845753261
8419	FRUIT	0.2513722138745444	0.5511247345379421
8438	FRUIT	0.24848543746130808	0.5224617762225015
8468	FRUIT	0.0999743789434433	0.26695762148925234
8815	FRUIT	0.16478743297713144	0.35568653685706003
8878	FRUIT	0.6039797535964421	0.81883134160723
9012	FRUIT	0.0597341675311327	0.14349868255002157
10886	FRUIT	0.28428431919642855	0.5446282880646842
11567	FRUIT	0.08002241062266487	0.2993400990962982
12020	FRUIT	0.04823826466287885	0.23381806697164262
12265	FRUIT	0.051555579262120385	0.22268288901873998
12377	FRUIT	0.06873679161071777	0.1751522347331047
16537	FRUIT	0.23225517783846175	0.5727624211992536
17898	FRUIT	0.057153669585074694	0.1693174136536462
18467	FRUIT	0.05894173947828157	0.16385519078799657
21363	FRUIT	0.06062326394021511	0.2169262660401208
27440	FRUIT	0.0937109397990363	0.2845834365912846
31219	FRUIT	0.31638079030173166	0.660279359136309
31276	FRUIT	0.40694548402513775	0.7280625530651638
31283	FRUIT	0.11792122998407908	0.2763114039387022
60998	FRUIT	0.1419571659394673	0.3361756461007254
61523	FRUIT	0.1495976128748485	0.4419493292059217
62351	FRUIT	0.0856169808123793	0.2371034664767129
62465	FRUIT	0.08299199332083974	0.21241925018174307
251531	FRUIT	0.09852175308125359	0.2650410405227116
440917	FRUIT	0.2498188785144261	0.5593046120234898
637758	FRUIT	0.26209251156875063	0.5354521104267665
1549025	FRUIT	0.18240235533033097	0.45538642576762606
2733294	FRUIT	0.4665051145212991	0.7614514487130302
5281167	FRUIT	0.22770448880536215	0.5013282895088196
5281168	FRUIT	0.1058384243931089	0.3507837653160095
5318599	FRUIT	0.181623746241842	0.4455490750925882
5352837	FRUIT	0.18409028010708944	0.44672486186027527
5364231	FRUIT	0.20028948145253317	0.4022528188569205
262	FRUIT	0.050105614853756766	0.20807322008269175
323	FRUIT	0.16815973605428422	0.4431598697389875
750	FRUIT	0.11154688256127494	0.27421535551548004
753	FRUIT	0.07015424168535642	0.20283263283116476
962	FRUIT	0.12989239607538497	0.333965071610042
5862	FRUIT	0.06846322385328156	0.19890975952148438
5962	FRUIT	0.08608781546354294	0.2379821091890335
6274	FRUIT	0.09485580559287753	0.24633207704339707
6322	FRUIT	0.08880251805697169	0.22762008224214828
6669	FRUIT	0.14069944407258714	0.34452601415770395
7137	FRUIT	0.24390224048069545	0.49170007024492535
15654	FRUIT	0.06995288229414395	0.213419286268098
62089	FRUIT	0.05495000710444791	0.20601185730525426
853433	FRUIT	0.15009968940700805	0.3979776203632355
5371102	FRUIT	0.12025186845234462	0.32122580068452017
10857465	FRUIT	0.086151336984975	0.32588501061711994
180	FISH	0.04239939259631293	0.15230412781238556
264	FISH	0.09228662295000893	0.21168325415679387
702	FISH	0.05716465839317867	0.18794428450720652
1031	FISH	0.05349553269999368	0.1857842057943344
3102	FISH	0.034463881248874326	0.13282750866242818
3314	FISH	0.048336878418922424	0.1330248245171138
6506	FISH	0.11198907558407102	0.30700781515666414
6544	FISH	0.011302600082542216	0.10170817588056837
6561	FISH	0.04515004264456885	0.1566868701151439
7092	FISH	0.030122471441115652	0.11743316373654775
7302	FISH	0.06461410118000847	0.20036633951323374
7476	FISH	0.006412636887814317	0.07384065857955388
7559	FISH	0.011391191078083856	0.049927049183419774
7657	FISH	0.06420350287641798	0.20633590008531297
7770	FISH	0.053849117032119205	0.16233634522983006
7793	FISH	0.0001898532999413354	0.04151147670511689
7797	FISH	0.03468901797064713	0.09811342720474515
8025	FISH	0.07322964019009046	0.21414906212261745
8049	FISH	0.08140766993165016	0.21480784671647207
8094	FISH	0.08989424364907402	0.21499901158469065
8419	FISH	0.01899833684521062	0.06481576444847244
8438	FISH	0.018131017418844358	0.06494211352297238
8468	FISH	0.03392857366374561	0.1249439109648977
8815	FISH	0.07865769948278155	0.20255277838025773
8878	FISH	0.03733054867812565	0.08816352273736681
9012	FISH	0.2994272368294852	0.5810270224298749
10886	FISH	0.049535058970962255	0.1480271198919841
11567	FISH	0.03482813760638237	0.13022578933409282
12020	FISH	0.05441713013819286	0.18319643608161382
12265	FISH	0.07315494545868464	0.22884619661739894
12377	FISH	0.2940338977745601	0.5553443346704755
16537	FISH	0.025901238300970623	0.11423532558338982
17898	FISH	0.09609350987843104	0.24401565108980453
18467	FISH	0.101833347763334	0.24668548575469426
21363	FISH	0.09930104975189481	0.22095425852707454
27440	FISH	0.14854844978877477	0.3333554800067629
31219	FISH	0.00134996697306633	0.06260917495403971
31276	FISH	0.026459144428372383	0.08773791364261083
31283	FISH	0.06541877080287252	0.17899465348039353
60998	FISH	0.027006751325513636	0.14883363459791457
61523	FISH	0.06373412587812968	0.17762809140341623
62351	FISH	0.20485022876943862	0.42262100747653414
62465	FISH	0.05880248014416013	0.17283261673791067
251531	FISH	0.030146513001195023	0.09926191078765052
440917	FISH	0.006680402638656753	0.05365464809749808
637758	FISH	0.021376641201121465	0.13402714686734335
1549025	FISH	0.0355318213946053	0.11600095991577421
2733294	FISH	0.05053356462823493	0.12185948448521751
5281167	FISH	0.06251202523708344	0.19107409247330256
5281168	FISH	0.09920575469732285	0.2777715431792395
5318599	FISH	0.05200067747916494	0.13243902261768067
5352837	FISH	0.057943044496434074	0.15690980851650238
5364231	FISH	0.12352823678936277	0.25856715866497587
262	FISH	0.04721422679722309	0.15769928800208227
323	FISH	0.010901526547968388	0.08519277083022254
750	FISH	0.033371174441916604	0.11521401894944054
753	FISH	0.06823027985436576	0.18796122606311524
962	FISH	0.029320711536066874	0.11007764616182872
5862	FISH	0.17242092107023513	0.33707341126033236
5962	FISH	0.11853060126304626	0.2506545143468039
6274	FISH	0.03306215908378363	0.13664475083351135
6322	FISH	0.05522038947258677	0.16645920063768113
6669	FISH	0.04224533534475735	0.11516639803137098
7137	FISH	0.03877028210886887	0.1269050698195185
15654	FISH	0.10971220582723618	0.2674403978245599
62089	FISH	0.08207465655037335	0.2033001674073083
853433	FISH	0.04564604642135756	0.13351060556513922
5371102	FISH	0.053511631808110645	0.17857799572604044
10857465	FISH	0.02013359804238592	0.11854173881667
180	GARLIC	0.10348895830767495	0.2767449915409088
264	GARLIC	0.1049126950757844	0.3222804069519043
702	GARLIC	0.14940137841871806	0.374493237052645
1031	GARLIC	0.12227179961545127	0.32968465770993916
3102	GARLIC	0.06782007377062525	0.2393570648772376
3314	GARLIC	0.0676915959588119	0.23019184385027205
6506	GARLIC	0.14833619551999228	0.40974986978939604
6544	GARLIC	0.06707857974937984	0.20469195076397487
6561	GARLIC	0.07076929349984441	0.24813859590462276
7092	GARLIC	0.07310286696468081	0.20737083681992122
7302	GARLIC	0.1369963682123593	0.3391638823917934
7476	GARLIC	0.035635454181049554	0.13177595287561417
7559	GARLIC	0.04371278573359762	0.11121242386954171
7657	GARLIC	0.08813632226416043	0.26326789387634825
7770	GARLIC	0.050984973353999	0.21036833098956517
7793	GARLIC	0.04349187734935965	0.15592522493430547
7797	GARLIC	0.07182366560612406	0.15263321037803376
8025	GARLIC	0.14469433895179204	0.3527867666312626
8049	GARLIC	0.12285678407975606	0.3484192831175668
8094	GARLIC	0.11813502332993916	0.3114845710141318
8419	GARLIC	0.04574327011193548	0.15497419025216783
8438	GARLIC	0.0540445548083101	0.17353392711707524
8468	GARLIC	0.08155596788440432	0.284444551382746
8815	GARLIC	0.13907981983252934	0.28768462368420195
8878	GARLIC	0.06561877418841634	0.15812593698501587
9012	GARLIC	0.33797599588121685	0.5850701417241778
10886	GARLIC	0.0836544893682003	0.24792253971099854
11567	GARLIC	0.06663152309400695	0.20399175584316254
12020	GARLIC	0.11610835152012962	0.3027367378984179
12265	GARLIC	0.11412836930581502	0.3060079387256077
12377	GARLIC	0.40827711139406475	0.6437184129442487
16537	GARLIC	0.05737950173871858	0.1999179039682661
17898	GARLIC	0.13278898383889878	0.35199763093675884
18467	GARLIC	0.1437188025031771	0.36995736615998404
21363	GARLIC	0.09728604980877467	0.3086824928011213
27440	GARLIC	0.16532433884484427	0.3616227039269039
31219	GARLIC	0.03787150100937912	0.12378037295171193
31276	GARLIC	0.05451133607753685	0.16598886251449585
31283	GARLIC	0.11513213493994304	0.31851177556174143
60998	GARLIC	0.10110950895718165	0.30134384972708567
61523	GARLIC	0.08918474401746478	0.24832282747541154
62351	GARLIC	0.2558653439794268	0.48492484433310373
62465	GARLIC	0.08816465203251157	0.28382275785718647
251531	GARLIC	0.055844945566994805	0.22275780992848532
440917	GARLIC	0.07839303836226463	0.1997002363204956
637758	GARLIC	0.043178405346614976	0.16788335144519806
1549025	GARLIC	0.10096862592867442	0.2512831006731306
2733294	GARLIC	0.07060107588768005	0.1721221570457731
5281167	GARLIC	0.08496761854205813	0.25565644247191294
5281168	GARLIC	0.10559160368783134	0.31855822035244535
5318599	GARLIC	0.08413100242614746	0.2278367770569665
5352837	GARLIC	0.08923566767147609	0.24038393369742803
5364231	GARLIC	0.12151660876614707	0.3078341356345585
262	GARLIC	0.09978993343455451	0.2896159759589604
323	GARLIC	0.059897757534469874	0.19394009453909739
750	GARLIC	0.09629169957978385	0.3096768302576883
753	GARLIC	0.1320480587227004	0.34664002486637663
962	GARLIC	0.07580538413354329	0.24908884295395442
5862	GARLIC	0.2597397416830063	0.5158613962786538
5962	GARLIC	0.15640896345887864	0.3670393569128854
6274	GARLIC	0.1014929051910128	0.3203947501523154
6322	GARLIC	0.11315761080810002	0.3237677812576294
6669	GARLIC	0.07691119451607976	0.25225446266787394
7137	GARLIC	0.09512657991477422	0.1966913001877921
15654	GARLIC	0.16162648797035217	0.3788116191114698
62089	GARLIC	0.106924050620624	0.303258125271116
853433	GARLIC	0.05448068092976298	0.19930915321622575
5371102	GARLIC	0.05831226919378553	0.20649488057409013
10857465	GARLIC	0.05015450237052781	0.20774091354438237
180	SPICES	0.18020247774464743	0.3749229439667293
264	SPICES	0.12921901047229767	0.2988797128200531
702	SPICES	0.20207354639257705	0.4184427261352539
1031	SPICES	0.17660165684563772	0.373249420097896
3102	SPICES	0.1741163283586502	0.38089276211602346
3314	SPICES	0.35894074184553965	0.6366607802254813
6506	SPICES	0.17522295457976206	0.3960616333144052
6544	SPICES	0.27499901396887644	0.5173888845103127
6561	SPICES	0.1274309754371643	0.33210634759494234
7092	SPICES	0.33386808208056856	0.5563671674047198
7302	SPICES	0.2496147347348077	0.48071100456374033
7476	SPICES	0.21239793300628662	0.4196208119392395
7559	SPICES	0.14076829382351466	0.3780478026185717
7657	SPICES	0.18476384665284837	0.38402825593948364
7770	SPICES	0.1076096658195768	0.31287712284496855
7793	SPICES	0.14674530284745352	0.3456560628754752
7797	SPICES	0.17045981330530985	0.40736293366977144
8025	SPICES	0.20616521579878672	0.4073856472969055
8049	SPICES	0.15289571029799326	0.36902824895722525
8094	SPICES	0.14583403723580496	0.34956065671784536
8419	SPICES	0.2676131810460772	0.5140608676842281
8438	SPICES	0.2390866811786379	0.4686756559780666
8468	SPICES	0.28206845266478403	0.5337909545217242
8815	SPICES	0.35053580147879465	0.5769945553370884
8878	SPICES	0.13460314060960496	0.36832582524844576
9012	SPICES	0.26225676919732777	0.5264879167079926
10886	SPICES	0.1533842118723052	0.34984358719417025
11567	SPICES	0.18902076993669784	0.3923204370907375
12020	SPICES	0.20548970358712332	0.424797671181815
12265	SPICES	0.18150887957641057	0.3742627671786717
12377	SPICES	0.3315022460051945	0.6016744375228882
16537	SPICES	0.23243057302066258	0.4623908315386091
17898	SPICES	0.20083131108965194	0.4185214638710022
18467	SPICES	0.20441661987985885	0.4189230799674988
21363	SPICES	0.1366512147443635	0.3583806540284838
27440	SPICES	0.24266877131802694	0.4536739545209067
31219	SPICES	0.1578112883227212	0.3842234696660723
31276	SPICES	0.09294205052512032	0.29010615604264395
31283	SPICES	0.1397891640663147	0.3583177242960249
60998	SPICES	0.19753221103123256	0.4409962935107095
61523	SPICES	0.17974991032055446	0.3842567375728062
62351	SPICES	0.23431500366755895	0.48836149488176617
62465	SPICES	0.35882735678127836	0.6271860769816807
251531	SPICES	0.16981016312326705	0.3436105251312256
440917	SPICES	0.3293186639036451	0.564916227545057
637758	SPICES	0.24653927556106023	0.45310115814208984
1549025	SPICES	0.13026791491678782	0.31293095435414997
2733294	SPICES	0.15432537453515188	0.35887134075164795
5281167	SPICES	0.1956867894956044	0.4066205620765686
5281168	SPICES	0.16205458555902755	0.37541538902691435
5318599	SPICES	0.13689626114709036	0.3424957054001944
5352837	SPICES	0.1842400942529951	0.39541810750961304
5364231	SPICES	0.21760579305035727	0.4597696874822889
262	SPICES	0.1536638332264764	0.35183406301907133
323	SPICES	0.33713490622384207	0.5852936165673392
750	SPICES	0.17149220194135392	0.3973366490432194
753	SPICES	0.18855789516653335	0.41265750782830374
962	SPICES	0.19536798340933664	0.40309020025389536
5862	SPICES	0.22541876775877817	0.4643098158495767
5962	SPICES	0.15119875541755132	0.36864434821265085
6274	SPICES	0.21916200646332332	0.44253131321498324
6322	SPICES	0.16515490199838365	0.3723830580711365
6669	SPICES	0.12865770076002395	0.3432328999042511
7137	SPICES	0.3643175576414381	0.5955084562301636
15654	SPICES	0.24297393645559037	0.453333386353084
62089	SPICES	0.13056691948856627	0.3581965608256204
853433	SPICES	0.3543796454157148	0.6071673120771136
5371102	SPICES	0.24377643636294774	0.4278667313711984
10857465	SPICES	0.20065541565418243	0.46025268520627705
180	COLD	0.30357701650687624	0.4639537121568407
264	COLD	0.19695830132280076	0.33849493094852995
702	COLD	0.22668627968856267	0.3761050062520163
1031	COLD	0.2391800582408905	0.3964217220033918
3102	COLD	0.2433572496686663	0.412424168416432
3314	COLD	0.19671412663800375	0.3852220518248422
6506	COLD	0.1738636110510145	0.30233854055404663
6544	COLD	0.3601500562259129	0.5048300666468484
6561	COLD	0.342047963823591	0.513416622366224
7092	COLD	0.25151029229164124	0.421761223248073
7302	COLD	0.24371019644396646	0.3936740585735866
7476	COLD	0.2617945011172976	0.4694600318159376
7559	COLD	0.29791670611926485	0.4973243474960327
7657	COLD	0.24146207954202378	0.4059987621647971
7770	COLD	0.1965648297752653	0.40335570914404734
7793	COLD	0.3378807519163404	0.5169676201684135
7797	COLD	0.2162537979228156	0.43785223364830017
8025	COLD	0.2343876702444894	0.39366079228264944
8049	COLD	0.17333246980394637	0.32092397127832684
8094	COLD	0.21406744633402144	0.3939361998013088
8419	COLD	0.21891098575932638	0.39389210087912424
8438	COLD	0.19353024235793523	0.37798957739557537
8468	COLD	0.20703598644052232	0.3659987449645996
8815	COLD	0.2615897463900702	0.4108259507587978
8878	COLD	0.22842641387666976	0.4605853940759386
9012	COLD	0.10141667830092567	0.25533959908144815
10886	COLD	0.1828575496162687	0.36831824694361004
11567	COLD	0.34700942039489746	0.5013291239738464
12020	COLD	0.26370338456971304	0.42898703047207426
12265	COLD	0.2395887247153691	0.4004750166620527
12377	COLD	0.11927139014005661	0.2908104487827846
16537	COLD	0.35410616227558683	0.5197889166218894
17898	COLD	0.13881136689867293	0.290984570980072
18467	COLD	0.14859301064695632	0.2944915166922978
21363	COLD	0.20006655582359859	0.3626699149608612
27440	COLD	0.1651844424860818	0.3209667759282248
31219	COLD	0.2625121112380709	0.4516385495662689
31276	COLD	0.25438828127724783	0.47781180483954294
31283	COLD	0.1376929474728448	0.3055216670036316
60998	COLD	0.15053181456668036	0.3262797636645181
61523	COLD	0.24622693019253866	0.41943720408848356
62351	COLD	0.10418967689786639	0.2699462707553591
62465	COLD	0.19513980618544988	0.3802811247961862
251531	COLD	0.20342528820037842	0.36932472246033804
440917	COLD	0.5494186665330615	0.6756985187530518
637758	COLD	0.23961582779884338	0.4277708743299757
1549025	COLD	0.17912868091038295	0.30998155048915316
2733294	COLD	0.23209549912384578	0.4342962290559496
5281167	COLD	0.23331111882414138	0.4225824177265167
5281168	COLD	0.18932743796280452	0.37403009619031635
5318599	COLD	0.32245459301131113	0.4905770719051361
5352837	COLD	0.2886718767029898	0.46417236753872465
5364231	COLD	0.20150235508169448	0.3576302741255079
262	COLD	0.24775180433477675	0.4056030980178288
323	COLD	0.27333342816148487	0.43532584820474896
750	COLD	0.20682427712849208	0.3548340882573809
753	COLD	0.22809791990688869	0.37695288232394625
962	COLD	0.24300535661833628	0.407848630632673
5862	COLD	0.10970246259655271	0.24369482696056366
5962	COLD	0.1499175386769431	0.30882206559181213
6274	COLD	0.1989834883383342	0.34654337593487333
6322	COLD	0.2036643283707755	0.35711431077548433
6669	COLD	0.18198661506175995	0.3422613867691585
7137	COLD	0.15321152337959834	0.31618689213480267
15654	COLD	0.15129866770335607	0.30070928164890837
62089	COLD	0.23553227101053512	0.42020100355148315
853433	COLD	0.20174050969736917	0.3947364091873169
5371102	COLD	0.2108749555689948	0.39294520020484924
10857465	COLD	0.23123956152370997	0.42425212264060974
180	SOUR	0.25192474467413767	0.4855611026287079
264	SOUR	0.6167615056037903	0.8058638742991856
702	SOUR	0.2656864119427545	0.5328880761350904
1031	SOUR	0.302300010408674	0.5454150608607701
3102	SOUR	0.23609078356197902	0.4802956793989454
3314	SOUR	0.09972929528781346	0.3293774724006653
6506	SOUR	0.4673916016306196	0.7099608097757611
6544	SOUR	0.20088620058127812	0.4393781168120248
6561	SOUR	0.3155967380319323	0.5466728636196682
7092	SOUR	0.16021731070109776	0.3777857891150883
7302	SOUR	0.259881181376321	0.5123946070671082
7476	SOUR	0.14464862857546126	0.37661982008389067
7559	SOUR	0.1973867735692433	0.4104270807334355
7657	SOUR	0.2932221974645342	0.5247671519007001
7770	SOUR	0.35058540957314627	0.5978782602718898
7793	SOUR	0.1772337257862091	0.4249771535396576
7797	SOUR	0.17322573917252676	0.4102549638066973
8025	SOUR	0.28365554554121836	0.5135956619467054
8049	SOUR	0.32008624502590727	0.5407795352595193
8094	SOUR	0.37958401441574097	0.5952272415161133
8419	SOUR	0.1306751540728978	0.3500885622841971
8438	SOUR	0.15306864998170308	0.3780638064656939
8468	SOUR	0.19103131123951503	0.4477144352027348
8815	SOUR	0.1926472783088684	0.4205265726361956
8878	SOUR	0.16798645045076097	0.41856107115745544
9012	SOUR	0.42668988023485455	0.7187205382755825
10886	SOUR	0.2689031830855778	0.5158407347542899
11567	SOUR	0.22683058891977584	0.4327895598752158
12020	SOUR	0.25499155691691805	0.4792757587773459
12265	SOUR	0.266493558883667	0.5115059358733041
12377	SOUR	0.46045864054134916	0.7290535739489964
16537	SOUR	0.28428296957697186	0.5357160823685783
17898	SOUR	0.28331089871270315	0.5610565756048475
18467	SOUR	0.2767872597490038	0.5472642353602818
21363	SOUR	0.5067204833030701	0.7215984037944249
27440	SOUR	0.3344653419085911	0.5899413994380406
31219	SOUR	0.18933287688664027	0.4308004208973476
31276	SOUR	0.22392372574125016	0.4742716295378549
31283	SOUR	0.28404918951647623	0.46884657229696003
60998	SOUR	0.3386580007416861	0.54395421062197
61523	SOUR	0.30919601236070904	0.5725751944950649
62351	SOUR	0.4345859800066267	0.6907901167869568
62465	SOUR	0.1395236306956836	0.3950013816356659
251531	SOUR	0.19066311419010162	0.4544513864176614
440917	SOUR	0.2257051659481866	0.4528721698692867
637758	SOUR	0.2095476474080767	0.42412324462618145
1549025	SOUR	0.26992273117814747	0.5042321469102587
2733294	SOUR	0.27454770675727297	0.5179699872221265
5281167	SOUR	0.32441810624940054	0.5498457040105548
5281168	SOUR	0.4749490703855242	0.6856863583837237
5318599	SOUR	0.26276389615876333	0.4865152324948992
5352837	SOUR	0.24744649231433868	0.47704000558171955
5364231	SOUR	0.3841339179447719	0.6117380602019173
262	SOUR	0.2523670196533203	0.48875472801072256
323	SOUR	0.1288227779524667	0.35472225717135836
750	SOUR	0.23019986493246897	0.4736452187810625
753	SOUR	0.27426145119326456	0.5291106147425515
962	SOUR	0.2026395286832537	0.45117088726588656
5862	SOUR	0.3295193442276546	0.6009563633373806
5962	SOUR	0.4415469595364162	0.6975620985031128
6274	SOUR	0.22891920166356222	0.5081229124750409
6322	SOUR	0.3181382587977818	0.6034101843833923
6669	SOUR	0.17017975662435805	0.3157338414873396
7137	SOUR	0.08853935822844505	0.29595503211021423
15654	SOUR	0.2766050568648747	0.5439923575946263
62089	SOUR	0.42254885179655893	0.6386645436286926
853433	SOUR	0.09318976210696357	0.310847316469465
5371102	SOUR	0.21295073202678136	0.4498068264552525
10857465	SOUR	0.28193107885973795	0.5051196387835911
180	BURNT	0.08288434413926941	0.30549995388303486
264	BURNT	0.07097159326076508	0.28772207881723133
702	BURNT	0.09883134492806026	0.3312390148639679
1031	BURNT	0.08177652316434043	0.29175572310175213
3102	BURNT	0.09171303255217415	0.3083398767880031
3314	BURNT	0.16196783312729426	0.4807031239782061
6506	BURNT	0.16058511180537088	0.4141404075281961
6544	BURNT	0.06475065355854374	0.25974592353616444
6561	BURNT	0.07925299661500114	0.30624890327453613
7092	BURNT	0.07255128238882337	0.23642901650496892
7302	BURNT	0.10863084931458745	0.34656653233936857
7476	BURNT	0.05204416731638568	0.22966178400175913
7559	BURNT	0.05897407020841326	0.21685238182544708
7657	BURNT	0.11618393127407346	0.3504940186228071
7770	BURNT	0.05099642516246864	0.20113181003502437
7793	BURNT	0.0802219073687281	0.26665102584021433
7797	BURNT	0.05030528296317373	0.1714290284684726
8025	BURNT	0.09391993709972926	0.30472031235694885
8049	BURNT	0.13622074574232101	0.3647921255656651
8094	BURNT	0.1512007032121931	0.40253447209085735
8419	BURNT	0.05468302193496909	0.2557383179664612
8438	BURNT	0.05525987382446017	0.23971592102731978
8468	BURNT	0.15351430433137075	0.44268894621304106
8815	BURNT	0.05820131328489099	0.25219046005180906
8878	BURNT	0.04682709090411663	0.17997209940637862
9012	BURNT	0.32163190841674805	0.6210648247173854
10886	BURNT	0.08171893017632621	0.25609841304165976
11567	BURNT	0.14530484804085322	0.3642635643482208
12020	BURNT	0.07486365363001823	0.2724370700972421
12265	BURNT	0.11391451529094151	0.35798020022256033
12377	BURNT	0.17714546407972062	0.48153730375426157
16537	BURNT	0.09943905738847596	0.3184659055301121
17898	BURNT	0.31366004262651714	0.6271347744124276
18467	BURNT	0.2831002558980669	0.5871609789984567
21363	BURNT	0.11385106614657811	0.3890209836619241
27440	BURNT	0.18562401405402593	0.4820334528173719
31219	BURNT	0.04596680136663573	0.20834503642150334
31276	BURNT	0.051488512594785006	0.20961000238146102
31283	BURNT	0.16885891876050405	0.44377300994736807
60998	BURNT	0.1092255168727466	0.3259717949799129
61523	BURNT	0.11248853483370372	0.34537934405463083
62351	BURNT	0.2138133134160723	0.49692236951419283
62465	BURNT	0.2377094967024667	0.6093374235289437
251531	BURNT	0.08096868225506373	0.27642043573515757
440917	BURNT	0.024324377200433185	0.2247379230601447
637758	BURNT	0.05094381368585995	0.19184620252677373
1549025	BURNT	0.08488110452890396	0.3249175931726183
2733294	BURNT	0.09618332183786801	0.27264150764260975
5281167	BURNT	0.08574717491865158	0.31433830090931486
5281168	BURNT	0.1433384514280728	0.4522577737058912
5318599	BURNT	0.13631759477513178	0.36849072575569153
5352837	BURNT	0.10890763785157885	0.33249287945883615
5364231	BURNT	0.14882753044366837	0.3718703729765756
262	BURNT	0.09786660756383624	0.30964409027780804
323	BURNT	0.07964879779943398	0.27916018451963154
750	BURNT	0.11930311577660697	0.3572655958788736
753	BURNT	0.12661729007959366	0.36764524238450186
962	BURNT	0.06984936924917358	0.2729529993874686
5862	BURNT	0.25494818815163206	0.5443780464785439
5962	BURNT	0.15593232001577104	0.39412146380969454
6274	BURNT	0.1650238356419972	0.42760460717337473
6322	BURNT	0.15108564496040344	0.3982227487223489
6669	BURNT	0.06048070586153439	0.1848497518471309
7137	BURNT	0.1309022381901741	0.36467509610312326
15654	BURNT	0.19687467174870626	0.49278776134763447
62089	BURNT	0.16679738674845015	0.47880202531814575
853433	BURNT	0.134767014001097	0.41380858421325684
5371102	BURNT	0.121116361447743	0.3266463875770569
10857465	BURNT	0.11383951774665288	0.36064356139728
180	ACID	0.3893108197620937	0.6194634096963065
264	ACID	0.31913932306425913	0.48661133646965027
702	ACID	0.2255557541336332	0.44121219856398447
1031	ACID	0.25880332716873716	0.48371454647609163
3102	ACID	0.2577760624034064	0.46301102212497164
3314	ACID	0.18465890841824667	0.4017060909952436
6506	ACID	0.2665352097579411	0.4385595406804766
6544	ACID	0.26907576407705036	0.520359354359763
6561	ACID	0.5416614072663444	0.7354261193956647
7092	ACID	0.11368109498705183	0.35402960436684744
7302	ACID	0.2823876738548279	0.4888899028301239
7476	ACID	0.18203113121645792	0.42895794340542387
7559	ACID	0.2795269787311554	0.49420973658561707
7657	ACID	0.38058584928512573	0.580659134047372
7770	ACID	0.21513601073196956	0.4115375578403473
7793	ACID	0.19298516639641353	0.4577898383140564
7797	ACID	0.09644411451050214	0.27447826734610964
8025	ACID	0.3321030523095812	0.5578378098351615
8049	ACID	0.18970269177641189	0.3597812908036368
8094	ACID	0.2977543898991176	0.5261751243046352
8419	ACID	0.13172841497829982	0.3225741173539843
8438	ACID	0.10935823087181364	0.29570096731185913
8468	ACID	0.19408374173300608	0.39356947370937895
8815	ACID	0.2258397319487163	0.4427906147071293
8878	ACID	0.12210986976112638	0.28687036888939993
9012	ACID	0.37218279923711506	0.6223763823509216
10886	ACID	0.18601583050830023	0.37310826778411865
11567	ACID	0.5151094538824899	0.7250737122126988
12020	ACID	0.3239354022911617	0.5509390618119921
12265	ACID	0.39589184522628784	0.6161820122173854
12377	ACID	0.3840863066060202	0.6134314451898847
16537	ACID	0.3269805227007185	0.5425289060388293
17898	ACID	0.245133781007358	0.4577476552554539
18467	ACID	0.22839051910809108	0.4418956552233015
21363	ACID	0.311956239598138	0.5258711533887046
27440	ACID	0.3815277474267142	0.6092993446758815
31219	ACID	0.22997015288897923	0.4344528317451477
31276	ACID	0.3779877168791635	0.5979122604642596
31283	ACID	0.2076458420072283	0.3644006167139326
60998	ACID	0.2063120560986655	0.3857537678309849
61523	ACID	0.2962043753692082	0.5105976590088436
62351	ACID	0.28123908809253145	0.5185387475149972
62465	ACID	0.25199121449674877	0.48173006091799053
251531	ACID	0.17187358013221196	0.3787285472665514
440917	ACID	0.3099389203957149	0.5261068258966718
637758	ACID	0.11589294565575463	0.35830858775547575
1549025	ACID	0.19122989688600814	0.34866069895880564
2733294	ACID	0.1971287535769599	0.3793658827032362
5281167	ACID	0.2242804276091712	0.45694535970687866
5281168	ACID	0.37050127131598337	0.5881137762750898
5318599	ACID	0.304177463054657	0.5549502372741699
5352837	ACID	0.2516828030347824	0.48763058866773334
5364231	ACID	0.21914956612246378	0.41611464960234507
262	ACID	0.2933063805103302	0.5063928919179099
323	ACID	0.15032949085746491	0.3870051460606711
750	ACID	0.1820892776761736	0.36418070111955914
753	ACID	0.25339748178209576	0.4565905715738024
962	ACID	0.18396679418427603	0.3860225592340742
5862	ACID	0.16282001989228384	0.3929916407380785
5962	ACID	0.23828025587967464	0.4516265945775168
6274	ACID	0.17947425161089217	0.37975685937064035
6322	ACID	0.24412974289485387	0.45095723441668917
6669	ACID	0.12332494237593242	0.3030319937637874
7137	ACID	0.09850945323705673	0.31972804239818026
15654	ACID	0.21579428442886897	0.4418391968522753
62089	ACID	0.3872390559741429	0.6189461265291486
853433	ACID	0.16712634584733418	0.3969256281852722
5371102	ACID	0.2238549483673913	0.4496099863733564
10857465	ACID	0.3450476995536259	0.553263247013092
180	WARM	0.22582345136574336	0.4177719993250711
264	WARM	0.3289313869816916	0.5770170944077628
702	WARM	0.22992106207779475	0.4322763298239027
1031	WARM	0.217060563819749	0.4264847380774362
3102	WARM	0.26164065088544575	0.47236885343279156
3314	WARM	0.5640971830912999	0.7597644839968
6506	WARM	0.3006596394947597	0.5125365512711662
6544	WARM	0.3038939791066306	0.5548070328576225
6561	WARM	0.2670375938926424	0.5055043952805656
7092	WARM	0.422543466091156	0.6396424855504718
7302	WARM	0.28989212427820477	0.49515522377831594
7476	WARM	0.3065393056188311	0.5420387216976711
7559	WARM	0.3368566759995052	0.5856802718979972
7657	WARM	0.2809602064745767	0.4908274369580405
7770	WARM	0.26887015785489765	0.5599755644798279
7793	WARM	0.21869631750243052	0.4385113162653787
7797	WARM	0.35180501852716717	0.6088770542825971
8025	WARM	0.25347547020230976	0.471937039068767
8049	WARM	0.31189663069588797	0.5280576263155256
8094	WARM	0.3299351760319301	0.5716320361409869
8419	WARM	0.48412621872765677	0.6642381804330009
8438	WARM	0.41827415568487986	0.6094293594360352
8468	WARM	0.4051729440689087	0.606734539781298
8815	WARM	0.34037422282355173	0.5748559491974967
8878	WARM	0.32143174750464304	0.569889383656638
9012	WARM	0.3980877995491028	0.6578531776155744
10886	WARM	0.27136246647153583	0.5019357289586749
11567	WARM	0.2755238115787506	0.494632363319397
12020	WARM	0.2265902033873967	0.4324478166443961
12265	WARM	0.26134356430598665	0.47861010261944364
12377	WARM	0.3453772749219622	0.5884417125156948
16537	WARM	0.2864696340901511	0.5308051024164472
17898	WARM	0.44918704884392874	0.6656313197953361
18467	WARM	0.4252368211746216	0.6286560552460807
21363	WARM	0.34363758989742826	0.5828775252614703
27440	WARM	0.37862065008708407	0.618749703679766
31219	WARM	0.3008484159197126	0.5366468855312893
31276	WARM	0.23422569249357497	0.49194746783801485
31283	WARM	0.37783037764685495	0.6159163883754185
60998	WARM	0.4201342591217586	0.6456801635878426
61523	WARM	0.2634355681283133	0.47953141161373686
62351	WARM	0.34335937244551523	0.567217937537602
62465	WARM	0.49750601393835886	0.7007779053279332
251531	WARM	0.2383997184889657	0.4485341693673815
440917	WARM	0.22818031907081604	0.47374713846615385
637758	WARM	0.3779994079044887	0.6259351628167289
1549025	WARM	0.2686440518924168	0.450274863413402
2733294	WARM	0.3094034492969513	0.5548374908311027
5281167	WARM	0.27404553975377766	0.5135401870523181
5281168	WARM	0.29610250677381245	0.5194645055702755
5318599	WARM	0.29869078738348825	0.5155473904950278
5352837	WARM	0.2823951925550188	0.4960207257952009
5364231	WARM	0.33416808928762165	0.562697878905705
262	WARM	0.23750220239162445	0.43592412982668194
323	WARM	0.46891787222453524	0.6918651631900242
750	WARM	0.3024341208594186	0.5139666071959904
753	WARM	0.25800555092947824	0.4675482468945639
962	WARM	0.29429061497960773	0.5044411037649427
5862	WARM	0.40769717523029875	0.62399993624006
5962	WARM	0.3298010698386601	0.5581425683838981
6274	WARM	0.34104730827467783	0.5566308157784599
6322	WARM	0.26237079075404574	0.49156990221568514
6669	WARM	0.3897417485713959	0.6317129731178284
7137	WARM	0.6047670841217041	0.8082294549260821
15654	WARM	0.38818794063159395	0.5975787724767413
62089	WARM	0.32401236465999056	0.5682612657546997
853433	WARM	0.5393386994089399	0.7580750669751849
5371102	WARM	0.29535400441714693	0.5268650650978088
10857465	WARM	0.3692421189376286	0.605611903326852
180	MUSKY	0.2186922856739589	0.4560342516217913
264	MUSKY	0.6223973717008319	0.845771074295044
702	MUSKY	0.2474519227232252	0.4879172997815268
1031	MUSKY	0.2788091429642269	0.525745438677924
3102	MUSKY	0.23800717081342423	0.48638919421604704
3314	MUSKY	0.17119417658873967	0.36960497924259733
6506	MUSKY	0.3578906442437853	0.6071663498878479
6544	MUSKY	0.2262896661247526	0.4455937658037458
6561	MUSKY	0.3001446638788496	0.5552961315427508
7092	MUSKY	0.1712438804762704	0.3755936792918614
7302	MUSKY	0.2503750132662909	0.502146737916129
7476	MUSKY	0.16661067732742854	0.4084248798234122
7559	MUSKY	0.15582390236003058	0.3793973795005253
7657	MUSKY	0.2550198904105595	0.5215390878064292
7770	MUSKY	0.20880837525640214	0.46964713505336214
7793	MUSKY	0.19808135713849748	0.4807965840612139
7797	MUSKY	0.07200373389891215	0.2780335971287319
8025	MUSKY	0.1941589308636529	0.44702279567718506
8049	MUSKY	0.3087342083454132	0.5476083840642657
8094	MUSKY	0.39879352705819265	0.6748998931476048
8419	MUSKY	0.1474379939692361	0.336207960333143
8438	MUSKY	0.15966967173985072	0.3682862179619925
8468	MUSKY	0.21434503367968968	0.4494701198169163
8815	MUSKY	0.14863443161760057	0.3503029942512512
8878	MUSKY	0.09249909381781306	0.3099387458392552
9012	MUSKY	0.37422435198511395	0.6732358506747654
10886	MUSKY	0.21857647810663497	0.4631001651287079
11567	MUSKY	0.19559736549854279	0.42049666813441683
12020	MUSKY	0.21665254022393907	0.45883762410708834
12265	MUSKY	0.2502330775771822	0.5157471128872463
12377	MUSKY	0.3147885075637272	0.636139520577022
16537	MUSKY	0.2117857826607568	0.469328944172178
17898	MUSKY	0.35871306487492155	0.6852636848177228
18467	MUSKY	0.3416952533381326	0.6518555113247463
21363	MUSKY	0.5556572505405971	0.8283723677907672
27440	MUSKY	0.3179679640701839	0.6350500668798175
31219	MUSKY	0.14979873597621918	0.36763548851013184
31276	MUSKY	0.09961118442671639	0.3386236982686179
31283	MUSKY	0.33350242035729544	0.5762586763926915
60998	MUSKY	0.3782797413212912	0.6376056926591056
61523	MUSKY	0.24891357123851776	0.5345015100070408
62351	MUSKY	0.3601996430328914	0.6725522705486843
62465	MUSKY	0.22808150947093964	0.48433558855737957
251531	MUSKY	0.22648461163043976	0.46587088278361727
440917	MUSKY	0.11132633898939405	0.3207762454237257
637758	MUSKY	0.18802078706877573	0.4023178815841675
1549025	MUSKY	0.21635325678757258	0.4363128926072802
2733294	MUSKY	0.17022576608828136	0.40302040747233797
5281167	MUSKY	0.2611068593604224	0.5108456185885838
5281168	MUSKY	0.3918026217392513	0.6711383036204747
5318599	MUSKY	0.2692717207329614	0.5536961555480957
5352837	MUSKY	0.22155729787690298	0.4962194093636104
5364231	MUSKY	0.2611102078642164	0.535981399672372
262	MUSKY	0.23804941986288344	0.4819223667894091
323	MUSKY	0.15282233485153743	0.3495928815432957
750	MUSKY	0.21973820243562972	0.4652593604155949
753	MUSKY	0.23147920199802943	0.4906227248055594
962	MUSKY	0.1942458301782608	0.41122710704803467
5862	MUSKY	0.3213476836681366	0.6034053904669625
5962	MUSKY	0.4234387959752764	0.6997087597846985
6274	MUSKY	0.25271072557994295	0.5032933098929269
6322	MUSKY	0.3165643981524876	0.5667580621583121
6669	MUSKY	0.21387475728988647	0.48267338957105366
7137	MUSKY	0.11323598559413638	0.2974383022103991
15654	MUSKY	0.3426090521471841	0.6361281786646161
62089	MUSKY	0.45601009896823336	0.7256362778799874
853433	MUSKY	0.1568222035254751	0.3418637088366917
5371102	MUSKY	0.25157091873032705	0.45340918217386517
10857465	MUSKY	0.3519420198031834	0.6152314969471523
180	SWEATY	0.1451436792101179	0.3554622743810926
264	SWEATY	0.551346697977611	0.7906367949077061
702	SWEATY	0.17506263937268937	0.385098044361387
1031	SWEATY	0.20452317595481873	0.4384996678147997
3102	SWEATY	0.1344181267278535	0.31495578374181477
3314	SWEATY	0.07463565096259117	0.1771751046180725
6506	SWEATY	0.2854761119399752	0.5438628963061741
6544	SWEATY	0.13260737593684876	0.2899885986532484
6561	SWEATY	0.217983073421887	0.42164977959224154
7092	SWEATY	0.11250117421150208	0.24804563181740896
7302	SWEATY	0.16026384489876883	0.35572939685412813
7476	SWEATY	0.09152715120996747	0.2577228162969862
7559	SWEATY	0.1363372802734375	0.2908037177153996
7657	SWEATY	0.1747718389545168	0.38811588287353516
7770	SWEATY	0.20125250731195723	0.40207656792231966
7793	SWEATY	0.1126044328723635	0.27841794065066744
7797	SWEATY	0.08181827302489962	0.19545721582004003
8025	SWEATY	0.14297430855887278	0.3679686657020024
8049	SWEATY	0.225990144269807	0.43900854672704426
8094	SWEATY	0.2859310976096562	0.5518055813653129
8419	SWEATY	0.07086998756442751	0.17796193276132857
8438	SWEATY	0.09100515767931938	0.21038519697529928
8468	SWEATY	0.12429703239883695	0.2768393861395972
8815	SWEATY	0.10226097809416908	0.2510937111718314
8878	SWEATY	0.08178270022783961	0.20781999826431274
9012	SWEATY	0.25041944427149637	0.5411710228238787
10886	SWEATY	0.16428678589207785	0.381838070494788
11567	SWEATY	0.10144987276622228	0.258602146591459
12020	SWEATY	0.14104005055768148	0.3441422496523176
12265	SWEATY	0.157530563218253	0.38394090959003996
12377	SWEATY	0.23745642389569963	0.5200301025594983
16537	SWEATY	0.14429912183965957	0.30703296831675936
17898	SWEATY	0.212879336306027	0.49230489134788513
18467	SWEATY	0.20038561948708125	0.4580248551709311
21363	SWEATY	0.4576415547302791	0.6917985677719116
27440	SWEATY	0.20413364682878768	0.47872152498790194
31219	SWEATY	0.10891833794968468	0.28736455951418194
31276	SWEATY	0.08469481872660774	0.24347045591899327
31283	SWEATY	0.2304700038262776	0.4564154658998762
60998	SWEATY	0.2640884092875889	0.4863907141344888
61523	SWEATY	0.19437583642346518	0.4141006810324533
62351	SWEATY	0.26452199263232096	0.5221503334386008
62465	SWEATY	0.09941672533750534	0.2505779138633183
251531	SWEATY	0.12691000423261098	0.317466676235199
440917	SWEATY	0.06416380990828786	0.14928510785102844
637758	SWEATY	0.14468389855963842	0.2955125485147749
1549025	SWEATY	0.16063692101410457	0.33545597961970736
2733294	SWEATY	0.1531516888311931	0.327679306268692
5281167	SWEATY	0.20824206939765386	0.43628490822655813
5281168	SWEATY	0.28081971406936646	0.5387019515037537
5318599	SWEATY	0.17332525764192855	0.3824287950992584
5352837	SWEATY	0.1340903245976993	0.3208165041037968
5364231	SWEATY	0.2042863816022873	0.4364174348967416
262	SWEATY	0.16051819707666123	0.36376644883837017
323	SWEATY	0.09481876024178096	0.20819102440561568
750	SWEATY	0.15954763335841043	0.3291285037994385
753	SWEATY	0.16096481255122594	0.3671027975422995
962	SWEATY	0.131994189960616	0.28665514503206524
5862	SWEATY	0.23577175182955606	0.4582052741731916
5962	SWEATY	0.33500840408461435	0.5677135501589093
6274	SWEATY	0.1700200970683779	0.3387208878993988
6322	SWEATY	0.2396378559725625	0.4262205532618931
6669	SWEATY	0.14698322117328644	0.3214873969554901
7137	SWEATY	0.06575867773166724	0.1385927445122174
15654	SWEATY	0.20090352637427195	0.4715836984770639
62089	SWEATY	0.3205147385597229	0.5882148231778827
853433	SWEATY	0.0711858229977744	0.15575732290744781
5371102	SWEATY	0.13700024357863835	0.3048550656863621
10857465	SWEATY	0.18630719823496683	0.3939152657985687
180	AMMONIA/URINOUS	0.37613095555986675	0.5499756251062665
264	AMMONIA/URINOUS	0.48413962551525663	0.6152063267571586
702	AMMONIA/URINOUS	0.2052920630999974	0.3709963176931654
1031	AMMONIA/URINOUS	0.27722748688289095	0.4542043464524405
3102	AMMONIA/URINOUS	0.2549583592585155	0.4144454002380371
3314	AMMONIA/URINOUS	0.1727132158620017	0.31663860593523296
6506	AMMONIA/URINOUS	0.2569757785115923	0.392560213804245
6544	AMMONIA/URINOUS	0.3261332426752363	0.4734916772161211
6561	AMMONIA/URINOUS	0.5903259813785553	0.7156681418418884
7092	AMMONIA/URINOUS	0.15328539588621684	0.2894098801272256
7302	AMMONIA/URINOUS	0.2999346618141447	0.46032767636435373
7476	AMMONIA/URINOUS	0.22122228358473098	0.36556979162352427
7559	AMMONIA/URINOUS	0.34911500981875826	0.4978047524179731
7657	AMMONIA/URINOUS	0.4074305551392691	0.5558518043586186
7770	AMMONIA/URINOUS	0.2592367487294333	0.42290871909686495
7793	AMMONIA/URINOUS	0.2630589668239866	0.42773223774773733
7797	AMMONIA/URINOUS	0.062012494674750736	0.13151461418185914
8025	AMMONIA/URINOUS	0.35264570798192707	0.5283263794013432
8049	AMMONIA/URINOUS	0.19811342017991201	0.3012751340866089
8094	AMMONIA/URINOUS	0.3730840299810682	0.5167711249419621
8419	AMMONIA/URINOUS	0.12405437869685036	0.2442725364650999
8438	AMMONIA/URINOUS	0.11016530224255153	0.2242798869098936
8468	AMMONIA/URINOUS	0.18346082951341355	0.33032727241516113
8815	AMMONIA/URINOUS	0.19752604407923563	0.35782633083207266
8878	AMMONIA/URINOUS	0.10627104235546929	0.1722377591899463
9012	AMMONIA/URINOUS	0.47105767897197176	0.6575936419623238
10886	AMMONIA/URINOUS	0.21775981996740615	0.34252606545175823
11567	AMMONIA/URINOUS	0.4999519927161081	0.6362336277961731
12020	AMMONIA/URINOUS	0.3284326876912798	0.5057814206395831
12265	AMMONIA/URINOUS	0.4212002967085157	0.5912702935082572
12377	AMMONIA/URINOUS	0.444945011820112	0.6190635987690517
16537	AMMONIA/URINOUS	0.3290008434227535	0.49629365120615276
17898	AMMONIA/URINOUS	0.3280831447669438	0.48389420339039396
18467	AMMONIA/URINOUS	0.3007740101643971	0.4580821394920349
21363	AMMONIA/URINOUS	0.5302510687283107	0.632208662373679
27440	AMMONIA/URINOUS	0.46780134098870413	0.6217943004199437
31219	AMMONIA/URINOUS	0.21943341834204538	0.36892188446862356
31276	AMMONIA/URINOUS	0.3010505054678236	0.5103873440197536
31283	AMMONIA/URINOUS	0.18773035279342107	0.2785712033510208
60998	AMMONIA/URINOUS	0.4745171921593802	0.6087405596460614
61523	AMMONIA/URINOUS	0.323741866009576	0.4859422189848764
62351	AMMONIA/URINOUS	0.35071090715272085	0.5230353857789721
62465	AMMONIA/URINOUS	0.24182099316801345	0.4166874459811619
251531	AMMONIA/URINOUS	0.16085920270000184	0.294052106993539
440917	AMMONIA/URINOUS	0.2425349716629301	0.427428092275347
637758	AMMONIA/URINOUS	0.22221394096102035	0.35940054059028625
1549025	AMMONIA/URINOUS	0.1955609034214701	0.2780929058790207
2733294	AMMONIA/URINOUS	0.18531927253518785	0.2961298482758658
5281167	AMMONIA/URINOUS	0.24486437227044786	0.41611023034368244
5281168	AMMONIA/URINOUS	0.3730797639914921	0.546606889792851
5318599	AMMONIA/URINOUS	0.3483356705733708	0.49786974276815144
5352837	AMMONIA/URINOUS	0.2724573654787881	0.43727028369903564
5364231	AMMONIA/URINOUS	0.19142453372478485	0.3485064761979239
262	AMMONIA/URINOUS	0.291649409702846	0.4527549019881657
323	AMMONIA/URINOUS	0.1993549338408879	0.349844115121024
750	AMMONIA/URINOUS	0.1252823770046234	0.2412150651216507
753	AMMONIA/URINOUS	0.23691793637616293	0.39633781143597197
962	AMMONIA/URINOUS	0.14015437023980276	0.28302556702068876
5862	AMMONIA/URINOUS	0.23128109105995723	0.365842980997903
5962	AMMONIA/URINOUS	0.34439946923937115	0.49042039683886934
6274	AMMONIA/URINOUS	0.16663655000073568	0.3150115524019514
6322	AMMONIA/URINOUS	0.2538848689624241	0.3926793038845062
6669	AMMONIA/URINOUS	0.1633589831846101	0.22278895548411778
7137	AMMONIA/URINOUS	0.14785621847425187	0.22680735481636866
15654	AMMONIA/URINOUS	0.28405479873929707	0.4508557106767382
62089	AMMONIA/URINOUS	0.4487046939986093	0.5889315520014081
853433	AMMONIA/URINOUS	0.17917269042560033	0.3173088771956308
5371102	AMMONIA/URINOUS	0.28908384272030424	0.398823014327458
10857465	AMMONIA/URINOUS	0.44281538895198275	0.5902368170874459
180	DECAYED	0.07446873560547829	0.318289761032377
264	DECAYED	0.2586702363831656	0.6081409794943673
702	DECAYED	0.07858352309891156	0.31617291484560284
1031	DECAYED	0.09417486935853958	0.34975080830710276
3102	DECAYED	0.06506797618099622	0.270259610244206
3314	DECAYED	0.03480569140187332	0.24592573940753937
6506	DECAYED	0.15278248063155583	0.39493244886398315
6544	DECAYED	0.09030722826719284	0.3504607507160732
6561	DECAYED	0.1270401711974825	0.4387803631169455
7092	DECAYED	0.07582263648509979	0.26767084853989737
7302	DECAYED	0.08790986346346992	0.3374961188861302
7476	DECAYED	0.05235345821295466	0.22684825956821442
7559	DECAYED	0.06773315316864423	0.2893986829689571
7657	DECAYED	0.09353194066456386	0.3573117809636252
7770	DECAYED	0.13781496243817465	0.41579169034957886
7793	DECAYED	0.05268656089901924	0.24635100364685059
7797	DECAYED	0.04808914129223142	0.22834555166108267
8025	DECAYED	0.09758687232221876	0.37676752890859333
8049	DECAYED	0.09586437312620026	0.32116606405803133
8094	DECAYED	0.17604433638708933	0.43513608404568266
8419	DECAYED	0.04168584570288658	0.196385424051966
8438	DECAYED	0.0491852837481669	0.21296713820525578
8468	DECAYED	0.04523522965610027	0.2724687159061432
8815	DECAYED	0.0717146455177239	0.2923460453748703
8878	DECAYED	0.052437822201422284	0.23635193066937582
9012	DECAYED	0.27180237216608866	0.6454505154064724
10886	DECAYED	0.08335095111812864	0.3243298488003867
11567	DECAYED	0.07556333712169103	0.3365927381174905
12020	DECAYED	0.07462994435003825	0.3319645779473441
12265	DECAYED	0.09972517724548068	0.38602402806282043
12377	DECAYED	0.2910983456032617	0.669444169316973
16537	DECAYED	0.07897657209209033	0.3186227125780923
17898	DECAYED	0.14641046736921584	0.47682047316006254
18467	DECAYED	0.13533896739993775	0.44411130462374004
21363	DECAYED	0.22048047397817885	0.5588888142790113
27440	DECAYED	0.21127943907465255	0.5751859886305672
31219	DECAYED	0.06565612660987037	0.2766226998397282
31276	DECAYED	0.08608293799417359	0.3193215685231345
31283	DECAYED	0.08537904439227921	0.28317936190537046
60998	DECAYED	0.09300190955400467	0.3794824353286198
61523	DECAYED	0.0851309315434524	0.3463959779058184
62351	DECAYED	0.23238332569599152	0.5674012984548297
62465	DECAYED	0.052265269149627	0.3149375021457672
251531	DECAYED	0.05335967615246773	0.228387217436518
440917	DECAYED	0.0624334274658135	0.2491030033145632
637758	DECAYED	0.08009482707296099	0.2868241454873766
1549025	DECAYED	0.04975357997630324	0.25135999066489084
2733294	DECAYED	0.10329288244247437	0.34974144612039837
5281167	DECAYED	0.10528808406421117	0.3785034716129303
5281168	DECAYED	0.15646195943866456	0.44152761357171194
5318599	DECAYED	0.10078370677573341	0.3238363436290196
5352837	DECAYED	0.08502660851393427	0.2966609937804086
5364231	DECAYED	0.12399740197828837	0.39040379013334003
262	DECAYED	0.07299447432160378	0.3083289478506361
323	DECAYED	0.06948329188993999	0.2747328281402588
750	DECAYED	0.04304147272237709	0.2436059926237379
753	DECAYED	0.08217523459877286	0.3102759463446481
962	DECAYED	0.04938914520399911	0.23026993444987706
5862	DECAYED	0.17128427752426692	0.46031602365630014
5962	DECAYED	0.21649156936577388	0.516749484198434
6274	DECAYED	0.06734376081398555	0.2948751449584961
6322	DECAYED	0.12107286495821816	0.35621024881090435
6669	DECAYED	0.04887071464742933	0.25503327591078623
7137	DECAYED	0.04009075915174825	0.2076272347143718
15654	DECAYED	0.13699088777814591	0.4637344309261867
62089	DECAYED	0.1721962828721319	0.43449220061302185
853433	DECAYED	0.03650173172354698	0.22745809597628458
5371102	DECAYED	0.09109834475176674	0.28452848962375094
10857465	DECAYED	0.14183096481221064	0.4411681422165462
180	WOOD	0.1876086571386882	0.36641960058893475
264	WOOD	0.09004114142486028	0.28104282276971
702	WOOD	0.2157692164182663	0.4030681039605822
1031	WOOD	0.16882892378738948	0.3391674203532083
3102	WOOD	0.20131950293268477	0.39798728057316374
3314	WOOD	0.2315546955381121	0.4266787511961801
6506	WOOD	0.2400537303515843	0.4482552536896297
6544	WOOD	0.2720316861357008	0.4935036897659302
6561	WOOD	0.17367966153791972	0.355243193251746
7092	WOOD	0.16347879384245192	0.3652995356491634
7302	WOOD	0.2410215586423874	0.4440853638308389
7476	WOOD	0.15315900636570795	0.3355736519609179
7559	WOOD	0.06427506623523575	0.18497914288725173
7657	WOOD	0.15352805384567805	0.341269246169499
7770	WOOD	0.04639959654637745	0.1553673722914287
7793	WOOD	0.21081599380288804	0.4469961864607675
7797	WOOD	0.08888156286307744	0.23753436761243002
8025	WOOD	0.11086402727024895	0.2376812824181148
8049	WOOD	0.19995329422610147	0.41090485027858187
8094	WOOD	0.2827629340546472	0.5045219021184104
8419	WOOD	0.1545029953122139	0.30448647482054575
8438	WOOD	0.14869503144707	0.3296521944659097
8468	WOOD	0.2758759387901851	0.4899893317903791
8815	WOOD	0.15532622167042323	0.32257639510290964
8878	WOOD	0.08329288767916816	0.22402351456029074
9012	WOOD	0.14669185770409449	0.3713018468448094
10886	WOOD	0.15947322121688298	0.3121192008256912
11567	WOOD	0.27166808928762165	0.49188866359846933
12020	WOOD	0.1636310283626829	0.3309540237699236
12265	WOOD	0.2177956019129072	0.4017361955983298
12377	WOOD	0.15746420408998216	0.3681365805012839
16537	WOOD	0.2999142770256315	0.5332211000578744
17898	WOOD	0.38365204845155987	0.6245208893503461
18467	WOOD	0.33037239738873075	0.5718715786933899
21363	WOOD	0.2653067537716457	0.49682287658963886
27440	WOOD	0.26035902329853605	0.49199556027139935
31219	WOOD	0.10281656309962273	0.25959160923957825
31276	WOOD	0.09006252512335777	0.2075157059090478
31283	WOOD	0.27015609613486696	0.5181681045464107
60998	WOOD	0.16926521914345877	0.3675561547279358
61523	WOOD	0.19787106556551798	0.4334379093987601
62351	WOOD	0.2108019483940942	0.4485734616007124
62465	WOOD	0.3213012303624834	0.5468821270125253
251531	WOOD	0.20656565257481166	0.4035473167896271
440917	WOOD	0.2735053726605007	0.4550083705357143
637758	WOOD	0.05829728926931109	0.17916535479681833
1549025	WOOD	0.23915173326219832	0.44177739109311787
2733294	WOOD	0.151142812200955	0.33397571955408367
5281167	WOOD	0.20413818316800253	0.41309008853776114
5281168	WOOD	0.32225596053259714	0.558924696275166
5318599	WOOD	0.2632725430386407	0.4877495893410274
5352837	WOOD	0.20529718909944808	0.4422224887779781
5364231	WOOD	0.21273306012153625	0.445198906319482
262	WOOD	0.18645775743893214	0.37743373428072247
323	WOOD	0.18313577345439366	0.4005160459450313
750	WOOD	0.24850599254880631	0.45417251757213045
753	WOOD	0.2166525615113122	0.418425372668675
962	WOOD	0.18748149275779724	0.3637569078377315
5862	WOOD	0.23159140987055643	0.4489719143935612
5962	WOOD	0.2697059214115143	0.4717723642076765
6274	WOOD	0.3061875445502145	0.5154813570635659
6322	WOOD	0.3395970250879015	0.5401327950613839
6669	WOOD	0.20259772028241838	0.39222888009888784
7137	WOOD	0.18028623930045537	0.3684683399541037
15654	WOOD	0.3058945706912449	0.5325469289507184
62089	WOOD	0.3718124670641763	0.592272162437439
853433	WOOD	0.19942547380924225	0.37678809676851543
5371102	WOOD	0.20642622453825815	0.3986916584627969
10857465	WOOD	0.4194465237004416	0.6288777078901019
180	GRASS	0.08250908393945013	0.23944091371127538
264	GRASS	0.04121392646006176	0.2198449479682105
702	GRASS	0.09963814807789666	0.2740252358572824
1031	GRASS	0.10353084334305354	0.2668256631919316
3102	GRASS	0.10556009411811829	0.313279573406492
3314	GRASS	0.02967586075620992	0.2258474507502147
6506	GRASS	0.06294974312186241	0.25120375411851065
6544	GRASS	0.18715385986225946	0.4413841281618391
6561	GRASS	0.07907870465091296	0.2413855642080307
7092	GRASS	0.11918236528124128	0.31709785546575275
7302	GRASS	0.08693383421216692	0.2879531021629061
7476	GRASS	0.15505356660911015	0.3638900262968881
7559	GRASS	0.1396972547684397	0.32724698526518686
7657	GRASS	0.09907623593296323	0.2957270996911185
7770	GRASS	0.05157647441540446	0.20133258828095027
7793	GRASS	0.14024970148290908	0.4210339827196939
7797	GRASS	0.09763857296534947	0.264850703733308
8025	GRASS	0.0796569607087544	0.25500022726399557
8049	GRASS	0.04779985121318272	0.2215584729399
8094	GRASS	0.08135747324143137	0.25493897923401426
8419	GRASS	0.07023098905171667	0.22922185063362122
8438	GRASS	0.09350882257734026	0.2529395818710327
8468	GRASS	0.07547866180539131	0.2647138259240559
8815	GRASS	0.1393852425473077	0.3718375137874058
8878	GRASS	0.08630096805947167	0.26482072472572327
9012	GRASS	0.0542775323348386	0.2696448734828404
10886	GRASS	0.12497932463884354	0.34611586162022184
11567	GRASS	0.05543091733540807	0.25657498623643604
12020	GRASS	0.11884794597114835	0.32303162131990704
12265	GRASS	0.08082082974059242	0.2636941501072475
12377	GRASS	0.10325159345354352	0.37055724433490206
16537	GRASS	0.27671681131635395	0.6081060256276812
17898	GRASS	0.06549412437847682	0.25185471773147583
18467	GRASS	0.05272500483053071	0.23329230078629085
21363	GRASS	0.06778203323483467	0.25187323561736513
27440	GRASS	0.13465552777051926	0.3686064268861498
31219	GRASS	0.06755118497780391	0.2259007075003215
31276	GRASS	0.048017611993210654	0.21520048592771804
31283	GRASS	0.03532548913998263	0.21497332198279245
60998	GRASS	0.09371559641190938	0.3436716156346457
61523	GRASS	0.21314244185175216	0.5126478033406394
62351	GRASS	0.1401390635541507	0.398903557232448
62465	GRASS	0.03302631447357791	0.22723511287144252
251531	GRASS	0.09666466553296361	0.2824973591736385
440917	GRASS	0.1847436555794307	0.519857257604599
637758	GRASS	0.053247808877910884	0.22396971498216903
1549025	GRASS	0.11478476864950997	0.33359443289893015
2733294	GRASS	0.35128991518701824	0.5867198194776263
5281167	GRASS	0.32614257505961824	0.6178732769829887
5281168	GRASS	0.21785441679613932	0.48976477554866243
5318599	GRASS	0.17919367764677321	0.3957164543015616
5352837	GRASS	0.18639331417424337	0.41154909133911133
5364231	GRASS	0.31439522760254995	0.5731564589909145
262	GRASS	0.0823456591793469	0.23260789045265742
323	GRASS	0.09246657256569181	0.3063341804913112
750	GRASS	0.08349853328296117	0.25068284784044537
753	GRASS	0.08978708514145442	0.26519583804266794
962	GRASS	0.0804260756288256	0.2473709625857217
5862	GRASS	0.042580822482705116	0.2106651940516063
5962	GRASS	0.0831524059176445	0.28592099462236675
6274	GRASS	0.09173070373279708	0.2798134982585907
6322	GRASS	0.1003387990806784	0.2966794584478651
6669	GRASS	0.062339787770594866	0.21114630358559744
7137	GRASS	0.03614095864551408	0.2256684239421572
15654	GRASS	0.09238638409546443	0.3205731340817043
62089	GRASS	0.05397054872342518	0.2305237203836441
853433	GRASS	0.039254842059952874	0.23876948016030447
5371102	GRASS	0.16355874921594346	0.38428281460489544
10857465	GRASS	0.184168102485793	0.3785627271447863
180	FLOWER	0.10194163237299238	0.2688493643488203
264	FLOWER	0.08068723604083061	0.24700196725981577
702	FLOWER	0.1181723347731999	0.3293223125594003
1031	FLOWER	0.10916522038834435	0.31170266015189035
3102	FLOWER	0.2438611558505467	0.46953275374003817
3314	FLOWER	0.2647112246070589	0.5588534431798118
6506	FLOWER	0.11682469184909548	0.2853581500904901
6544	FLOWER	0.18563520908355713	0.39303267002105713
6561	FLOWER	0.0942034258374146	0.2637893962008612
7092	FLOWER	0.24445498841149466	0.46476983598300387
7302	FLOWER	0.11782894496406827	0.29965016671589445
7476	FLOWER	0.45763212016650606	0.7087399789265224
7559	FLOWER	0.41171366402081083	0.6902612021991185
7657	FLOWER	0.18198403077466146	0.396392149584634
7770	FLOWER	0.220316544175148	0.46145681398255484
7793	FLOWER	0.4689915350505284	0.7083197576659066
7797	FLOWER	0.3452040084770748	0.5738085848944527
8025	FLOWER	0.11989961670977729	0.29655031647000996
8049	FLOWER	0.17245271695511682	0.3745818776743753
8094	FLOWER	0.10490214398929051	0.27362204449517386
8419	FLOWER	0.3389487564563751	0.6038866213389805
8438	FLOWER	0.29381151710237774	0.5448521460805621
8468	FLOWER	0.19099220846380507	0.4285606954778944
8815	FLOWER	0.17677572263138636	0.38621816677706583
8878	FLOWER	0.33981218934059143	0.5628302863665989
9012	FLOWER	0.05159013132963862	0.1456227217401777
10886	FLOWER	0.2531849167176655	0.5034134473119464
11567	FLOWER	0.09348228893109731	0.26579558849334717
12020	FLOWER	0.11843449622392654	0.31161652718271526
12265	FLOWER	0.09801183428083148	0.24541938517774856
12377	FLOWER	0.060205722493784766	0.18009011234555924
16537	FLOWER	0.3364933856895992	0.5910353660583496
17898	FLOWER	0.0810098759829998	0.21519329931054795
18467	FLOWER	0.08948816465479988	0.23944886028766632
21363	FLOWER	0.1311358788183757	0.31353246314185007
27440	FLOWER	0.08391911323581423	0.24165242058890207
31219	FLOWER	0.3958951532840729	0.679089367389679
31276	FLOWER	0.22472393938473292	0.4525855098451887
31283	FLOWER	0.1784492571439062	0.36187590871538433
60998	FLOWER	0.2795552270753043	0.53459375670978
61523	FLOWER	0.304709792137146	0.5304006550993238
62351	FLOWER	0.089935871639422	0.26132600009441376
62465	FLOWER	0.1776758453675679	0.43010988405772616
251531	FLOWER	0.3399865669863565	0.5677583132471357
440917	FLOWER	0.31669231397765024	0.5737062862941197
637758	FLOWER	0.39146784799439566	0.6740796566009521
1549025	FLOWER	0.291027980191367	0.549199960061482
2733294	FLOWER	0.2779332271644047	0.5350087370191302
5281167	FLOWER	0.22912426505770003	0.46390060016087126
5281168	FLOWER	0.11624588072299957	0.32134632979120525
5318599	FLOWER	0.23458972999027797	0.42866097177777973
5352837	FLOWER	0.2530338636466435	0.46296907322747366
5364231	FLOWER	0.1584007122686931	0.3711399861744472
262	FLOWER	0.1274337981428419	0.3073532453605107
323	FLOWER	0.24906171432563237	0.47992169857025146
750	FLOWER	0.17945153372628347	0.4030460374695914
753	FLOWER	0.1317077332309314	0.31154386912073406
962	FLOWER	0.23147470397608622	0.4763775212424142
5862	FLOWER	0.10673090389796666	0.2641737759113312
5962	FLOWER	0.10325914727790016	0.2783646711281368
6274	FLOWER	0.1540011763572693	0.3785544676440103
6322	FLOWER	0.11514725003923688	0.3195564193384988
6669	FLOWER	0.5492434842245919	0.6265967062541417
7137	FLOWER	0.48474987915584017	0.7694626109940665
15654	FLOWER	0.10175351798534393	0.2608194521495274
62089	FLOWER	0.07998607946293694	0.2108017099755151
853433	FLOWER	0.34337692175592693	0.655006834438869
5371102	FLOWER	0.2820058635302952	0.5051002119268689
10857465	FLOWER	0.3593315439564841	0.48041473967688425
180	CHEMICAL	0.43373290981565205	0.7129091620445251
264	CHEMICAL	0.24556403500693186	0.5549759013312203
702	CHEMICAL	0.2074909167630332	0.5089321434497833
1031	CHEMICAL	0.26233396359852384	0.5656790137290955
3102	CHEMICAL	0.2868184468575886	0.5727723070553371
3314	CHEMICAL	0.19608238339424133	0.49676171796662466
6506	CHEMICAL	0.1742473053080695	0.4541418126651219
6544	CHEMICAL	0.4015627545969827	0.7151146701404026
6561	CHEMICAL	0.6028940677642822	0.8666307670729501
7092	CHEMICAL	0.15280885249376297	0.4845711077962603
7302	CHEMICAL	0.2963674919945853	0.6011284930365426
7476	CHEMICAL	0.26765199644224985	0.5642681206975665
7559	CHEMICAL	0.40615314245224	0.6719825778688703
7657	CHEMICAL	0.39616914306368145	0.6586272290774754
7770	CHEMICAL	0.2750073288168226	0.5921710474150521
7793	CHEMICAL	0.34768486448696684	0.6602029289518084
7797	CHEMICAL	0.11561594903469086	0.4287060967513493
8025	CHEMICAL	0.38797894545963835	0.6868646315165928
8049	CHEMICAL	0.15176784992218018	0.4266175925731659
8094	CHEMICAL	0.3235997089317867	0.6483131987707955
8419	CHEMICAL	0.17362263798713684	0.4327418974467686
8438	CHEMICAL	0.13783708214759827	0.4127425253391266
8468	CHEMICAL	0.1970999836921692	0.4757944004876273
8815	CHEMICAL	0.24544437655380794	0.5683147992406573
8878	CHEMICAL	0.16423754394054413	0.45714329395975384
9012	CHEMICAL	0.27299854159355164	0.593961272920881
10886	CHEMICAL	0.2043014190026692	0.49713077715465
11567	CHEMICAL	0.6520834990910122	0.8848616651126316
12020	CHEMICAL	0.37846692545073374	0.6832775729043143
12265	CHEMICAL	0.4242772843156542	0.7001760346548898
12377	CHEMICAL	0.24682676366397313	0.589371281010764
16537	CHEMICAL	0.3700785722051348	0.6514549510819572
17898	CHEMICAL	0.22632145030157907	0.5318257212638855
18467	CHEMICAL	0.20864565670490265	0.5101942930902753
21363	CHEMICAL	0.306304646389825	0.6295135021209717
27440	CHEMICAL	0.3299096056393215	0.6191872869219098
31219	CHEMICAL	0.31325575709342957	0.6058589901242938
31276	CHEMICAL	0.4752910775797708	0.7678351657731193
31283	CHEMICAL	0.17615034750529698	0.4452914978776659
60998	CHEMICAL	0.22115822349275863	0.5108678340911865
61523	CHEMICAL	0.32174867391586304	0.6234211070196969
62351	CHEMICAL	0.1786190484251295	0.5099549634116036
62465	CHEMICAL	0.2629797522510801	0.5714355281421116
251531	CHEMICAL	0.20080232407365525	0.49761369824409485
440917	CHEMICAL	0.46199823703084675	0.6968446459089007
637758	CHEMICAL	0.15192415033067977	0.5010467554841723
1549025	CHEMICAL	0.20075698835509165	0.47836307116917204
2733294	CHEMICAL	0.21856205591133662	0.5228704043797084
5281167	CHEMICAL	0.23205771616527013	0.5664867247853961
5281168	CHEMICAL	0.30667815038136076	0.6555377926145282
5318599	CHEMICAL	0.3949423687798636	0.7191118342535836
5352837	CHEMICAL	0.31517957363809856	0.622472984450204
5364231	CHEMICAL	0.17174381017684937	0.5007105895451137
262	CHEMICAL	0.3114116404737745	0.5922246660505023
323	CHEMICAL	0.23654194389070785	0.5509882313864571
750	CHEMICAL	0.1493178584745952	0.39263488565172466
753	CHEMICAL	0.24206129993711198	0.5302332426820483
962	CHEMICAL	0.18735486694744655	0.4708262767110552
5862	CHEMICAL	0.09872971262250628	0.39159095713070463
5962	CHEMICAL	0.18910755004201615	0.49666097334453035
6274	CHEMICAL	0.16436047745602472	0.4301874765327999
6322	CHEMICAL	0.2148937966142382	0.4949337584631784
6669	CHEMICAL	0.12375412881374359	0.3705620637961796
7137	CHEMICAL	0.1695819752556937	0.4510045519896916
15654	CHEMICAL	0.18174163358552115	0.4798210007803781
62089	CHEMICAL	0.43404440368924824	0.7554509724889483
853433	CHEMICAL	0.20171511386122024	0.5098573310034615
5371102	CHEMICAL	0.2736267106873648	0.5744525364467076
10857465	CHEMICAL	0.4270424885409219	0.7028238007000515
